1 2.543912000 0.002560590 5.610456487 392385.254046788 35
79.235623612 81.956054925 0.043400760 0.026393864 68.403698240 0.500000000 0.500000000
21
1 0.066689868 4.035138349 0.164956440 0.512008594 4.067709901 0.624437156
2 0.080759706 4.072345158 0.173654763 -1.000000000 4.116734214 0.625494980
4 -1.000000000 4.146758777 0.191051407 0.535281306 4.214782840 -1.000000000
8 0.165178734 4.295586015 0.225844696 0.566311589 4.410880090 0.631841922
16 0.277737439 4.593240490 0.295431275 0.628372154 4.803074592 0.640304512
32 0.502854848 5.188549440 0.434604431 0.752493283 -1.000000000 0.657229692
64 0.953089665 6.379167341 0.712950744 1.000735543 7.156241601 0.691080053
128 1.853559301 8.760403143 1.269643370 1.497220062 10.293797614 0.758780774
256 3.654498572 13.522874746 2.383028622 2.490189100 16.568909639 0.894182215
512 7.256377113 23.047817952 4.609799126 4.476127176 29.119133690 1.164985098
837 11.829074480 35.140031006 7.436753867 6.997337625 45.052035317 1.508777821
1024 14.460134196 42.097704364 9.063340133 8.448003329 54.219581791 1.706590865
1175 16.584679742 -1.000000000 10.376786797 9.619396491 61.622253009 1.866322253
1919 27.052639254 75.397798775 16.848338574 15.391029026 98.096341656 2.653343132
2048 28.867648363 80.197477188 17.970422148 16.391755634 104.420477994 2.789802397
2091 29.472651399 81.797369992 18.344450006 16.725331171 106.528523440 2.835288819
2537 35.747799171 98.391606984 22.223901743 20.185207663 128.393366903 3.307078217
3109 43.795746537 119.673901960 27.199342087 24.622538052 156.435273767 3.912153409
3863 54.404404430 147.727836246 33.757877086 30.471746292 193.399605541 -1.000000000
3984 -1.000000000 152.229860183 34.810374082 31.410412336 199.331547377 4.837749201
4096 57.682676696 156.397022836 35.784586177 32.279260245 204.822270399 4.956225462
34
430.179200134 29 34
1399.833297097 3 27
1823.569333785 2 16
1999.948364997 114 18
2525.184586672 6 26
2874.886596509 29 68
3119.989584967 3539 42
3295.660808800 1 5
4105.429426536 1 16
4794.954971640 1 50
6267.784411359 154 34
6355.894869947 169 13
9328.305146210 26 2
9444.350061396 4 26
12576.397844869 279 38
14068.676465809 1 52
14537.327543093 26 2
15110.071636057 666 67
15444.217582365 1303 39
15527.637741380 353 45
15773.561881481 2455 40
17017.044557805 8 19
19000.689521540 35 1
19086.146062542 17 1
19206.268032197 8 50
19824.161575868 2451 1
19844.770656253 2580 67
21549.008289975 3 32
21851.077011092 3232 16
22495.730692244 1825 44
22869.124890515 4 49
24034.317071338 46 45
24524.158466813 130 56
25637.111048675 18 53
