1 3.632647191 0.004117039 0.069894535 41.024871098 61
147.008882343 45.163872553 0.585451789 0.033018278 249.702548619 0.250000000 0.750000000
21
1 0.175874230 3.941304541 0.339119385 0.837983747 16.163227164 0.882571940
2 0.182689878 4.040597101 0.356296645 0.841565644 16.203329414 0.888552039
4 0.196321173 4.239182220 0.390651165 0.848729438 16.283533915 0.900512238
8 0.223583765 4.636352459 0.459360205 0.863057027 16.443942915 0.924432634
16 0.278108949 5.430692937 0.596778286 0.891712205 -1.000000000 0.972273427
32 0.387159316 -1.000000000 0.871614448 0.949022560 -1.000000000 1.067955014
64 -1.000000000 10.196735802 1.421286772 1.063643270 -1.000000000 -1.000000000
128 1.041461520 16.551459623 2.520631419 1.292884690 21.256212922 1.642044532
256 -1.000000000 29.260907265 4.719320713 1.751367530 26.389300930 2.407497222
512 3.658670337 54.679802549 9.116699302 2.668333211 36.655476946 3.938402603
817 5.737442965 84.964033258 14.355763637 3.760811854 48.886663215 5.762332843
1024 7.148282092 105.517593116 17.911456480 4.502264573 -1.000000000 7.000213366
1134 7.898003368 116.439774684 -1.000000000 4.896273264 61.599076484 7.658024272
1825 12.607616108 -1.000000000 31.670441830 7.371364222 89.309731277 -1.000000000
1942 13.405046919 -1.000000000 33.680181263 7.790446194 94.001694534 12.489944381
2048 14.127505603 207.193174252 35.500970835 8.170127296 -1.000000000 13.123834891
2080 14.345606338 210.370536162 36.050643159 8.284748006 99.535805043 13.315198063
2494 17.167284593 251.477655879 43.162028846 9.767653443 -1.000000000 15.790959109
2870 -1.000000000 288.811658327 -1.000000000 11.114446786 131.216582592 18.039476388
3403 23.362708588 341.734592648 58.776158288 -1.000000000 152.591081875 21.226869232
4096 28.085952624 410.544336522 70.679999546 15.505852742 180.381941168 25.371077940
44
5.969267335 233 46
60.631827989 6 36
91.800902471 112 35
122.438129715 1951 8
161.056394281 48 78
161.561516229 3 43
174.935280764 5 14
281.600407447 7 30
287.009222051 630 56
291.944495217 20 111
300.378669220 85 41
336.927294243 44 104
346.581223292 2 111
404.016603642 96 70
423.696506796 576 87
462.721670461 11 76
467.117164539 74 11
721.420533841 25 101
737.715705353 796 12
766.947525097 477 125
789.299061092 61 66
834.379159328 2 30
848.842287236 8 50
849.729238015 14 46
859.742286421 3368 53
860.936176782 54 63
868.518025343 3038 30
895.986118482 83 79
897.737831088 3874 74
904.438675167 580 19
908.361635625 1 116
912.344791972 3 26
952.922103252 2814 121
984.998504202 3003 42
992.088165959 1193 110
1019.930038306 28 73
1030.036506263 15 31
1052.831161060 346 75
1054.835246777 487 55
1059.795716537 344 59
1067.401694193 25 123
1080.086315548 1558 21
1090.147628516 6 116
1127.926305332 18 109
