6 7.903937290 0.111594440 0.030793769 6.910535946 29
73.892955938 115.106070758 0.938733382 0.024064045 534.924267695 0.250000000 0.750000000
21
1 0.369909408 4.860403855 0.248165138 0.886729528 14.001111928 0.956765945
2 0.385393084 4.984202804 0.258923985 0.891915259 14.010682630 0.957739533
4 0.416360436 5.231800702 0.280441679 0.902286719 14.029824033 0.959686710
8 0.478295139 5.726996499 0.323477068 0.923029641 14.068106840 0.963581064
16 0.602164545 6.717388092 0.409547844 0.964515484 14.144672453 0.971369772
32 0.849903357 8.698171279 0.581689398 1.047487170 14.297803680 0.986947188
64 1.345380982 -1.000000000 0.925972504 1.213430543 14.604066134 1.018102020
128 2.336336231 20.582870398 1.614538718 1.545317288 15.216591041 1.080411683
256 4.318246729 36.429135890 2.991671145 2.209090779 16.441640856 1.205031009
373 6.129836794 50.913612942 4.250456253 2.815821235 17.561412952 1.318940863
439 7.151759395 59.084343587 4.960540161 3.158079441 18.193079262 1.383197703
512 8.282067726 68.121666875 5.745935998 3.536637759 18.891740485 1.454269663
907 -1.000000000 117.022251794 9.995680596 5.585001265 22.672167647 1.838837116
1024 16.209709720 131.506728845 11.254465705 6.191731721 23.791939743 1.952746969
1126 17.789044648 144.134221660 12.351868108 6.720676221 24.768151314 2.052052995
1206 -1.000000000 -1.000000000 13.212575874 7.135534652 25.533807448 2.129940074
1279 20.158047041 163.075460881 13.997971711 7.514092971 26.232468670 2.201012034
2048 32.064993707 258.276852786 22.271525119 11.501919644 33.592338260 2.949701582
2262 35.378500321 284.769827906 24.573918395 12.611665948 35.640468418 3.158049518
3555 55.398893090 -1.000000000 38.485107674 19.316815347 48.015385686 4.416899435
4096 63.775561681 511.817100666 44.305643947 22.122295490 53.193135293 4.943610807
36
1.158471048 190 74
1.191124198 1 28
1.298729146 151 2
2.365259745 264 78
3.789924288 46 93
4.269551809 207 66
4.354671591 41 29
5.777866188 117 39
6.014777013 1 67
6.536747612 10 2
6.906203461 1 34
6.973950967 108 80
7.128849699 1086 88
7.386256174 8 5
8.096191362 31 82
9.731737301 3831 74
11.177121674 12 98
11.709264745 1862 91
12.049100606 149 32
12.397261902 2606 23
12.709332101 3 91
13.011224092 282 93
13.084569380 26 28
13.126927593 3 42
13.198974228 15 33
14.658148001 1 31
15.829685816 147 78
19.595267669 1 35
20.164472514 23 47
21.003251212 11 87
21.734915922 142 98
22.999542837 3797 43
23.423338356 224 75
23.903385144 15 56
23.912406692 840 50
24.187411534 1 31
