7 1.566441294 22.212408736 8.243550257 108.310494146 26
436.352971578 483.236089926 0.940033425 0.014277218 198.844719423 0.500000000 0.500000000
21
1 0.337688065 2.558383282 0.276782859 0.394021809 18.030210112 0.807187796
2 0.350877863 2.627753184 0.292077508 0.399334369 18.068721841 0.810681514
4 0.377257459 2.766492987 0.322666808 0.409959487 18.145745298 0.817668949
8 0.430016651 3.043972594 0.383845407 0.431209725 18.299792212 0.831643819
16 0.535535034 3.598931807 0.506202605 0.473710199 18.607886040 0.859593558
32 -1.000000000 4.708850234 -1.000000000 0.558711148 19.224073697 0.915493038
64 1.168645332 6.928687088 -1.000000000 0.728713047 20.456449009 1.027291997
128 2.012792397 11.368360795 2.219203378 1.068716844 22.921199635 1.250889916
256 3.701086527 20.247708210 4.176918547 1.748724438 27.850700886 1.698085752
283 4.057211070 22.120695555 4.589874091 1.892163540 28.890517556 1.792416124
512 7.077674786 38.006403039 8.092348886 3.108739626 37.709703387 2.592477426
906 12.274455154 65.338144299 14.118440891 5.201888000 52.883324425 3.969002111
924 12.511871516 66.586802530 14.393744587 5.297514068 53.576535539 4.031889025
1024 13.830851304 -1.000000000 15.923209563 -1.000000000 57.427708391 4.381260773
2048 -1.000000000 -1.000000000 31.584930917 11.268830752 96.863718398 -1.000000000
2477 32.995627635 174.318259833 38.146335664 13.547918704 113.385249934 9.457632263
2506 33.378131773 176.329986982 38.589880507 13.701982924 114.502090061 9.558950070
2673 35.580828021 187.914760562 41.144087017 14.589180332 120.933548724 10.142400888
3736 49.601583175 261.654966044 57.402299712 20.236430897 161.871516144 13.856222564
3909 51.883418209 273.655959034 60.048274120 21.155503660 168.534045178 14.460635687
4096 54.349910414 286.628130648 62.908373626 22.148952254 175.735738412 15.113960854
44
11.084293884 5 6
17.779348514 1456 15
35.360121048 3199 112
45.404505733 1 29
53.248146571 211 45
69.719321034 81 41
72.310263367 2052 92
80.822906204 2469 76
82.578371299 4 51
85.091368266 44 64
90.321538386 26 56
98.619242558 9 116
101.407769119 1634 122
111.670423019 186 47
118.222306452 2955 59
121.753316137 800 16
133.684612811 41 20
142.762347601 362 91
155.125430325 1364 79
173.325148723 7 15
174.906049913 469 92
186.194508439 2 33
189.193498616 39 60
195.531122304 477 17
198.203452041 13 111
214.881497459 142 22
223.472166451 273 55
239.918285300 1 87
249.697200260 3 66
251.143803541 5 58
255.139785031 8 108
276.794503284 777 5
288.111781637 492 37
295.857417766 3 87
297.634004470 6 47
303.035598462 505 76
316.589087435 20 9
317.559490699 353 19
318.857906247 152 118
321.784887058 42 68
327.458657053 1358 108
359.724137051 73 21
374.803712336 1 88
379.137251130 34 107
