8 9.372452788 0.005469540 0.006821618 2.729967380 34
571.417562384 65.546665190 0.041026254 0.026417051 6.824916454 0.000000000 1.000000000
21
1 0.485515373 2.910441254 0.130149422 0.988992712 6.847802363 0.832710850
2 0.489462061 2.937504768 0.141755256 0.995842079 6.873916720 -1.000000000
4 0.497355438 2.991631796 0.164966924 1.009540814 -1.000000000 0.862370795
8 0.513142191 3.099885852 0.211390260 1.036938282 7.030602862 0.901917389
16 0.544715698 3.316393965 0.304236932 1.091733220 7.239517719 0.981010577
32 0.607862712 3.749410191 0.489930275 1.201323095 7.657347433 1.139196953
47 0.667063037 4.155362902 0.664017785 -1.000000000 8.049062790 -1.000000000
64 0.734156739 4.615442642 0.861316963 1.420502845 8.493006860 1.455569704
128 0.986744795 6.347507544 1.604090338 1.858862346 -1.000000000 2.088315207
256 -1.000000000 9.811637348 3.089637087 2.735581346 -1.000000000 3.353806214
467 2.324672149 -1.000000000 5.538468058 4.180797824 19.017092775 5.439889044
512 2.502273125 16.739896957 6.060730587 4.489019348 20.192238845 5.884788226
1024 4.522977566 -1.000000000 12.002917586 7.995895351 33.562789684 10.946752252
1667 7.060698182 47.998255738 19.465468836 12.400038456 50.354321304 -1.000000000
2048 8.564386447 58.309454608 23.887291584 -1.000000000 60.303891362 21.070680302
2454 10.166741922 69.297241331 28.599260181 17.790490437 70.906320348 -1.000000000
3287 13.454333327 91.841148573 -1.000000000 23.496013310 -1.000000000 -1.000000000
3305 13.525373717 92.328291827 38.475824899 23.619301919 -1.000000000 33.498197450
3320 13.584574043 92.734244538 38.649912409 23.722042427 93.521353603 33.646497177
4087 16.611684015 113.491959850 47.551587074 28.975507064 113.551065504 41.229556566
4096 16.647204211 113.735531477 47.656039580 29.037151369 113.786094718 41.318536403
7
2435.254066486 2812 88
2759.930278649 131 24
5028.841938532 567 120
5569.499140157 1225 119
5709.463818306 42 58
11553.786706266 865 60
16280.047350609 2012 99
