6 6.492802810 21.667030078 0.103093620 7.969776340 33
480.602751402 197.754282917 0.088652042 0.014782427 221.407657881 0.500000000 0.500000000
21
1 0.198814229 2.782993291 0.291531119 0.364470374 1.932680620 0.234095078
2 0.204160213 3.013783914 0.302381771 0.370397477 1.945634190 0.235206937
4 0.214852182 3.475365160 0.324083074 0.382251684 1.971541328 0.237430654
8 0.236236118 4.398527653 0.367485680 0.405960098 2.023355606 0.241878089
16 0.279003991 6.244852638 0.454290893 -1.000000000 2.126984161 0.250772957
32 0.364539738 9.937502609 0.627901318 0.548210582 2.334241271 0.268562695
64 0.535611231 17.322802550 0.975122168 -1.000000000 2.748755492 0.304142171
128 0.877754216 32.093402432 1.669563868 1.117212517 3.577783933 0.375301122
256 1.562040187 61.634602195 3.058447269 1.875881764 5.235840815 0.517619024
512 -1.000000000 120.717001723 5.836214070 3.393220258 8.551954580 -1.000000000
648 3.657665972 -1.000000000 7.311902683 4.199306332 10.313640017 0.953467600
734 4.117420608 171.952520063 -1.000000000 4.709037233 -1.000000000 1.049087440
836 -1.000000000 195.493163625 9.351825178 5.313601789 12.748911063 1.162497019
1024 5.667756011 238.881800777 11.391747672 6.427897245 15.184182109 1.371526438
1213 6.678147014 282.501228554 13.442520819 7.548119805 17.632406724 1.581667715
1277 7.020290000 297.271828435 14.136962519 7.927454428 18.461435165 1.652826666
1864 10.158382694 432.745924227 20.506294989 11.406664177 26.065180399 2.305487671
2048 11.142043777 475.211398887 22.502814877 12.497251220 28.448637167 2.510069656
2981 16.129846985 690.539050290 32.626472789 18.027238777 40.534317411 -1.000000000
3390 18.316354501 784.932415160 37.064389280 20.451424104 45.832327292 4.002183912
4096 22.090619308 947.870595106 44.724949287 24.635959169 54.977547284 4.787156092
42
359.794575820 2307 127
675.304818277 113 82
1576.724653143 1956 145
2026.992525002 6 130
2938.912388624 1 27
4968.787199965 39 21
5010.591613480 105 137
7034.185187167 20 132
7186.077842384 374 1
8109.533417825 83 172
9000.319500537 474 53
11614.729713511 2253 121
12790.396100361 13 152
13000.177405986 15 102
13001.673193410 3 70
13201.888932467 2752 141
14161.255552661 282 34
14453.684009240 134 69
14762.469013790 2 81
15504.468907679 321 62
16648.528002337 82 65
19045.998459176 4 29
20323.828221482 1362 164
20599.552081374 25 97
26360.837697782 36 42
27512.481547700 2746 88
27793.780383177 1 81
28100.374305259 1171 85
28418.050787902 234 3
28861.823500791 2136 34
30881.117999377 65 138
31759.525487535 5 104
32370.996059430 65 4
33194.128599785 1 132
35043.513984162 1576 168
37832.941759350 7 166
38808.995331394 18 96
39077.909042164 3760 111
40053.755278635 180 85
41197.320976268 700 149
44494.908772694 4 175
44927.295662166 85 76
