7 4.293415490 5.735345836 0.001999501 10592.656881483 43
10724.751349331 655.693352344 0.003524956 0.001650824 101.576058471 0.500000000 0.500000000
21
1 0.471092253 1.062832032 0.173192289 0.429282688 11.806392835 0.679751622
2 0.473792424 -1.000000000 0.190182883 0.433281950 11.823706536 0.680893073
4 0.479192765 1.677861253 0.224164072 0.441280475 11.858333938 0.683175976
8 0.489993448 2.497900214 0.292126451 0.457277525 11.927588743 0.687741781
16 0.511594813 4.137978136 0.428051207 0.489271626 12.066098351 -1.000000000
32 0.554797544 7.418133980 0.699900721 0.553259827 12.343117569 0.715136614
64 0.641203006 13.978445669 1.243599747 0.681236228 12.897156004 0.751663058
128 0.814013929 27.099069046 2.330997800 0.937189032 14.005232875 0.824715946
174 0.938221780 36.529517098 3.112565150 1.121155110 14.801663126 0.877222709
256 1.159635775 53.340315800 4.505793906 1.449094639 16.221386617 0.970821722
512 1.850879468 105.822809308 8.855386117 2.472905853 -1.000000000 1.263033274
766 2.536722820 157.895283336 -1.000000000 3.488718542 -1.000000000 1.552961923
1024 3.233366854 210.787796325 17.554570541 -1.000000000 29.518309065 1.847456377
1081 3.387276583 -1.000000000 18.523034431 4.748486247 30.505190028 1.912519106
1898 5.593316025 389.966309318 32.404350201 8.015883754 44.650483831 2.845084878
2048 5.998341626 420.717770358 34.952939387 8.615773138 47.247538996 3.016302585
2931 -1.000000000 601.741371013 49.955634398 12.147121974 62.535537072 4.024204148
3137 8.938827492 643.973377508 53.455696881 12.970970060 66.102159500 4.259343131
3630 10.270011635 745.043179460 61.832060007 14.942606500 -1.000000000 4.822078659
3932 11.085463179 806.956121020 66.963219570 16.150383791 79.866551878 -1.000000000
4096 11.528291170 840.577718424 69.749677080 16.806262850 82.705998859 5.353994999
59
16.281929912 25 121
81.892389537 248 26
134.799272582 23 44
220.677367176 30 63
234.332385679 1 31
289.561956996 40 132
457.236284654 471 62
521.713610570 71 83
950.655309879 51 21
1080.864417111 15 39
1262.510837752 27 106
1289.188922702 9 50
1327.111176741 777 69
1330.301964023 3 2
1361.243117122 7 40
1369.041291668 461 52
1389.582680145 16 65
1447.163851349 238 95
1494.062294676 1 76
1559.606973303 2373 158
1665.864515689 752 102
1666.816165695 1 101
1766.066622226 46 31
1781.223922044 2218 58
1802.583265225 124 50
1806.483511707 548 20
1841.172982546 3 44
1954.553674994 22 139
1976.426751967 4 48
2056.625580684 48 83
2128.355500143 25 15
2165.105096705 296 86
2195.286305902 501 154
2198.695700163 4 53
2209.661868181 16 48
2375.451149031 148 62
2402.310127454 5 18
2453.509521150 32 88
2472.279064018 4087 131
2529.864780632 4 140
2670.631752221 3 29
2764.099411474 34 75
2888.579691095 11 148
2973.262662452 3 100
3029.648600210 2634 31
3071.707001812 1 107
3074.988865253 119 120
3106.355889576 3290 20
3107.192095963 400 46
3204.275622587 49 151
3214.713175466 3827 148
3219.680790349 4 109
3221.975352481 18 98
3263.052505273 46 31
3334.030770593 335 120
3396.056633313 8 135
3454.562463394 479 152
3463.219308784 453 38
3482.900586689 2 17
