2 8.793268906 0.049409815 33.327530600 278.548765082 7
210.479396629 251.872078291 0.396142272 0.028396634 94.664442937 0.500000000 0.500000000
21
1 0.117398408 4.588246748 0.489955200 0.470048531 7.350068462 0.394813748
2 0.120419099 4.710167896 0.499609562 0.479464447 7.373846908 0.395770185
4 0.126460479 4.954010191 0.518918287 0.498296279 7.421403800 -1.000000000
8 0.138543241 5.441694782 0.557535738 0.535959942 7.516517585 0.401508802
16 0.162708764 6.417063964 0.634770638 -1.000000000 7.706745154 -1.000000000
32 0.211039810 8.367802327 -1.000000000 0.761941922 8.087200293 0.424463271
64 0.307701903 12.269279053 1.098180040 1.063251229 8.848110571 0.455069230
128 0.501026089 20.072232506 1.716059242 1.665869842 10.369931126 -1.000000000
256 0.887674460 35.678139411 2.951817648 2.871107069 13.413572237 0.638704984
512 1.660971202 66.889953222 5.423334458 5.281581523 19.500854459 0.883552656
1024 3.207564687 129.313580843 10.366368079 10.102530430 31.675418902 1.373248000
1925 5.929206737 239.164534919 -1.000000000 18.586270597 53.099798909 2.234997032
1995 6.140655065 247.699015258 19.740754106 19.245384705 54.764290141 2.301947568
2048 6.300751656 254.160836086 20.252435320 19.744428244 56.024547789 2.352638687
2685 8.224931441 331.824607170 26.402264259 25.742366631 71.171418004 2.961888558
2714 8.312531462 335.360320453 26.682240773 26.015428190 71.860992944 2.989625208
2796 8.560228075 345.357854564 27.473898501 26.787533288 73.810825530 3.068052978
2857 8.744490189 352.795044574 28.062814616 27.361904154 75.261310747 3.126395588
3695 11.275828744 -1.000000000 36.153170425 35.252441623 95.187648645 3.927889138
3725 11.366449456 458.622600776 36.442801301 35.534919098 95.901002030 -1.000000000
4096 12.487125595 503.855346572 40.024569804 39.028223873 104.722805562 4.311420062
13
4.307670292 1 102
5.679421087 10 118
22.612219830 27 17
66.734703408 136 162
103.516104205 72 73
117.169319666 29 160
124.730815647 182 68
134.449080178 6 24
135.519302853 3 73
184.871468666 37 154
185.640424679 337 73
188.003681701 907 194
202.116501569 4 20
