8 1.960088198 0.003409741 0.004260692 340.670282424 19
22744.169761655 136.138666837 0.001517804 0.000625417 0.000000000 0.500000000 0.500000000
21
1 0.412666244 1.965729707 0.434477178 0.189043471 9.880771876 0.138970914
2 -1.000000000 2.208207937 0.440941085 0.190093178 9.922554354 0.146985142
4 0.430671772 2.693164398 0.453868901 0.192192590 10.006119310 0.163013599
8 0.454679142 3.663077319 0.479724532 0.196391414 10.173249223 0.195070513
16 0.502693882 5.602903162 -1.000000000 0.204789062 10.507509048 0.259184340
32 0.598723362 9.482554847 0.634858317 -1.000000000 11.176028699 0.387411995
64 0.790782322 17.241858217 0.841703364 0.255174951 -1.000000000 0.643867304
128 1.174900242 32.760464958 1.255393457 0.322356137 15.187146603 1.156777922
154 1.330948147 39.064898947 1.423455058 0.349648494 16.273491035 1.365147860
256 1.943136082 63.797678440 2.082773645 0.456718509 -1.000000000 2.182599158
318 2.315250316 78.831328720 2.483535923 0.521800283 23.125817454 2.679481319
512 3.479607761 125.872105403 3.737534020 0.725443253 31.231618218 4.234241630
565 3.797705414 138.723451610 -1.000000000 0.781077673 33.446089561 4.658995736
753 -1.000000000 184.309358911 5.295335779 0.978422407 41.301195457 6.165670677
1024 6.552551121 250.020959330 -1.000000000 1.262892741 52.624247040 8.337526575
1173 7.446825653 286.150215648 8.010177019 1.419298940 58.849836286 9.531646608
2048 12.698437839 498.318667183 13.666096269 2.337791717 95.409504682 16.544096465
3039 18.646263756 -1.000000000 20.071828814 3.378050394 136.815940545 24.486196817
3107 19.054389045 755.103113097 20.511374538 3.449430405 -1.000000000 -1.000000000
3994 24.378023342 -1.000000000 26.244860681 4.380519654 -1.000000000 32.139784947
4096 24.990211277 994.914082888 26.904179268 4.487589670 180.980019967 32.957236244
1
3027.213617252 3087 3
