4 9.731920100 0.936098939 12.214601569 44.578254446 6
347.171051571 266.603793975 0.193678791 0.022665928 39.163917540 0.500000000 0.500000000
21
1 0.420560819 2.938064381 0.177352111 0.091008917 11.675785939 0.103696082
2 0.436070128 3.219778871 0.190827083 -1.000000000 11.694480401 0.109346500
4 -1.000000000 3.783207850 -1.000000000 0.112218182 11.731869325 -1.000000000
8 0.529125985 4.910065810 0.271676919 -1.000000000 11.806647173 0.143249007
16 0.653200461 7.163781729 0.379476700 0.197055243 11.956202870 0.188452349
32 0.901349412 11.671213568 0.595076262 0.310171324 12.255314264 0.278859033
64 1.397647314 20.686077245 1.026275386 0.536403486 12.853537052 0.459672401
128 2.390243119 38.715804599 1.888673634 0.988867810 -1.000000000 0.821299137
256 4.375434728 -1.000000000 3.613470131 -1.000000000 16.442873780 1.544552609
512 8.345817947 146.894168722 7.063063123 3.703653756 21.228656084 2.991059554
778 12.471294260 221.830223037 -1.000000000 5.584208603 26.201383008 4.494070676
887 14.161808989 252.537102437 12.116177858 6.354811906 28.239079380 -1.000000000
975 15.526628221 277.327977548 13.301975449 6.976950352 29.884192047 5.607202973
1024 16.286584384 291.131987554 13.962249108 -1.000000000 30.800220691 5.884073443
2048 32.168117258 579.607625216 27.760621078 14.562797538 49.943349905 11.670101221
2341 36.712344926 662.149970759 31.708788058 16.634235772 55.420827307 13.325673622
2417 37.891052444 683.560271991 32.732885977 17.171537157 56.841606428 13.755105371
2820 44.141304152 797.091211423 38.163299946 20.020648449 64.375474664 16.032223725
3105 48.561457344 877.379841046 42.003667145 22.035528643 69.703396369 -1.000000000
3754 58.626999176 1060.212544994 50.748924380 26.623799681 81.836102287 21.309713906
4096 63.931183007 1156.558900542 55.357365018 29.041655914 88.229608333 23.242156777
5
48.665199444 69 185
522.787747375 1643 239
1186.451312822 208 97
1199.352340772 2 5
1534.727058090 7 127
