4 6.093264575 0.337503860 36.958061914 31078.116888076 5
1070.227322537 171.808553536 0.049390905 0.012114585 0.000000000 0.250000000 0.750000000
21
1 0.440787915 4.392809730 0.105640010 0.321262967 2.649474753 0.293395924
2 0.452241920 4.529966753 0.112450342 0.325602612 2.696575962 0.295821380
4 0.475149930 4.804280800 0.126071006 0.334281903 2.790778378 0.300672291
8 0.520965951 5.352908893 0.153312332 0.351640485 2.979183211 0.310374113
16 0.612597993 -1.000000000 0.207794986 0.386357649 3.355992877 0.329777757
32 0.795862076 8.644677452 0.316760293 0.455791977 4.109612209 0.368585044
63 1.150936237 12.896545174 0.527880576 0.590320988 5.569749665 0.443774164
64 1.162390243 13.033702198 0.534690908 0.594660633 5.616850873 0.446199620
128 1.895446576 -1.000000000 -1.000000000 0.872397946 8.631328201 0.601428771
232 3.086663117 36.076082111 1.678826634 1.323721078 -1.000000000 0.853676142
256 3.361559242 39.367850670 1.842274595 1.427872570 14.660282858 0.911887074
261 3.418829268 40.053635787 1.876326254 1.449570797 14.895788899 0.924014351
512 6.293784575 74.480048633 3.585719512 -1.000000000 26.718192171 1.532803678
644 -1.000000000 92.584775708 4.484683297 3.111655025 32.935551660 1.852963803
729 8.779303705 104.243122688 5.063561492 3.480524893 36.939154362 2.059127519
1024 12.158235241 144.704444560 7.072609345 4.760720316 50.834010797 2.774636888
2048 23.887136572 285.153236413 14.046389012 9.204517311 99.065648048 -1.000000000
2270 26.429925728 315.602095585 15.558282651 10.167918613 109.522116281 5.796754425
2831 32.855622649 -1.000000000 19.378878738 -1.000000000 135.945894111 7.157434953
3371 39.040785460 -1.000000000 -1.000000000 14.945868312 161.380546568 -1.000000000
4096 47.344939235 566.050820120 27.993948345 18.092111301 195.528922552 10.225636145
1
29255.812848760 3788 11
