2 8.025715164 0.003090250 41.692755435 109.118382422 29
79.874880994 214.743718858 0.403652755 0.033780059 134.287042027 0.400000000 0.600000000
21
1 0.074265873 2.469372899 0.156638971 0.577266917 3.519816919 0.444030507
2 0.089792930 2.566318127 0.165746484 0.585660517 3.526850756 0.450251970
4 0.120847045 -1.000000000 0.183961510 0.602447718 3.540918431 0.462694895
8 0.182955274 3.147989494 0.220391562 0.636022119 3.569053780 0.487580746
16 0.307171732 3.923551317 0.293251666 0.703170920 3.625324479 0.537352448
32 -1.000000000 -1.000000000 0.438971874 0.837468524 3.737865877 0.636895852
64 1.052470480 8.576922255 -1.000000000 1.106063730 3.962948672 0.835982660
128 2.046202143 14.781416838 -1.000000000 1.643254144 4.413114262 1.234156276
256 -1.000000000 27.190406005 2.479054792 2.717634971 -1.000000000 2.030503508
512 8.008592126 52.008384339 4.810578126 -1.000000000 7.114107804 3.623197973
712 11.114003575 71.397429912 6.632080731 6.545116669 8.520875273 4.867490523
957 -1.000000000 95.149010739 8.863421421 8.601548721 10.244165423 6.391748897
1024 15.958445436 101.644341006 9.473624794 9.163919935 10.715432526 -1.000000000
2048 31.858152057 200.916254341 -1.000000000 17.758966553 17.918081970 13.179364758
2223 34.575387075 217.881669217 20.393532910 19.227846590 19.149003506 14.268120739
2373 36.904445662 232.423453397 21.759659863 20.486886622 20.204079108 15.201340151
2563 39.854586539 250.843046692 23.490087338 22.081670663 21.540508204 16.383418074
3024 47.012559930 295.534796738 27.688650842 25.951120361 24.783107221 -1.000000000
3351 52.089907649 327.235886250 30.666807601 28.695827631 27.083172034 21.285930722
3911 60.785059707 381.525213855 35.767014894 33.396243750 31.022120948 24.769949862
4096 63.657565298 399.460081010 37.451904803 34.949059790 32.323380858 25.920920471
10
23.326074235 2708 51
68.104806357 646 107
83.216793666 630 121
100.430658286 1 8
171.788913964 50 111
251.585640693 7 124
307.991000936 3 61
398.705280153 6 72
400.023495547 363 41
459.640293112 1 125
