1 6.907612770 0.001058311 0.038270555 299814.216657954 63
63757.609308894 1239.542986970 0.003736394 0.001759827 1.340190703 0.000000000 1.000000000
21
1 0.430289274 3.769603748 0.316419208 0.730872999 10.985038095 0.085078030
2 0.449746735 3.802056352 -1.000000000 0.733667739 11.013289744 0.088445882
4 0.488661657 3.866961558 0.325833507 0.739257217 11.069793041 -1.000000000
8 0.566491499 3.996771972 0.338385905 0.750436175 11.182799634 -1.000000000
16 0.722151185 -1.000000000 0.363490702 0.772794090 11.408812822 0.135595814
23 0.858353410 4.483561021 0.385457400 0.792357266 11.606574361 0.159170780
32 1.033470557 4.775634451 0.413700296 0.817509920 11.860839197 0.189481450
64 -1.000000000 5.814117757 0.514119484 0.906941580 12.764891948 -1.000000000
128 2.901386786 7.891084369 0.714957859 1.085804900 14.572997450 0.512795267
256 5.391941758 12.045017592 1.116634610 1.443531540 18.189208452 0.943880357
512 -1.000000000 20.352884039 1.919988112 2.158984821 25.421630458 1.806050537
1024 20.335271590 36.968616933 3.526695115 3.589891381 39.886474470 3.530390896
1393 27.515074596 -1.000000000 -1.000000000 4.621150211 50.311332752 4.773128381
2048 40.259711367 70.200082720 6.740109122 6.451704502 68.816162493 6.979071615
2074 40.765605346 71.043850407 6.821699712 6.524367726 69.550705353 7.066635773
2148 42.205457439 73.445343051 7.053919084 6.731178440 71.641327339 7.315856841
2535 49.735494737 86.004500532 8.268363635 7.812742579 82.574715293 8.619215667
3162 61.935322608 106.352282806 10.235952094 9.565044168 100.288498878 10.730859037
3168 62.052067373 106.546998426 10.254780692 9.581812604 100.458008768 10.751066150
3199 62.655248655 107.553029128 10.352061780 9.668449525 101.333809871 10.855469571
4096 80.108590920 136.663014296 13.166937136 12.175330745 126.675538539 13.876433052
4
84.777810971 218 111
89.921163008 842 126
296.326485978 220 147
398.373265575 2 8
