2 6.000379767 0.050456734 0.003614630 345757.101424233 62
396328.183160060 8299.228238948 0.000255611 0.000127228 5.356670399 0.500000000 0.500000000
21
1 0.231870778 2.036184639 0.261409401 0.251372244 15.585766380 0.690652239
2 0.250286343 2.161214397 0.271509049 0.253285109 15.611390431 0.698930917
4 0.287117472 2.411273913 0.291708345 0.257110839 15.662638533 0.715488272
8 0.360779730 2.911392945 0.332106937 0.264762299 -1.000000000 0.748602983
16 0.508104247 3.911631009 0.412904121 0.280065219 15.970127148 0.814832403
32 0.802753280 5.912107138 0.574498488 0.310671059 16.380111968 0.947291245
64 1.392051346 9.913059395 0.897687224 0.371882738 17.200081607 1.212208929
128 2.570647478 17.914963908 1.544064695 0.494306097 18.840020885 -1.000000000
256 4.927839743 33.918772935 2.836819638 -1.000000000 22.119899442 -1.000000000
463 8.739861608 59.799932846 4.927446771 1.135115866 27.424078046 -1.000000000
512 9.642224272 65.926390989 5.422329523 1.228846250 28.679656556 4.921056501
626 -1.000000000 80.179783404 -1.000000000 1.446912858 -1.000000000 5.864825749
774 14.467102189 98.684187591 8.068437295 1.730016876 35.393157978 7.090070036
922 17.192605745 117.188591779 9.563185198 2.013120893 39.185517559 8.315314324
1024 19.070993331 129.941627097 10.593349292 2.208233121 41.799170784 9.159739441
2048 37.928531448 257.972099314 -1.000000000 4.167006863 68.038199241 17.637105319
2096 38.812478547 263.973527699 21.420171935 4.258824382 69.268153700 18.034481845
2514 -1.000000000 -1.000000000 25.641824794 5.058401945 79.979007112 21.494969089
3422 63.231517163 429.762986839 34.812305167 6.795283349 103.245645626 29.012008364
3812 70.413587344 478.524592468 38.751167882 7.541300692 113.239025605 32.240692634
4096 75.643607682 514.033043747 41.619467910 8.084554347 120.516256153 34.591837077
10
634.762876012 43 89
1038.023764975 2 91
1111.044617368 807 85
3491.041058777 602 24
3783.991988244 22 33
3964.034270041 5 101
4488.477348784 64 77
5019.519770074 4 87
5101.703453031 246 30
5329.455710549 1096 86
