2 6.667825886 6.230195771 0.202276408 98899.836832521 60
5561.170808829 195.412842054 0.054649652 0.013135692 12.308517053 0.400000000 0.600000000
21
1 0.409003376 4.645064734 0.077537904 0.408282717 6.433535339 0.119158228
2 0.425578186 4.794339812 0.089904985 0.409271281 6.453303398 0.125788102
4 0.458727805 -1.000000000 -1.000000000 0.411248410 6.492839517 0.139047852
8 0.525027045 5.689990285 0.164107468 0.415202667 6.571911754 0.165567350
16 0.657625523 6.884190914 0.263044113 0.423111182 6.730056228 0.218606346
32 0.922822480 9.272592174 0.460917401 0.438928211 7.046345178 0.324684338
64 1.453216394 14.049394693 0.856663978 0.470562271 -1.000000000 0.536840323
79 1.701838542 16.288520874 1.042170186 0.485390736 7.975443966 0.636288441
128 2.514004223 -1.000000000 1.648157133 0.533830389 8.944078873 0.961152292
256 4.635579879 42.710209808 3.231143442 0.660366626 11.474390467 1.809776231
512 8.878731192 80.924629962 6.397116059 -1.000000000 16.535013655 3.507024108
1024 17.365033818 157.353470269 12.729061295 1.419584046 26.656260031 6.901519863
1855 31.138700775 281.401060689 23.006105222 2.241081021 43.083517333 12.410945590
1987 33.326575671 301.105371081 24.638559853 2.371571515 45.692901164 13.286089027
2048 -1.000000000 310.211150883 -1.000000000 2.431873940 46.898752783 13.690511373
2510 41.995201205 379.176237253 31.106542975 2.888590670 56.031596193 16.753513401
2560 42.823941696 386.639991190 31.724897001 2.938018887 57.019999159 17.085007127
3025 50.531228260 456.052902797 37.475589452 3.397701310 66.212146746 20.167898780
3384 56.481584984 509.642656059 41.915371365 3.752595911 73.308880045 22.548023733
3741 62.398792089 562.933859163 46.330419117 4.105513384 80.366077225 24.914888937
4096 68.282849573 615.926512111 50.720732708 4.456453728 87.383738287 27.268494392
24
16.578483637 133 6
28.854873742 7 47
36.875475828 33 112
39.208830627 125 132
39.582346671 13 92
54.492172864 1 157
55.816304924 933 140
60.537722736 2 20
83.927408854 294 127
91.940129654 165 45
101.839255603 70 17
117.270629670 1 112
136.985850004 102 28
142.607245315 2458 156
154.262440910 56 162
181.133400287 8 142
192.948559790 175 168
195.941522026 445 69
197.624078261 10 69
219.511130719 202 104
223.971368250 712 178
235.398083484 54 121
236.618635243 46 89
240.723523390 2466 96
