6 8.730956195 0.174329536 0.289733583 15.182763530 20
353.035883132 219.679565441 0.244121352 0.018436176 18.510862504 0.500000000 0.500000000
21
1 0.318390295 3.407409347 0.243152491 0.272146787 14.642026140 0.393532636
2 0.331582548 -1.000000000 0.261525931 0.279466482 14.676487256 0.398928655
4 0.357967053 4.265854349 0.298272812 0.294105873 14.745409489 0.409720694
8 0.410736064 5.410447686 0.371766575 0.323384654 14.883253954 0.431304773
13 0.476697327 -1.000000000 0.463633777 0.359983130 -1.000000000 0.458284870
16 0.516274085 -1.000000000 0.518754099 0.381942216 15.158942884 0.474472929
32 0.727350128 -1.000000000 0.812729148 0.499057341 15.710320744 0.560809242
64 1.149502214 21.434754392 -1.000000000 -1.000000000 16.813076465 0.733481867
128 -1.000000000 39.748247771 -1.000000000 1.201748091 19.018587906 1.078827118
256 3.682414729 76.375234528 -1.000000000 2.138669090 23.429610789 1.769517620
379 5.305061809 111.571479616 7.188313015 3.038991613 27.668328090 2.433228025
453 6.281288508 132.746456335 8.547947615 3.580649066 30.218450694 2.832533471
512 -1.000000000 149.629208044 9.631980607 4.012511089 32.251656554 3.150898624
533 7.336668722 155.638323059 10.017822858 4.166224690 32.975339995 3.264215035
1024 13.814064790 296.137155074 19.039182163 7.760195086 49.895748084 5.913660633
2048 -1.000000000 -1.000000000 37.853585276 15.255563082 85.183931144 11.439184649
2306 30.726532729 662.979319319 42.593932936 17.144044471 94.074899141 12.831357692
2549 33.932250131 732.513364492 47.058678987 18.922730431 102.448950395 14.142590443
2586 34.420363480 -1.000000000 47.738496287 19.193559157 103.724011697 14.342243166
2835 37.705234398 814.351788028 52.313482981 21.016163289 112.304829648 15.685852033
4096 54.340665031 1175.184837258 75.482391502 30.246299072 155.760297264 22.490232682
11
12.508490411 12 57
25.170089929 2295 7
56.743856138 1 15
85.825291222 491 19
91.732458655 169 32
110.624191519 283 39
133.956951243 62 3
150.911789038 2288 19
208.844969178 3537 10
227.715699835 2 44
232.829386979 670 34
