3 3.811092234 0.184206930 0.105637324 104123.651997731 18
12964.504600490 172.956807533 0.006865818 0.003209056 17.027624883 0.250000000 0.750000000
21
1 0.165117415 2.748140996 0.318971407 0.651597573 6.003567910 0.612169467
2 0.168245189 2.785595826 0.325283342 0.659356794 6.018745068 0.612695579
4 0.174500736 -1.000000000 0.337907212 0.674875237 6.049099385 -1.000000000
8 0.187011829 3.010324803 0.363154952 0.705912121 6.109808018 0.615852249
16 0.212034016 3.309963440 0.413650432 0.767985891 6.231225285 0.620061143
32 0.262078390 3.909240714 0.514641393 0.892133430 6.474059817 0.628478931
64 0.362167138 5.107795261 0.716623315 1.140428508 6.959728883 0.645314507
128 0.562344634 7.504904356 1.120587158 1.637018665 -1.000000000 0.678985658
256 0.962699626 12.299122545 1.928514844 -1.000000000 9.873743276 0.746327960
496 1.713365236 21.288281651 3.443379256 4.492412065 13.516261268 0.872594777
512 1.763409610 21.887558924 3.544370216 4.616559604 -1.000000000 0.881012565
1024 -1.000000000 41.064431682 6.776080961 8.589280855 21.529800850 1.150381774
1149 -1.000000000 45.746285383 7.565072842 9.559183505 -1.000000000 1.216145741
1310 4.259372763 51.776512949 -1.000000000 10.808418117 25.870468124 1.300849731
2048 6.567669514 79.418177198 13.239502451 16.534723359 37.071210949 1.689120193
2068 6.630224982 80.167273790 13.365741152 16.689907783 37.374754115 1.699642428
3276 10.408575219 125.412707952 20.990558690 -1.000000000 55.708761340 2.335185406
3420 10.858974585 -1.000000000 21.899477337 27.180374839 57.894272135 2.410945496
3466 11.002852160 132.529125577 22.189826349 27.537299014 58.592421417 -1.000000000
4069 12.888899505 -1.000000000 25.995923184 32.216109394 67.744247871 -1.000000000
4096 12.973349387 156.125668228 26.166345430 32.425608366 68.154031145 2.766597030
48
0.273575100 255 21
3.087215467 1572 65
12.851795154 12 5
18.973485370 362 33
21.066544682 11 68
21.293315103 8 56
26.947828436 1277 44
27.374524631 49 4
39.207195011 7 45
50.862947536 274 8
54.057750036 952 6
65.004868397 26 52
66.270227751 15 28
69.436555662 160 21
76.618641682 539 38
76.732897113 216 30
79.690942881 19 27
81.553714918 858 33
86.760427067 2867 25
86.956000537 3 5
88.333623578 1145 7
94.220108007 897 59
100.998316255 2 22
101.032322845 13 20
101.887840343 2388 65
110.082309963 22 6
120.985946849 1320 58
122.154468101 1994 33
129.412677518 35 33
133.965280571 16 47
134.416432636 47 39
135.058075476 420 60
140.105920203 1196 14
144.361861348 47 29
147.922439287 24 8
153.853348624 6 39
163.378154368 9 14
168.719290017 9 66
186.314915526 796 23
186.592674066 3547 6
188.473711081 28 14
211.777613390 1766 49
213.837741767 132 28
229.087627548 6 60
234.621389477 1538 62
243.533146605 102 51
243.778037607 666 53
244.929062319 1 4
