6 1.807791316 5.595687416 0.013948305 109.708715301 59
231.238251204 149.772306489 1.123226240 0.030450406 199.653212933 0.500000000 0.500000000
21
1 0.300774587 2.650151258 0.299233372 0.209175916 13.206784001 0.843561047
2 0.315323005 2.672049417 0.305476050 0.217979088 13.237912090 0.849668508
4 0.344419840 2.715845737 0.317961406 0.235585431 13.300168266 0.861883431
8 0.402613510 2.803438376 0.342932117 0.270798116 13.424680619 0.886313276
16 0.519000850 2.978623655 0.392873540 0.341223487 -1.000000000 0.935172966
32 0.751775529 3.328994212 0.492756387 0.482074229 14.171754739 1.032892347
48 0.984550209 3.679364769 0.592639233 0.622924971 14.669804151 1.130611728
64 1.217324888 -1.000000000 0.692522079 0.763775713 15.167853564 1.228331109
128 2.148423606 5.431217555 1.092053465 1.327178681 17.160051215 1.619208632
256 4.010621042 8.234182012 1.891116236 -1.000000000 21.144446517 -1.000000000
512 7.735015914 13.840110926 3.489241777 -1.000000000 29.113237121 3.964473772
524 7.909596924 14.102888844 -1.000000000 4.813234545 29.486774180 4.037763307
644 9.655407020 16.730668022 4.313275260 5.869615110 -1.000000000 4.770658664
879 13.074285126 21.876735580 5.780304566 7.938360383 -1.000000000 -1.000000000
1024 15.183805659 25.051968754 -1.000000000 -1.000000000 45.050818329 7.091493958
1424 21.003172647 33.811232683 9.182564019 12.736088782 57.502053647 9.534478479
2048 30.081385148 47.475684411 13.077995027 18.229267719 76.925980744 13.345534331
2117 31.085225953 48.986657439 13.508739802 18.836686544 79.073818837 13.766949161
2401 35.216976514 55.205734828 15.281660325 21.336787215 87.914195913 -1.000000000
3676 53.766208788 -1.000000000 23.241074644 32.560830717 127.602508491 23.288481329
4096 59.876544125 92.323115724 25.862999361 36.258162694 140.676305575 25.853615076
54
21.134501373 121 53
21.463092497 1149 106
21.949668243 1315 76
25.640894834 987 48
34.351173509 9 45
35.177971194 5 85
36.659141314 227 34
41.627245072 9 45
42.082521739 1 92
42.165554293 9 97
44.803633298 29 10
51.738317281 21 64
52.683708211 3 39
75.079260302 27 9
86.110729362 1374 23
89.456195009 24 96
95.962237095 240 53
105.042979631 6 52
105.808246791 588 47
117.152645399 57 10
120.791141208 395 17
120.818704127 3 81
121.187497112 93 4
122.240057439 2847 21
126.499474189 1970 68
142.546227160 11 97
143.239903994 1 29
145.045713977 8 92
153.186671009 141 92
160.219238069 1453 86
160.887212550 31 43
161.546450982 1924 8
168.337089922 131 61
183.673742426 893 83
188.277548501 2 28
190.655106267 3 10
197.007778504 149 26
208.356481227 708 88
212.316023612 1 11
220.004747462 6 93
227.360610163 2 51
233.351365993 999 4
237.508951256 1461 38
244.161344493 194 5
245.559169316 5 72
253.122974001 8 33
267.821897593 50 81
276.511887864 3 42
277.589454781 3483 52
283.815481233 1152 98
284.063229981 58 97
288.561449538 11 41
291.420601297 1 35
292.120586940 74 52
