6 9.840996624 0.265806557 13.048782324 4.868680749 28
228.922474694 122.577337823 0.312928111 0.018937237 348.887990591 0.500000000 0.500000000
21
1 0.091332951 4.850705819 0.229760212 0.364557966 19.774798629 0.776344661
2 0.110860419 5.105358719 0.247041103 0.371674512 19.804392391 0.784050982
4 0.149915355 5.614664519 0.281602885 0.385907604 19.863579914 0.799463625
8 0.228025226 6.633276118 -1.000000000 0.414373787 19.981954961 0.830288911
16 0.384244970 8.670499318 0.488973577 0.471306155 20.218705054 0.891939484
32 0.696684456 12.744945717 0.765467832 0.585170889 20.692205241 -1.000000000
64 1.321563428 20.893838514 1.318456343 0.812900359 21.639205615 1.261842917
114 2.297936823 33.626483511 2.182500891 1.168727655 23.118893699 1.647158993
128 2.571321373 37.191624110 2.424433364 1.268359298 23.533206363 1.755047494
256 5.070837263 69.787195301 -1.000000000 2.179277176 27.321207859 2.741456649
512 10.069869043 134.978337683 -1.000000000 4.001112933 34.897210850 4.714274960
1024 20.067932602 265.360622448 -1.000000000 7.644784445 50.049216833 8.659911580
1050 20.575646767 271.981597846 18.357414831 7.829814639 50.818654637 8.860275940
1553 30.397963115 400.072006511 27.049702984 -1.000000000 65.704316764 12.736555667
1792 35.065027941 -1.000000000 31.179835924 13.110291714 72.777225807 14.578366511
2048 40.064059720 526.125191977 35.603744010 14.932127471 80.353228798 16.551184821
2449 47.894574344 628.241004850 42.533381286 17.785862386 92.220327234 19.641419752
3785 73.983271444 968.457279157 65.620651610 27.293567740 131.757592846 29.937065309
3962 77.439633260 1013.530842445 68.679369311 28.553196368 136.995688664 31.301084219
4081 79.763401939 1043.834537537 70.735795335 29.400065333 140.517346304 -1.000000000
4096 80.056313957 1047.654331036 70.995008700 29.506813522 140.961252730 32.333731303
31
733.101237510 6 11
1615.705364407 1481 163
1731.954816756 25 84
1840.808734930 1 158
2178.542831677 23 5
2739.531083576 12 191
2788.588857761 7 183
3806.332853582 1694 74
3902.627934339 1199 26
3965.015718921 2328 59
4061.532775944 663 120
4432.469331057 3 131
4490.211751484 1295 128
4552.814784204 371 46
5134.573989887 214 150
5279.642752512 2 149
6274.687009097 3750 99
6431.854448809 8 155
6562.231201869 3521 164
7576.340662260 46 32
8146.458684147 11 48
9989.868385248 2 15
10786.211534634 466 230
10889.956652043 67 149
11089.624224807 905 109
11432.706914524 32 167
12137.650055769 236 230
12171.444026545 997 187
12385.728320656 3 225
12830.087001704 1 137
12997.899026130 109 213
