8 4.181650425 0.614288227 0.001909067 51657.459616282 8
154370.090357033 3494.590049419 0.000659331 0.000327513 24.147252636 0.000000000 1.000000000
21
1 0.387876523 4.849909645 0.280297164 0.100854377 4.528216815 0.208481884
2 0.403874614 5.021165259 0.299051622 0.104514936 4.567067489 0.217842538
4 0.435870798 -1.000000000 0.336560539 0.111836053 4.644768836 0.236563847
8 0.499863165 6.048698942 0.411578372 0.126478287 4.800171530 0.274006465
16 0.627847900 7.418743852 0.561614037 0.155762755 5.110976919 0.348891700
32 0.883817368 10.158833674 0.861685368 0.214331691 5.732587697 0.498662170
64 1.395756305 15.639013317 1.461828031 0.331469564 6.975809252 0.798203110
128 2.419634180 26.599372602 2.662113356 -1.000000000 9.462252363 1.397284991
256 -1.000000000 -1.000000000 5.062684005 1.034296800 14.435138585 2.595448753
402 6.803111330 73.523410794 7.800834902 1.568738344 -1.000000000 3.962104293
496 8.306931958 89.621438495 -1.000000000 1.912830845 23.759300251 4.842005805
512 8.562901427 92.361528317 9.863825304 1.971399782 24.380911029 4.991776276
653 10.818632369 116.508569868 12.508203910 2.487538533 29.858856007 6.311628544
696 11.506550316 -1.000000000 13.314645613 2.644942550 -1.000000000 6.714136683
1024 16.753924423 180.044402602 19.466107902 3.845605745 -1.000000000 9.784431322
1697 -1.000000000 295.299430716 32.087858271 6.309161630 70.418959254 16.084151724
2048 33.135970415 355.410151174 38.670673099 -1.000000000 84.055545690 19.369741414
3613 58.172984066 623.425186832 68.021400181 13.322791757 144.856849887 34.019165529
3956 63.660329549 682.165862379 74.454179344 14.578363330 158.182630934 37.229869984
3972 63.916299018 684.905952200 -1.000000000 14.636932267 158.804241712 37.379640454
4096 65.900062400 706.141648316 77.079803492 15.090841523 163.621725239 38.540361598
29
1.295737519 1325 163
1.494974514 4 57
4.321106425 9 192
5.544864558 1 127
7.700833191 51 106
12.234025274 6 118
13.891022660 1 34
26.487435592 38 166
33.459780730 294 138
41.268777701 141 80
46.373503736 18 79
46.541040348 3126 156
56.746023018 521 155
58.440782056 2 20
92.049571329 2721 124
93.900976999 895 112
94.563795263 125 89
95.143945532 627 17
111.829623731 327 139
115.306350535 1028 164
118.595104445 8 131
121.304582703 7 184
136.499021520 1 13
143.319213168 174 112
143.584530182 2898 26
154.315851104 3 53
157.637031439 20 55
159.375326952 489 152
191.631382908 3573 107
