3 9.181253401 0.117906126 1.639759686 13471.208498890 51
409.955677504 244.853693597 0.356381326 0.024088268 48.205691663 0.500000000 0.500000000
21
1 0.512867523 4.086076222 0.077811991 0.299868354 9.848783070 0.490661124
2 0.531576627 4.358254287 0.085527000 0.305379481 9.885015468 0.494363744
4 0.568994834 4.902610418 0.100957019 -1.000000000 9.957480265 0.501768984
8 0.643831249 5.991322679 0.131817057 0.338446241 10.102409858 0.516579465
16 -1.000000000 8.168747201 0.193537132 0.382535254 10.392269045 0.546200426
32 1.092849736 12.523596245 0.316977284 0.470713280 -1.000000000 0.605442349
64 1.691541054 21.233294333 0.563857586 0.647069332 -1.000000000 0.723926194
128 2.888923688 38.652690509 1.057618191 0.999781437 -1.000000000 0.960893885
256 5.283688956 73.491482862 2.045139401 1.705205646 19.088044641 1.434829266
512 10.073219493 143.169067567 4.020181822 3.116054064 28.363538610 2.382700029
701 13.609240085 194.610721900 5.478318608 4.157656998 35.211461892 3.082495241
897 17.276224402 247.957622690 6.990460461 5.237837818 42.313011963 3.808208793
1024 19.652280567 282.524236978 7.970266662 5.937750901 46.914526549 4.278441555
1786 33.908617555 489.923922702 13.849103866 10.137229395 74.523614067 7.099838122
2048 -1.000000000 561.234575798 15.870436343 11.581144573 84.016502427 8.069924605
2164 40.980658738 -1.000000000 16.765377439 12.220435263 88.219460632 -1.000000000
2884 54.451213373 788.775438351 22.320184246 16.188446439 114.306787421 11.165315065
3361 63.375455819 918.604375478 26.000243756 18.817253843 131.589641418 12.931464884
3491 65.807639295 953.987523961 27.003194985 19.533700306 136.299853200 13.412805506
3834 72.224861850 1047.344600343 29.649443227 21.424016741 148.727565823 14.682804223
4096 77.126647009 1118.655253440 31.670775704 22.867931919 158.220454182 15.652890707
13
0.384031505 1135 133
11.521020775 179 155
12.095786609 331 10
13.727522242 1 65
15.951442264 1557 37
24.095147583 4 12
26.592577814 44 45
28.800949754 2 95
31.731383485 18 166
37.224587391 100 120
38.449309516 1108 61
41.312107545 15 30
42.535625902 1384 65
