5 5.564723110 0.034883371 18.869307408 208584.359328459 12
147.801345269 151.658171153 1.649804291 0.040563460 225.530073184 0.500000000 0.500000000
21
1 0.350855429 0.911838599 0.418940520 0.753755377 4.268223273 0.369955381
2 0.362717552 -1.000000000 0.423274511 0.761473700 4.279307638 0.371821414
4 0.386441797 1.632545693 0.431942493 0.776910345 4.301476367 0.375553479
8 0.433890288 -1.000000000 0.449278457 0.807783637 4.345813825 0.383017611
16 0.528787270 4.515374068 0.483950385 0.869530220 4.434488741 0.397945873
32 0.718581234 8.359145236 0.553294242 0.993023387 -1.000000000 0.427802398
51 -1.000000000 12.923623497 0.635640071 1.139671522 4.822441500 0.463257021
64 1.098169161 16.046687570 0.691981954 1.240009720 4.966538239 0.487515447
128 1.857345016 31.421772240 0.969357380 1.733982387 5.675937570 0.606941546
256 3.375696726 62.171941579 1.524108231 2.721927720 7.094736231 0.845793743
512 6.412400146 123.672280257 2.633609933 -1.000000000 9.932333553 1.323498138
923 -1.000000000 222.409152119 4.414880244 -1.000000000 14.488007379 2.090437616
1024 12.485806987 246.672957613 4.852613337 -1.000000000 15.607528198 2.278906928
2048 24.632620667 492.674312324 9.290620146 16.553162380 26.957917487 4.189724507
2110 25.368072277 507.568925598 9.559327589 17.031698401 27.645148088 -1.000000000
2550 30.587406280 613.272632700 11.466283640 20.427760482 32.522268486 5.126472968
2811 33.683420314 675.974149868 12.597455297 22.442242763 35.415287631 5.613507527
2974 35.616946320 -1.000000000 13.303895834 23.700329398 37.222039051 -1.000000000
3863 46.162373431 928.702104123 17.156813854 30.561918468 47.076039127 7.576574025
3873 -1.000000000 931.104461102 17.200153764 30.639101697 47.186882773 7.595234353
4096 48.926248028 984.677021748 18.166633762 32.360287706 49.658696065 8.011359665
32
1.124737203 260 59
9.008526489 3011 9
17.621568725 5 142
24.390480660 40 113
30.357357264 1 114
35.427020724 1 48
36.353379149 5 136
44.053969571 12 79
53.655787119 22 148
56.184563500 2 145
60.662507940 23 105
91.327666747 3261 13
96.328655603 8 9
115.250784128 1 54
125.780983315 42 81
127.486196661 84 4
167.146588235 1196 143
197.070469523 2 152
200.223483722 4 130
215.522082679 2221 151
222.777709691 1 73
240.655650060 13 18
241.654117437 334 29
252.719499670 1100 138
257.712831877 46 24
278.917461279 7 94
280.838606348 135 132
287.768540842 86 46
290.872489602 202 138
291.089199506 2 86
302.200542179 5 159
308.223025408 1613 46
