1 3.101067572 5.341149193 0.171459058 92659.758596166 41
1393.272865908 259.695856735 0.012731479 0.005277734 60.172866630 0.500000000 0.500000000
21
1 0.245347771 4.057919803 0.101882408 0.113346900 10.904961816 0.135753898
2 0.250718541 4.101493275 0.107527692 0.118209251 10.913773501 -1.000000000
4 0.261460081 4.188640219 0.118818261 0.127933953 10.931396871 0.146100827
8 0.282943160 4.362934107 0.141399399 0.147383357 10.966643611 0.159896731
16 0.325909319 4.711521883 0.186561675 0.186282165 11.037137091 -1.000000000
32 0.411841636 5.408697435 0.276886227 0.264079781 11.178124051 0.242672158
64 0.583706270 6.803048540 -1.000000000 0.419675013 -1.000000000 0.353039395
128 0.927435539 9.591750750 -1.000000000 0.730865477 12.024045812 0.573773868
256 1.614894076 -1.000000000 1.541429949 1.353246404 13.151941493 1.015242814
440 2.603115723 23.186674023 2.580162293 2.247918988 14.773291535 1.649854423
512 2.989811150 26.323964009 -1.000000000 2.598008259 15.407732856 1.898180705
529 3.081114237 -1.000000000 3.082592612 2.680668226 15.557531501 1.956813299
848 4.794389810 40.964650610 4.883438360 4.231758194 18.368459020 3.057036688
964 -1.000000000 -1.000000000 5.538291359 4.795790910 19.390614481 -1.000000000
1024 5.739645299 48.633581687 5.877008428 5.087531969 19.919315582 3.664056488
2048 11.239313596 -1.000000000 11.657779732 10.066579389 28.942481033 7.195808054
2343 12.823690693 106.106991292 13.323138653 11.500972933 31.541928111 8.213256015
2465 13.478924611 111.422954880 14.011863359 12.094179755 32.616953683 -1.000000000
2995 16.325432617 134.516895055 17.003864132 14.671225782 37.287146739 10.461988458
3802 20.659643863 169.680686981 21.559608705 18.595143036 44.398176542 -1.000000000
4096 22.238650190 182.491287757 23.219322341 20.024674229 46.988811936 14.259311187
53
32.928052184 1 20
127.566352237 33 27
273.591827268 1 19
287.389895292 2 39
360.319488151 17 41
503.407687144 2 1
814.205806469 19 2
1149.733067681 6 30
1197.849896775 40 30
1247.610466729 241 3
1406.974849341 22 2
1483.943263253 1 22
1491.151839222 5 13
1614.786069669 3 14
1695.873122441 29 44
2159.451934573 160 9
2438.812545414 2 11
2504.273496363 1 32
2633.082037097 8 19
2660.723585856 2306 5
2729.842991248 1173 14
2790.285832403 8 36
2842.214901408 2 12
2906.227968459 1301 30
3092.776424131 345 13
3106.433748961 629 26
3183.036173287 2642 22
3237.215020022 2175 23
3238.131319056 2 2
3270.796583151 18 39
3275.844902605 510 44
3304.827638886 13 30
3436.079019955 13 4
3628.348630461 104 38
3753.966725277 260 20
3950.010046872 429 12
4004.698468586 376 41
4237.408186284 25 18
4447.331150854 54 9
4449.274940703 532 4
4463.930625519 118 17
4481.522731190 156 19
4513.497045560 2 36
4590.711558649 753 11
4704.684671112 21 11
4766.965482950 17 24
4832.928626619 2 27
4856.573311566 23 36
4918.640948879 1081 7
4980.589680181 5 30
5051.539518482 450 17
5126.601729693 2842 37
5193.308418041 122 27
