1 9.660600383 13.729844333 59.517719509 56.786737750 12
4512.676808247 164.865578320 0.017549711 0.008980268 0.000000000 0.400000000 0.600000000
21
1 0.356009085 2.496315800 0.379181910 0.198350867 16.301052192 0.713708786
2 0.374744242 2.738535945 0.393762792 0.199847779 16.326817125 0.715333677
4 0.412214556 3.222976234 0.422924556 0.202841602 16.378346992 0.718583459
8 0.487155183 4.191856812 0.481248085 0.208829248 16.481406725 0.725083023
16 0.637036437 6.129617969 0.597895141 0.220804540 16.687526191 -1.000000000
32 0.936798946 10.005140282 0.831189254 0.244755125 17.099765122 0.764080410
64 1.536323964 17.756184909 1.297777481 0.292656294 17.924242985 0.816076926
128 2.735373999 33.258274163 2.230953933 0.388458632 19.573198711 -1.000000000
164 3.409839644 41.978199368 -1.000000000 0.442347447 20.500736307 0.978566036
256 5.133474069 -1.000000000 4.097306838 0.580063308 22.871110163 1.128056018
362 7.119400690 89.937787996 5.642880337 0.738735931 25.602193084 1.300294476
512 9.929674210 126.270809684 7.830012648 -1.000000000 29.466933067 1.544028142
1024 19.522074492 -1.000000000 15.295424267 1.729691365 42.658578875 2.375972389
1983 37.489089863 482.576642371 29.278490172 3.165229525 67.367149831 3.934242962
2048 38.706875055 498.320951769 -1.000000000 3.262528774 69.041870490 4.039860884
2446 46.163467462 594.724569315 36.029438570 3.858299564 79.296313911 4.686567545
2448 46.200937775 595.209009604 36.058600335 3.861293387 79.347843777 -1.000000000
2957 55.737132587 718.499063199 43.480269308 4.623221357 92.462194786 5.516886901
3822 71.943043219 928.019488266 56.092732298 5.918049833 114.748862019 6.922417709
3834 72.167865101 930.926130001 56.267702883 5.936012771 115.058041218 6.941916403
4096 77.076476182 994.387807883 60.087893985 6.328203592 121.808453721 7.367637873
1
280.243650895 2384 19
