5 4.078741791 4.727272858 75.698761672 203785.453629242 10
161.797064942 273.655563817 0.017803699 0.014836416 5.713043713 0.500000000 0.500000000
21
1 0.495451553 0.928080456 0.199820415 0.989725980 16.394810268 0.568435582
2 0.509914679 -1.000000000 -1.000000000 0.994567773 16.441612140 0.577263559
4 0.538840931 1.477400338 0.206027693 1.004251360 16.535215884 0.594919512
8 0.596693435 2.209826848 0.214304064 1.023618534 -1.000000000 0.630231419
16 0.712398443 3.674679869 0.230856805 1.062352882 17.096838349 0.700855233
32 0.943808459 6.604385909 0.263962288 1.139821577 17.845668302 0.842102861
64 1.406628491 12.463797990 0.330173253 -1.000000000 19.343328208 1.124598116
128 2.332268556 24.182622152 0.462595184 -1.000000000 22.338648021 1.689588627
256 -1.000000000 47.620270477 0.727439046 2.224383317 28.329287646 2.819569648
512 7.886108943 -1.000000000 1.257126771 3.463882449 40.310566895 5.079531691
822 12.369678006 151.258621662 1.898545499 4.964838428 54.819147237 7.816204477
1024 15.291229460 188.246160424 2.316502219 5.942880711 64.273125395 9.599455777
1089 16.231332651 200.148091214 2.450993243 6.257597288 67.315247079 10.173274264
1297 19.239662861 238.234269741 -1.000000000 7.264690332 77.050036469 12.009493424
2048 30.101470494 375.747347020 4.435253116 10.900877236 112.198242393 18.639303948
2190 -1.000000000 401.748488130 4.729064275 11.588411911 118.844108227 19.892876643
3040 44.448891495 557.389121535 6.487793047 15.703936370 158.625699486 27.396656864
3278 47.891115485 600.968498888 6.980237103 -1.000000000 169.764545038 29.497715325
3475 50.740351309 637.040504513 7.387848359 17.810116534 178.984513836 31.236826741
3798 55.411941010 696.183945207 8.056165293 19.374015829 194.101518514 34.088263225
4096 59.721952561 750.749720212 8.672754909 20.816870287 208.048476390 36.719000290
31
4221.143378522 2482 51
14281.735732951 27 4
17189.758558043 10 32
20810.775521310 2797 15
21960.950045794 66 46
22612.911535474 5 16
23399.493456827 240 12
24086.833894580 1 6
25719.901601348 1 28
28421.290053448 20 23
28565.782404565 1 8
29078.811637096 268 9
33125.269179697 1248 60
33283.306486366 2387 33
33832.145770529 1 33
41073.234702558 8 58
44992.651591290 1 59
46055.957671605 20 56
46348.496140488 918 3
48286.623684330 2 42
51146.243750577 1313 7
52791.211896630 533 52
53685.835692866 225 45
54387.926616668 54 53
58364.214684357 73 44
58970.245738819 2 20
59169.664522763 461 49
64643.342860261 1 59
64680.790864293 37 45
68675.779315932 239 37
73155.247456771 4 44
