4 7.217935334 0.020643911 2.960786875 2.016334521 3
302.166585831 62.982794612 0.757483358 0.032638919 67.707712916 0.500000000 0.500000000
21
1 0.422743528 0.805094920 0.140597315 0.754993326 5.834587440 0.715149832
2 0.435940392 0.991066099 0.147126429 0.759056637 5.870686478 0.724926089
4 0.462334120 1.363008458 0.160184657 0.767183259 5.942884554 0.744478603
8 -1.000000000 2.106893176 0.186301114 0.783436503 6.087280707 0.783583631
16 0.620696488 3.594662611 0.238534028 0.815942991 6.376073013 0.861793687
32 0.831846313 6.570201481 0.342999856 -1.000000000 6.953657623 -1.000000000
64 1.254145962 -1.000000000 0.551931511 1.010981918 8.108826845 1.331054024
128 -1.000000000 24.423434702 0.969794821 1.271033821 10.419165288 1.956734473
256 3.787943857 48.227745663 1.805521442 1.791137627 15.039842175 3.208095370
512 7.166341051 95.836367585 3.476974684 2.831345238 24.281195948 5.710817165
675 9.317429889 126.149669825 4.541220303 3.493664928 30.165339170 7.304347058
1024 13.923135438 191.053611430 6.819881167 4.911760461 -1.000000000 10.716260755
1865 25.021698093 347.455373293 12.310866231 8.329004997 73.123194599 18.938092901
1927 -1.000000000 358.985586415 12.715671313 8.580930277 75.361334966 19.544220836
2048 27.436724212 -1.000000000 13.505694135 9.072590906 79.729318585 20.727147934
2421 32.359154498 450.855349031 15.941053741 10.588205903 93.194259825 -1.000000000
2499 33.388509892 465.361101023 16.450324650 10.905144159 96.009984803 25.136239846
2706 36.120260748 503.857135155 17.801851295 11.746249532 -1.000000000 27.159925048
2861 38.165774674 532.682667960 18.813864000 12.376062735 109.077836622 28.675244884
3716 49.449093425 691.688026334 24.396256663 15.850193624 139.942514262 37.033944629
4096 54.463901760 762.357074500 26.877320069 17.394251797 153.660148769 40.748922293
17
20.160070880 3 151
27.019899731 5 16
31.670972637 3793 67
38.494972079 27 104
56.331830286 213 17
56.360738410 384 126
66.039773999 2569 154
68.164826033 89 68
69.050999668 732 135
71.857023896 53 62
71.932836143 7 51
80.020302323 485 10
81.370024713 212 123
85.374415596 534 11
88.237265700 105 51
92.098246921 2 129
96.488632204 1 119
