4 9.540312955 0.254793881 0.002634374 214978.249430617 14
847562.728719790 4565.501514348 0.000148134 0.000073837 5.510129685 0.500000000 0.500000000
21
1 0.228749517 3.943884994 0.496809987 0.482711790 9.128607528 0.896439847
2 0.241206387 4.134311300 0.506989084 0.483506098 9.138101099 0.901698542
4 0.266120127 4.515163913 -1.000000000 0.485094714 -1.000000000 0.912215932
8 0.315947606 5.276869138 0.568063665 0.488271946 9.195062523 0.933250713
16 0.415602565 6.800279588 0.649496441 0.494626410 9.271011089 0.975320274
32 0.614912484 9.847100489 0.812361993 0.507335337 9.422908220 1.059459396
64 1.013532320 15.940742289 1.138093096 0.532753191 9.726702483 1.227737639
128 1.810771993 28.128025891 1.789555301 0.583588901 10.334291009 1.564294127
256 3.405251340 52.502593094 3.092479713 0.685260319 11.549468061 2.237407102
356 4.650938329 71.545223722 4.110389410 0.764691114 12.498825133 2.763276614
457 5.909082189 90.778280655 5.138478203 0.844916218 13.457675776 3.294404821
512 6.594210033 -1.000000000 5.698328536 0.888603155 13.979822165 3.583633053
1024 12.972127419 198.749996313 10.910026183 1.295288828 -1.000000000 6.276084953
1915 24.071198494 368.419835204 19.979601580 2.003017215 27.299301884 10.961582304
2048 25.727962190 393.746533939 21.333421477 2.108660173 28.561946789 11.660988755
2086 26.201323246 400.982733577 21.720227161 2.138843875 28.922702476 11.860819169
2233 28.032483121 428.975400599 23.216554415 2.255607145 30.318257372 12.633847352
2331 -1.000000000 447.637178614 24.214105918 2.333449324 31.248627303 13.149199473
3156 -1.000000000 604.738881291 -1.000000000 2.988753387 -1.000000000 17.487622946
3841 48.063129911 735.180901089 39.584542337 3.532854335 45.583919088 21.089829103
4096 51.239631734 783.739609189 42.180212063 3.735402864 48.004779621 22.430796358
12
4977.093778062 2600 111
12065.703078127 187 99
18080.114244409 6 1
22245.853628511 112 30
24415.678314672 10 92
25447.767237853 8 132
28042.559144456 15 13
58752.307614232 304 20
69685.816727554 2300 31
69944.030451157 47 36
70539.284159917 621 17
77810.442694303 20 85
