3 1.891968574 9.166361109 0.006697155 1596.993951944 33
5234.530712804 265.595476898 0.031746513 0.010079818 5.293078708 0.000000000 1.000000000
21
1 0.321749665 5.018084403 0.428225838 0.680581240 8.893626209 0.410219154
2 0.337925580 5.186790256 0.444768673 0.685150653 8.914695301 0.414104162
4 0.370277410 5.524201961 0.477854343 0.694289480 8.956833484 0.421874177
8 0.434981070 6.199025372 0.544025682 0.712567132 9.041109850 0.437414209
16 0.564388389 -1.000000000 0.676368361 0.749122437 9.209662582 -1.000000000
32 0.823203028 10.247965836 0.941053719 0.822233046 9.546768047 0.530654397
64 1.340832307 15.646553121 -1.000000000 0.968454265 10.220978975 0.654974648
128 -1.000000000 26.443727691 2.529165868 1.260896702 11.569400833 -1.000000000
201 3.556932655 38.759254934 3.736792814 1.594463857 -1.000000000 1.187220723
256 4.446607977 48.038076830 4.646648732 1.845781577 14.266244548 1.400896155
512 -1.000000000 91.226775110 8.881614462 3.015551327 19.659931979 2.395458165
639 10.641983402 112.652418397 10.982554492 3.595866789 22.335706602 2.888854161
1024 16.869710658 177.604171669 -1.000000000 5.355090827 -1.000000000 4.384582183
1983 32.382413093 -1.000000000 33.216124570 9.737157975 50.652565612 8.110304711
2048 33.433847565 350.358964786 34.291408838 10.034169826 52.022056561 8.362830221
2284 37.251363493 -1.000000000 38.195517869 11.112551314 56.994362160 9.279692073
2552 41.586508699 435.386714524 42.628997617 12.337154021 62.640878689 10.320874177
2670 43.495266663 455.294005137 44.581052133 12.876344765 65.127031489 10.779305103
3607 58.652098970 613.371389074 60.081688416 17.157884826 84.868770248 14.419557458
3773 61.337300852 641.376560614 62.827799006 17.916407398 88.366239441 15.064468761
4096 66.562121380 695.868551022 68.171134672 19.392327825 95.171556003 16.319326296
16
303.002477980 7 37
386.758370020 744 43
433.100254648 3486 6
625.724529512 471 49
788.698229926 170 52
941.297986878 1855 54
1114.911467983 5 55
1170.961054429 7 27
1186.878019737 3 14
1279.292297308 22 30
1423.439855887 305 46
1707.967792647 12 9
1869.220342288 169 17
2503.570741742 249 54
2537.902662810 17 22
2677.177831049 798 37
