6 5.716865362 0.001551979 1.555037628 170.282913992 10
309.841244317 86.597634809 1.151204965 0.043423427 104.915753302 0.250000000 0.750000000
21
1 0.319281549 2.306508135 0.288800103 0.171330365 2.569192983 0.747943416
2 -1.000000000 2.486188803 0.299756177 0.174044637 2.592075057 0.753589768
4 0.373855359 2.845550138 0.321668324 0.179473180 2.637839204 0.764882473
8 0.446620439 3.564272809 0.365492619 0.190330267 2.729367499 -1.000000000
16 0.592150599 5.001718151 -1.000000000 0.212044441 2.912424089 -1.000000000
32 0.883210919 7.876608834 0.628438385 -1.000000000 3.278537268 -1.000000000
64 1.465331559 13.626390200 0.979032740 0.342329485 4.010763628 1.103663607
128 2.629572839 25.125952933 1.680221450 0.516042876 5.475216347 1.465030150
213 4.175830790 40.398809688 2.611487706 0.746755974 7.420192614 1.944970091
256 4.958055400 48.125078399 3.082598871 0.863469659 8.404121785 2.187763237
355 6.758991131 65.913464502 4.167250157 1.132182561 10.669447084 2.746752108
512 9.615020522 94.123329331 5.887353711 1.558323225 14.261932660 3.633229410
796 14.781341203 -1.000000000 -1.000000000 2.329176399 20.760441600 5.236793445
947 17.528222974 172.284419782 10.653245726 2.739031432 24.215634734 6.089392633
1024 18.928950765 186.119831195 11.496863393 2.948030356 25.977554411 6.524161756
1141 21.057329355 207.142469316 12.778724004 3.265600150 28.654757038 7.184784967
1588 29.188827048 287.459727780 17.676088902 4.478879618 38.883043997 9.708704418
2048 37.556811251 370.112834923 22.715882756 5.727444619 49.408797914 12.306026447
2141 39.248599361 386.823137019 23.734797601 5.979871891 51.536830771 12.831137205
2830 51.782384395 510.623117066 31.283532309 7.850005120 -1.000000000 16.721473897
4096 74.812532223 738.098842378 45.153921482 11.286273144 96.271284919 23.869755831
44
0.755761550 2 94
3.104776652 120 42
11.862845313 90 102
12.177316284 1 11
17.833763954 101 79
24.239882559 112 45
36.685369062 1645 58
71.503432910 72 40
77.640035034 16 86
90.226075734 417 63
96.000872876 480 89
114.463822378 5 46
116.057099461 2542 51
117.638069378 2734 116
117.666906448 81 119
122.398136302 122 78
132.267773103 11 102
162.381893588 210 101
165.933229384 55 61
174.650863975 52 33
180.516931829 258 64
213.606672718 2105 105
244.010894392 5 60
247.602749310 5 45
247.761555774 2096 5
248.451400938 21 70
256.600080602 9 31
270.330114399 3 52
270.514654425 3567 65
282.698910988 19 63
289.016860162 681 110
300.056245311 2535 105
316.947568950 2 81
336.881365108 1204 21
357.370436142 2 113
358.211176776 4 85
358.433742926 1 71
360.954004566 1 34
363.793841424 3705 37
376.664767371 10 14
376.938896745 361 37
382.572695698 6 54
395.704017235 1734 70
401.552084085 623 15
