8 4.537313184 1.835830345 0.407446726 645017.216173460 42
8657.910733660 267.407905389 0.003646266 0.001733111 24.237546226 0.250000000 0.750000000
21
1 0.313525939 2.381069860 0.134822376 0.357149519 6.818573749 0.525243544
2 0.325056130 2.523878132 0.141562988 0.366434191 6.866050066 0.532955802
4 0.348116513 2.809494675 0.155044213 0.385003537 6.961002699 0.548380317
8 0.394237279 3.380727761 0.182006662 0.422142227 7.150907966 0.579229348
16 0.486478811 4.523193932 0.235931560 0.496419608 7.530718499 0.640927410
32 0.670961874 6.808126276 0.343781357 0.644974369 8.290339567 0.764323534
64 1.039928001 11.377990964 0.559480950 0.942083892 9.809581701 1.011115782
128 1.777860255 20.517720339 0.990880137 1.536302938 12.848065969 1.504700277
256 3.253724762 38.797179089 1.853678510 2.724741030 18.925034506 2.491869267
314 3.922475867 47.080058835 2.244634022 3.263252040 21.678660875 2.939180216
512 6.205453777 75.356096590 3.579275256 5.101617213 31.078971580 4.466207247
616 7.404593689 90.208156824 4.280298934 6.067223163 36.016508516 5.268282052
1024 12.108911807 148.473931590 7.030468748 9.855369580 -1.000000000 8.414883208
1248 14.691674695 180.462984403 8.540365901 11.935136241 66.021540668 10.142428941
1754 20.525951576 252.723969775 11.951115719 16.633180572 90.044556915 14.044831355
1921 22.451493551 276.572951113 13.076797971 18.183720895 97.973101803 15.332778397
1970 -1.000000000 283.570556416 13.407087974 18.638669852 100.299441321 15.710679026
2048 23.915827867 294.709601592 13.932855732 19.362874314 104.002594024 -1.000000000
3287 38.201735091 471.649049963 22.284474359 30.866583656 162.825750409 25.867722465
3467 40.277169555 497.354538831 23.497784571 32.537824722 171.371487414 27.255928857
4096 47.529659986 587.180941596 27.737629701 38.377883782 201.234090615 32.106938973
17
71.317703959 3431 53
105.712743153 1757 46
122.706531763 42 47
136.165058970 10 31
155.726878343 71 40
163.836342544 58 47
164.091640040 211 9
198.206573316 7 64
216.931044776 283 53
262.626126687 1 44
263.289031400 4049 64
278.186853535 12 58
302.259117970 5 17
322.397638745 187 54
360.529759976 3632 3
386.179588339 3 20
386.386308016 154 24
