6 7.460551986 2.630013787 0.495265837 570.845077120 27
275.925955062 218.115896475 0.364806380 0.026883000 18.330480747 0.000000000 1.000000000
21
1 0.313514637 2.893300663 0.114360773 0.174032437 4.099973538 0.568036773
2 0.322146283 3.148667263 0.117329348 0.176924575 4.145257402 0.575876816
4 0.339409576 3.659400465 -1.000000000 0.182708849 4.235825130 -1.000000000
8 0.373936162 4.680866869 0.135140794 0.194277398 4.416960587 0.622917071
16 0.442989333 6.723799676 0.158889389 0.217414496 4.779231499 0.685637412
32 0.581095676 10.809665291 0.206386580 0.263688692 5.503773325 0.811078093
64 0.857308361 18.981396520 -1.000000000 0.356237083 -1.000000000 1.061959456
93 1.107626106 26.387027946 0.387469618 0.440109062 -1.000000000 -1.000000000
128 1.409733731 35.324858978 0.491369723 0.541333866 9.851024278 1.563722181
139 1.504681841 38.133891588 0.524024041 0.573147375 10.349146783 1.649962649
256 2.514584471 68.011783894 0.871347246 0.911527431 15.647358882 2.567247631
512 4.724285952 133.385633727 1.631302294 1.651914562 27.240028090 4.574298532
627 5.716925289 -1.000000000 -1.000000000 1.984510343 32.447672461 5.475903429
636 5.794610106 165.051092240 1.999405520 2.010539578 32.855227238 5.546463812
1024 9.143688913 264.133333392 3.151212389 -1.000000000 -1.000000000 8.588400333
1066 9.506218062 274.858730630 3.275892514 -1.000000000 52.327288799 8.917682121
2048 17.982494836 525.628732722 6.191032580 -1.000000000 96.796043339 16.616603935
2700 23.610328294 692.127756515 8.126543092 7.979910819 -1.000000000 21.728311697
2774 24.249070128 711.024884982 8.346217598 8.193928974 129.672128672 22.308474848
3331 29.056897178 853.264081688 9.999713541 9.804849411 154.895240973 26.675378565
4096 35.660106681 1048.619531383 12.270672961 12.017334391 189.537397005 32.673011139
12
0.098980314 227 24
0.162231821 1 15
0.185296453 1 29
0.193581281 64 41
0.297762532 154 39
0.441096498 717 11
0.461427098 8 40
0.641346499 1244 20
0.685179873 1014 16
0.690376036 18 12
0.764360233 29 26
0.792684455 4 17
