2 5.384728925 0.006321589 8.324935871 1418.879384352 4
590.855248488 156.264980535 0.087013524 0.035060458 0.000000000 0.400000000 0.600000000
21
1 0.288663522 1.881453202 0.093450518 0.143023924 11.173498762 0.096067682
2 -1.000000000 -1.000000000 0.106567090 0.144450354 11.212839240 0.104007676
4 -1.000000000 1.954078208 0.132800233 0.147303214 -1.000000000 0.119887664
8 0.389363959 2.050911549 0.185266521 -1.000000000 11.448882107 0.151647641
16 0.504450173 2.244578231 -1.000000000 0.164420375 11.763605929 0.215167593
29 0.691465271 2.559286589 0.460714532 0.182963965 12.275032141 0.318387516
32 0.734622601 2.631911595 0.500064248 0.187243255 12.393053574 0.342207498
64 1.194967457 3.406578322 0.919794550 0.232889016 13.651948864 0.596287307
128 2.115657169 4.955911777 1.759255155 -1.000000000 -1.000000000 1.104446926
256 3.957036594 8.054578687 3.438176363 0.506763580 21.205320603 2.120766164
451 6.762263061 12.775204058 5.995907892 0.784917435 28.876713775 3.669065003
512 -1.000000000 14.251912508 -1.000000000 0.871929666 31.276482921 -1.000000000
585 -1.000000000 16.019120980 7.753528533 0.976059058 34.148337801 4.733024205
1024 15.005313140 26.646580148 13.511703616 1.602261838 51.418807559 8.218681591
1787 -1.000000000 45.117539933 -1.000000000 2.690627946 81.435592125 14.276897049
2011 29.204074796 50.540207026 26.457760125 3.010148272 90.247859154 -1.000000000
2048 29.736348535 51.435915430 26.943073287 3.062926182 91.703456833 16.349235495
2155 31.275626648 54.026207300 28.346546485 3.215554195 95.912887958 17.198814857
2309 33.491036268 57.754290926 30.366498565 3.435224419 101.971321540 18.421573941
2793 40.453752217 69.471125180 36.714919386 4.125616550 -1.000000000 22.264531059
4096 59.198419326 101.014585992 53.805812629 5.984254871 172.272755381 32.610343301
1
10574.713469004 3185 204
