5 4.605631379 0.002542356 0.003998375 42.634612980 5
111.821869629 81.939191223 0.014058015 0.011715013 3.240364601 0.500000000 0.500000000
21
1 0.138838776 2.838598268 0.428544788 0.634230757 9.763933052 0.517258121
2 0.158362720 3.041833098 0.439426335 0.637088246 9.771281687 0.526952505
4 0.197410609 3.448302759 -1.000000000 -1.000000000 9.785978958 0.546341274
8 -1.000000000 4.261242080 0.504715618 0.654233178 9.815373500 0.585118812
16 -1.000000000 -1.000000000 0.591767995 0.677093088 9.874162583 0.662673887
32 0.744081048 9.138878007 0.765872750 0.722812907 9.991740749 0.817784038
64 1.368847265 15.642392577 1.114082258 0.814252546 10.226897082 1.128004339
128 2.618379699 28.649421716 1.810501276 0.997131823 10.697209747 1.748444942
256 5.117444567 54.663479994 3.203339310 1.362890377 11.637835078 2.989326147
508 10.037478524 105.878657230 5.945489191 2.082977531 -1.000000000 5.432311020
512 10.115574302 106.691596551 5.989015379 2.094407486 13.519085740 5.471088558
830 16.324188582 171.320272586 9.449347372 3.003088894 -1.000000000 8.553902802
1024 20.111833772 210.747829665 11.560367518 3.557441702 17.281587063 -1.000000000
1290 25.305202949 264.808294524 14.454859059 4.317533698 19.236324079 13.013319634
1741 34.110501819 356.467202990 19.362436821 5.606261104 22.550558643 17.385487006
2048 40.104352712 -1.000000000 22.703071795 6.483510136 24.806589710 -1.000000000
2090 -1.000000000 427.396158764 23.160096775 6.603524662 25.115232397 20.768827167
2224 43.540566905 454.629626024 24.618224093 6.986428148 26.099949540 22.067874679
2522 49.358702299 -1.000000000 27.860925142 7.837959782 28.289842888 24.956801235
3887 76.008886238 792.609148813 42.714236996 11.738431864 -1.000000000 38.189635964
4096 80.089390592 835.085228346 44.988480349 12.335647003 39.856595003 40.215762307
29
2935.394405292 157 9
10974.461450516 1 48
12936.692353165 1214 11
18633.105159715 119 58
18865.735663432 1 17
19193.613281708 101 49
23107.524358832 36 28
23847.262389337 1 43
24595.072586008 1137 58
27170.821787826 4 59
38156.334006458 41 58
38312.797839454 5 11
46830.313765520 3214 6
48299.801523696 1171 57
48301.804794087 242 51
60054.887784267 14 35
61547.957845802 22 43
62297.578125662 178 59
62419.405532629 3 20
66398.440368905 181 8
72087.646897148 1 57
79479.147880022 2 58
80274.718884095 29 38
84658.077297714 2 4
85359.594522543 331 18
87377.085023489 172 53
92338.359834475 36 42
93987.107404447 8 60
94770.498593817 212 39
