6 6.197934885 0.003911995 0.205900825 117449.705381265 17
6262.520160835 65.008384657 0.036256363 0.011058270 0.163797477 0.500000000 0.500000000
21
1 0.114760602 2.784806913 0.425652286 0.520208707 14.116400942 0.603046701
2 0.129855685 2.898615547 0.428300240 -1.000000000 14.129572456 0.603647166
4 0.160045851 3.126232814 -1.000000000 0.524394251 14.155915484 0.604848097
8 0.220426183 3.581467347 0.444187965 0.529974977 14.208601540 0.607249958
16 0.341186847 4.491936415 0.465371598 0.541136429 14.313973653 0.612053681
32 0.582708174 6.312874550 0.507738863 0.563459334 14.524717878 0.621661127
64 1.065750830 9.954750821 0.592473394 0.608105142 14.946206328 0.640876018
128 -1.000000000 17.238503361 0.761942456 0.697396760 15.789183229 0.679305802
256 3.964006763 31.806008443 1.100880581 0.875979995 17.475137029 0.756165368
512 7.828348007 60.941018606 1.778756829 1.233146465 20.847044631 0.909884501
823 12.522918816 96.335503609 2.602270552 1.667047919 24.943385506 1.096629228
1010 15.345699334 117.617718064 3.097437968 1.927946864 27.406458637 1.208916251
1024 15.557030496 119.211038933 3.134509326 1.947479405 27.590859834 1.217322766
1151 17.474106035 133.664735381 3.470799496 2.124667458 29.263642121 1.293581867
1548 23.466853980 178.846762860 4.522037271 2.678554523 34.492733206 1.531966616
1734 26.274539415 200.015168682 -1.000000000 2.938058286 36.942634822 1.643653174
1848 27.995378876 212.989352895 -1.000000000 3.097108980 38.444187426 1.712106225
2048 31.014395473 235.751079585 5.846014319 3.376145285 41.078490240 1.832199297
2209 33.444703833 254.074269571 6.272334928 3.600769510 43.199104005 1.928874221
3399 51.407852586 389.506543376 9.423400301 5.261035523 58.873205746 2.643428002
4096 61.929125427 468.831160891 11.269024305 6.233477044 68.053751052 3.061952359
4
106.812484300 108 72
115.492250307 451 36
256.078121001 14 2
278.044136531 2 4
