6 5.646900299 0.001097592 0.631187348 8448.584984136 38
126.179467222 48.942210813 0.379758448 0.028280262 53.291881691 0.250000000 0.750000000
20
1 0.120259727 0.849967067 0.482155921 0.500763393 4.834857624 0.832083372
2 0.135792006 1.093263433 0.491471237 0.504727176 4.868370789 -1.000000000
4 0.166856563 1.579856165 0.510101868 -1.000000000 -1.000000000 -1.000000000
8 0.228985677 2.553041630 0.547363132 0.528509873 -1.000000000 0.886189409
16 0.353243906 4.499412560 0.621885659 0.560220136 5.337555100 -1.000000000
32 0.601760363 8.392154420 0.770930713 0.623640661 5.873765741 1.071695823
64 1.098793278 16.177638139 1.069020822 0.750481712 6.946187024 1.319037708
128 2.092859108 31.748605577 1.665201039 1.004163814 -1.000000000 1.813721479
256 4.080990767 62.890540454 2.857561472 1.511528018 13.380714718 2.803089020
370 5.851670526 90.626326203 3.919507484 1.963399262 17.201215536 -1.000000000
512 8.057254086 125.174410207 5.242282340 -1.000000000 21.960084977 4.781824103
1024 16.009780723 249.742149713 10.011724075 4.555713240 39.118825495 8.739294268
1188 18.557074411 289.642753774 11.539435881 5.205773626 44.614984568 10.006921430
1234 19.271559226 300.834386620 11.967940411 5.388107636 46.156590161 10.362475390
1796 28.000699793 437.566944437 17.203147941 7.615753593 64.990988933 14.706417251
2048 31.914833997 498.877628725 19.550607545 8.614626869 73.436306532 16.654234598
2106 32.815706155 512.988817966 20.090895866 8.844526274 75.380070106 17.102541765
2164 33.716578313 527.100007207 20.631184188 9.074425678 77.323833681 17.550848932
2167 33.763175149 -1.000000000 20.659130136 9.086317027 77.424373176 17.574037234
4096 63.724940546 997.148586750 38.628374485 16.732454127 142.071268605 32.484115258
13
11.020492880 1035 35
14.471407933 546 47
27.892017296 2028 35
42.007723087 32 6
50.611158932 4 16
62.157501509 17 36
66.399498560 11 35
88.812207158 3380 43
90.694797379 4 24
111.693527197 1 41
127.016034094 1304 13
147.379861790 1 4
162.071927230 82 23
