5 9.459454375 0.025953739 0.553104259 787.794481124 39
221.591428584 245.726086670 0.353555854 0.026253154 176.764022161 1.000000000 0.000000000
21
1 0.435599318 1.654496022 0.490703864 0.281642274 7.650362177 0.882343894
2 0.442020035 1.691748655 -1.000000000 0.283264233 7.682415616 0.891320565
4 0.454861470 1.766253921 0.540296467 0.286508149 7.746522493 0.909273907
8 0.480544340 1.915264454 0.606419937 0.292995981 7.874736246 0.945180592
16 0.531910080 2.213285519 0.738666877 0.305971646 -1.000000000 1.016993961
32 0.634641561 2.809327650 -1.000000000 0.331922975 8.644018768 1.160620699
64 0.840104521 4.001411911 1.532148520 0.383825633 9.669728798 -1.000000000
128 1.251030443 6.385580434 2.590124043 0.487630950 11.721148856 2.022381127
256 2.072882285 11.153917479 4.706075089 0.695241583 15.823988974 3.171395031
512 3.716585970 20.690591569 8.937977182 1.110462850 24.029669209 5.469422840
1024 7.003993339 39.763939750 17.401781367 1.940905383 40.441029680 10.065478457
1638 10.946313896 62.637056514 27.551734042 2.936787639 60.121840869 15.577154529
1725 11.504916320 65.878035599 28.989919519 3.077897991 62.910490011 16.358124917
1853 12.326768163 70.646372644 31.105870565 3.285508625 67.013330129 17.507138821
1893 12.583596863 72.136477971 31.767105267 3.350386948 68.295467666 17.866205666
2048 13.578808079 77.910636112 34.329389737 3.601790449 73.263750621 -1.000000000
2274 15.029890238 86.329731207 38.065365803 3.968352973 80.507827703 21.286317365
2356 15.556389075 89.384447126 39.420896942 4.101353535 83.136209654 22.022404398
3347 21.919320136 126.301806593 55.802986684 5.708713985 114.901167127 30.918285484
3720 24.314247770 140.197038764 61.969000279 6.313704346 -1.000000000 34.266583815
4096 26.728437557 154.204028834 68.184606478 6.923560581 138.909192502 37.641812158
25
570.036639264 2 34
632.486070745 2731 47
861.593094162 3398 52
1500.470713886 3 39
2339.876533397 146 178
2434.782762299 5 203
2940.126036127 290 54
3434.072895763 354 83
3658.688354135 880 177
4883.361749985 2 142
5391.343509493 89 11
5812.424196561 3706 11
5834.185386190 201 188
6187.234821638 3 72
6765.756671099 74 167
6966.636098670 161 40
7047.161480559 70 78
7080.781334189 43 150
7132.218637652 1 198
7488.835280993 1123 35
7571.756777498 2935 122
8098.863682821 9 192
8234.063559081 613 196
8316.003874823 6 184
8325.529776656 1031 89
