1 5.228957174 1.209568819 0.484734461 4921.699111862 51
498.852297460 141.509801888 0.717265355 0.029164780 130.965124355 0.500000000 0.500000000
21
1 0.421146287 3.365983933 0.434788890 0.350807391 12.909160130 0.947642369
2 -1.000000000 3.528901102 0.449713235 0.357317190 -1.000000000 0.954672263
4 0.472733376 3.854735439 0.479561924 0.370336787 -1.000000000 0.968732052
8 0.541516161 4.506404114 0.539259302 -1.000000000 13.018002197 -1.000000000
16 -1.000000000 5.809741463 0.658654057 0.448454370 13.142393130 1.053090786
32 -1.000000000 -1.000000000 0.897443568 0.552611148 13.391174998 1.165569098
62 1.470083756 13.303931224 1.345173902 0.747905107 13.857640999 1.376465933
64 1.504475148 13.629765561 1.375022591 0.760924704 13.888738733 1.390525722
128 2.604999706 24.056464358 2.330180635 1.177551815 14.883866203 1.840438971
256 4.806048820 44.909861952 4.240496725 2.010806038 -1.000000000 2.740265468
512 9.208147049 86.616657140 8.061128903 3.677314484 20.854631024 4.539918462
986 17.358907051 -1.000000000 15.135268171 6.762959028 28.224793849 7.872088459
1024 18.012343507 170.030247516 15.702393260 -1.000000000 28.815650784 8.139224450
1066 18.734562747 176.872768601 16.329215727 7.283742917 29.468703187 8.434480019
1320 23.102269584 218.253729452 20.119999217 8.937231765 33.418115334 10.220073224
2048 35.620736422 336.857428268 30.984921974 13.676365158 44.737690306 15.337836426
2052 35.689519207 337.509096943 31.044619352 13.702404352 44.799885773 15.365956004
2178 37.856176929 358.036660199 32.925086752 14.522638978 46.759042979 16.251722712
3050 -1.000000000 500.100431308 45.939115111 20.199183371 60.317654760 22.381790722
3929 67.965840987 -1.000000000 59.057613880 25.921296354 73.985108607 28.561067994
4096 70.837522254 670.511789771 61.549979402 27.008432723 76.581769349 29.735060377
33
9.800574295 14 50
11.504542283 18 35
16.509352381 301 65
17.153012259 16 12
20.480239610 293 230
27.244928558 1 249
27.543019191 962 159
40.577628399 171 179
50.168199319 1506 215
50.382882155 3458 33
54.443394241 4 114
61.075176815 845 173
82.010038135 315 108
97.369420189 5 214
101.642993024 1881 116
118.623064501 102 9
127.085750126 1 38
140.920181218 810 63
141.922963404 639 193
144.380812995 51 173
144.944635129 2 139
153.055094588 148 14
153.816003633 3 134
157.002362031 1224 173
158.075858678 3882 191
160.261698345 740 103
160.470990102 803 77
161.734095511 32 83
162.834906662 30 103
163.155031282 23 224
165.347088080 1 125
181.705064089 322 138
184.951456654 2 142
