1 3.388882105 3.275300822 7.751461325 1018.395238675 18
237.755896573 105.500802599 0.604660171 0.045614094 135.481557526 0.250000000 0.750000000
21
1 0.304685683 3.642047152 0.154883370 0.240981406 2.781966116 0.606552821
2 0.322000077 3.814885047 0.164903132 0.247483781 2.811375776 -1.000000000
4 0.356628863 4.160560836 0.184942656 0.260488529 2.870195096 0.611362162
8 0.425886436 4.851912414 0.225021705 0.286498026 2.987833736 0.617774617
16 0.564401583 6.234615570 0.305179802 0.338517021 3.223111015 0.630599527
32 0.841431876 9.000021881 0.465495996 0.442555010 3.693665574 0.656249348
64 1.395492462 14.530834505 0.786128384 0.650630987 4.634774693 0.707548988
128 2.503613634 25.592459751 1.427393160 1.066782942 6.516992930 0.810148269
256 4.719855978 -1.000000000 2.709922712 1.899086853 -1.000000000 -1.000000000
512 9.152340667 91.962211231 5.274981816 3.563694673 17.810302352 1.425743954
1024 18.017310044 180.455213205 10.405100025 6.892910314 32.868048247 2.246538201
1788 31.245506536 312.503364587 18.060198290 11.860724279 55.337028451 3.471317116
2022 35.297074572 352.947431895 20.404822627 13.382279864 62.218888880 3.846445737
2048 -1.000000000 357.441217152 20.665336442 13.551341596 62.983540039 3.888126695
2109 36.803426790 367.984328715 21.276541932 13.947986428 64.777529296 3.985916634
2499 43.556040183 -1.000000000 -1.000000000 16.483912405 76.247296677 4.611131002
2536 44.196672735 -1.000000000 25.554980360 -1.000000000 77.335454096 4.670446211
3011 -1.000000000 -1.000000000 30.314367370 19.813128046 91.305042573 5.431925249
3352 58.325217680 582.821831553 33.731106255 22.030437682 101.333736617 5.978587042
3860 67.120929484 670.623481949 38.821145415 25.333643826 116.273843873 6.792968834
4096 71.207126306 711.413225046 41.185809277 26.868204160 123.214523622 7.171303682
28
22.990096914 1627 80
27.017727637 2288 159
32.866557870 506 74
41.156307060 3252 16
63.220329335 3 102
75.130018034 55 200
77.259922235 118 213
98.490076610 2484 141
106.475142233 408 32
130.548018830 182 150
144.421424002 47 187
153.673613663 225 86
157.333019451 1 14
157.555995639 61 36
160.191418174 3080 26
165.656994894 3568 189
175.024825135 57 113
179.390297873 81 86
180.337973068 177 178
187.832352232 53 25
208.383029299 1 16
215.533817824 46 198
235.553311905 1065 183
244.605495711 1 62
250.140816143 1 64
250.161885076 14 158
260.813205858 47 59
264.231490253 127 35
