7 8.647869188 0.020606778 0.056672491 351345.562643816 63
22936.839440434 970.931087422 0.002838870 0.001336446 10.304868406 0.000000000 1.000000000
21
1 0.256391639 3.541214560 0.083108340 0.206146493 15.110840046 0.079385034
2 0.274573398 3.776113184 -1.000000000 0.215235370 15.142127237 0.086306710
4 0.310936916 -1.000000000 0.131559812 0.233413123 15.204701620 0.100150061
8 0.383663951 5.185504924 0.196161774 0.269768629 -1.000000000 0.127836765
16 0.529118022 7.064693912 0.325365698 0.342479642 15.580147918 -1.000000000
32 0.820026165 10.823071887 0.583773546 0.487901668 16.080742982 0.293956986
64 1.401842449 18.339827838 -1.000000000 0.778745719 17.081933109 -1.000000000
128 2.565475017 33.373339740 2.134220635 1.360433821 19.084313364 0.958437870
256 -1.000000000 63.440363543 4.201483421 2.523810026 23.089073873 1.844412382
280 5.329102367 -1.000000000 4.589095194 2.741943065 -1.000000000 2.010532603
389 7.310914085 -1.000000000 6.349498660 3.732630614 27.250270341 2.764995273
512 9.547270427 123.574411149 8.336008993 4.850562436 31.098594893 3.616361406
686 12.710896472 164.446771631 11.146194342 6.432026964 36.542566211 4.820733008
742 13.729074969 177.601094545 12.050621811 6.941004054 38.294648934 -1.000000000
1024 -1.000000000 243.842506361 16.605060136 9.504067255 47.117636932 7.160259454
1170 21.510867770 278.137705387 18.963031751 10.831043239 51.685566888 8.170824132
2048 37.474452066 484.378696786 33.143162422 18.811076894 -1.000000000 -1.000000000
2390 43.692613603 564.714026010 38.666630177 21.919472691 89.855940496 16.615268699
4049 -1.000000000 954.410842332 65.460293939 36.997918971 141.761391165 28.098328976
4073 74.292513797 960.048409295 65.847905712 37.216052010 142.512283760 28.264449197
4096 74.710694252 965.451077635 66.219366993 37.425096172 143.231889164 28.423647742
18
69.003143631 4 75
741.831014318 30 57
891.650374088 1062 16
925.750300769 2 71
945.262573719 1 28
1230.690909013 32 67
1589.380416106 7 21
1620.983001980 9 7
2703.221653601 78 13
2983.543181567 17 53
3318.981159225 1 43
3349.147913300 1935 75
3922.631170485 2 39
4220.656478844 266 10
4396.415585962 828 53
4583.953780713 131 36
4948.317959432 63 44
4961.226948540 5 25
