6 9.097306838 0.046866655 44.306491327 15898.456266958 53
153.289508832 81.176861359 0.096728166 0.020603856 18.246103372 0.250000000 0.750000000
21
1 0.301045090 4.181059633 0.428861455 0.821584493 17.356423288 0.526868995
2 0.309191397 4.326258480 0.442816490 -1.000000000 17.358587990 -1.000000000
4 0.325484011 4.616656172 0.470726559 0.830829323 17.362917393 0.535829347
8 0.358069240 5.197451556 0.526546697 0.843155762 -1.000000000 0.547776484
16 0.423239697 6.359042325 0.638186974 0.867808641 17.388893815 0.571670757
32 -1.000000000 -1.000000000 0.861467527 0.917114398 17.423529043 0.619459304
64 0.814262440 13.328586937 1.308028633 1.015725913 17.492799500 0.715036396
128 -1.000000000 22.621313087 2.201150845 1.212948943 17.631340414 0.906190582
256 2.378353413 41.206765388 3.987395269 1.607395003 17.908422242 1.288498953
512 4.463808043 78.377669988 7.559884116 2.396287122 18.462585898 2.053115695
1024 8.634717303 152.719479189 14.704861811 3.974071361 19.570913209 3.582349180
1033 8.708034068 154.026268803 14.830457123 4.001805849 19.590395525 -1.000000000
1290 10.801635005 191.342372250 18.416901005 4.793779579 20.146723883 -1.000000000
1686 14.027572636 248.841115304 23.943094691 6.014097076 21.003945788 5.559600287
1814 15.070299951 267.426567604 25.729339115 6.408543135 -1.000000000 5.941908658
2048 16.976535824 301.403097590 28.994817202 7.129639838 21.787567832 6.640816149
2528 20.886763255 371.098543716 35.693233791 8.608812562 22.826624687 8.074472541
2604 21.505882598 382.133656019 36.753816418 -1.000000000 22.991142022 8.301468136
2981 24.577040394 436.873620997 -1.000000000 10.004781820 23.807234593 9.427485760
3818 31.395499477 558.405055178 53.695228375 12.584089257 -1.000000000 11.927424093
4096 33.660172865 598.770334392 57.574727983 13.440776793 26.220877078 12.757750087
3
617.334636888 1811 57
1212.258167889 33 85
1502.893150146 79 34
