7 2.611335916 15.270195974 0.820261433 5518.025781237 41
408.698674136 272.086370828 0.280178855 0.020785000 408.397965056 0.250000000 0.750000000
21
1 0.431140129 4.061878378 0.331295784 0.174519572 1.732009236 0.548045412
2 0.442323063 4.308158101 0.334168348 0.182770054 1.734723143 0.557394494
4 0.464688930 4.800717546 0.339913477 0.199271019 1.740150956 0.576092657
8 0.509420664 5.785836437 0.351403735 0.232272949 1.751006582 0.613488983
16 0.598884132 7.756074219 0.374384252 0.298276808 1.772717835 -1.000000000
32 0.777811067 11.696549782 -1.000000000 0.430284526 1.816140341 0.837866941
64 1.135664938 19.577500908 0.512267349 0.694299963 1.902985353 1.137037552
128 1.851372681 35.339403160 0.696111479 1.222330836 2.076675376 1.735378774
242 3.126227097 63.415291546 1.023583835 2.162885829 2.386060731 2.801174076
256 3.282788166 66.863207664 1.063799739 2.278392583 2.424055423 2.932061218
512 6.145619135 129.910816672 1.799176259 -1.000000000 3.118815518 5.325426106
727 -1.000000000 182.860957049 2.416777633 6.164369792 3.702305440 -1.000000000
886 10.328036255 222.019432957 2.873515393 7.476196493 4.133816593 -1.000000000
1024 11.871281074 256.006034688 3.269929298 8.614763063 -1.000000000 10.112155882
1233 14.208514171 307.478496729 3.870295285 -1.000000000 5.075542189 12.066113935
2048 23.322604953 508.196470720 6.211435377 17.063257037 7.287376083 19.685615433
3103 35.120599769 768.021578155 9.241990956 25.767515965 10.150547564 29.548896514
3336 37.726223268 825.404753541 9.911298492 27.689878363 10.782887806 -1.000000000
3840 43.362421740 949.529733776 11.359071015 31.848121491 12.150696742 36.439169648
3902 -1.000000000 -1.000000000 11.537170016 32.359651400 12.318958952 -1.000000000
4096 46.225252709 1012.577342784 12.094447535 33.960244985 12.845456836 38.832534536
229
45.969227639 3832 44
207.320426329 31 63
388.415603097 3495 64
416.032666708 653 52
491.421702291 69 43
587.558177168 31 62
821.662223037 1294 34
850.660911486 27 12
1152.639045056 40 58
1307.309607046 336 32
1516.129799217 4 5
1684.361539236 2 58
1942.181667370 2 34
1967.076566855 29 37
2082.362745861 48 30
2261.283121075 1062 46
2269.109545154 1810 15
2349.738821940 2235 63
2491.372522534 3 58
2664.190800102 54 6
2765.297645050 1528 8
2855.558041853 1960 62
3089.431999959 176 30
3154.703978402 7 61
3182.626686810 4 33
3346.115271155 47 39
3532.506930035 32 46
3542.048287704 5 52
3644.140269811 58 11
3756.852864340 2 19
3807.344790954 1 26
3883.683773323 5 40
3889.176018929 1 6
4135.472782955 26 12
4204.539877083 220 56
4526.403282291 206 62
4561.938251479 1 21
4634.084355011 2167 34
4654.231425428 1 32
4723.054668568 106 56
4745.084828968 547 27
4820.076585703 266 5
4906.259798196 119 28
4930.320664435 29 6
4962.760031556 104 23
5123.363391899 15 30
5214.809093586 93 45
5229.944518300 475 29
5272.602512956 3238 26
5452.925354482 93 64
5475.530523782 17 52
5669.582524871 4028 6
5684.839515019 537 5
5746.648244839 211 28
5750.751746208 144 60
5753.293708101 442 21
5775.884607417 2 62
5901.806926977 398 62
6030.242298967 12 36
6043.914882651 1650 54
6070.649135746 28 22
6094.775645184 1 36
6162.399065202 12 30
6234.671048936 4 58
6235.361067085 70 3
6286.127006196 15 34
6291.441749031 721 33
6447.569485161 103 48
6456.278073971 3071 20
6480.264107040 1233 4
6583.115246658 339 31
6827.414204849 4 37
6929.882025741 344 21
7066.029903210 125 3
7152.192396170 5 13
7364.519625638 5 47
7605.218664699 11 12
7673.846522875 11 39
8032.246567848 22 14
8069.164308937 6 7
8099.792719474 11 3
8181.309060127 20 53
8430.623091717 9 46
8489.360897513 10 46
8505.760562192 1810 37
8576.922526802 9 28
8598.156756473 67 2
8670.365606659 2 21
8752.206535472 16 59
8955.138652513 8 18
9143.978914656 3231 55
9203.007218972 143 15
9231.490132895 599 43
9431.985752252 70 22
9457.326209736 213 1
9460.074441669 1090 34
9462.697835409 4 52
9782.740213584 234 49
9861.727459649 116 28
9958.682134861 536 5
10201.313781688 61 47
10513.418325721 5 13
10609.372971093 2524 61
10994.566496866 347 54
11104.742987950 86 1
11111.962062849 206 61
11145.249581981 6 21
11200.428676374 18 15
11243.787656112 2 7
11302.129507578 2101 31
11307.343287867 23 40
11381.725483776 2 16
11452.246555933 18 22
11603.167838221 297 32
12294.637730926 11 51
12353.254486199 37 54
12641.825329705 133 25
12841.530341099 1648 25
12939.313914463 4 39
13099.182273346 1 2
13251.838128665 3328 20
13333.037313781 13 19
13452.801560013 188 9
13629.052599693 10 29
13639.573194422 4 2
13778.938458488 18 10
13994.074098582 14 4
14298.355349340 14 17
14540.654126210 10 55
14670.047547714 18 64
14978.944501409 1 9
15110.077061222 16 30
15186.058054205 903 39
15223.915555879 3070 15
15293.493228597 123 18
15592.799968119 370 28
15758.517900032 8 62
15835.126888157 191 22
15930.495873534 314 16
16136.033214698 3707 40
16469.563737171 47 48
16702.336864464 356 26
16709.731799087 2158 36
16748.987603280 10 24
16780.853584790 3117 62
16804.484497212 282 36
16810.819913382 2020 9
16882.801753021 45 38
17497.224731349 1595 54
17656.776916058 1 52
17774.738051535 225 40
17840.212096494 5 39
17862.085972772 40 12
18026.177253683 33 33
18046.658469449 3 36
18138.790190377 21 14
18489.644099305 2218 52
18692.951742846 3306 44
18798.974769388 820 2
18840.617067284 879 37
19035.701627699 101 25
19173.869510617 1 44
19213.953386308 2 8
19216.003082813 3 40
19217.568341131 863 13
19314.017694688 87 37
19320.240615191 412 1
19701.776424276 2 51
19970.716064850 2974 35
20030.732048065 80 31
20135.713448389 8 58
20414.615067535 2 24
20435.978386314 17 37
20439.935636935 1485 38
20529.474853637 236 40
20819.554932237 83 47
20897.622720361 1214 4
21025.416548369 468 21
21025.698957730 1142 46
21174.728196562 3909 39
21410.388246886 6 15
21686.776822678 3 34
21787.895328890 774 35
22048.470583448 14 19
22149.827685836 43 29
22216.594406942 59 26
22258.171792622 57 53
22334.114073928 173 15
22376.183314541 109 12
22452.079179854 3 44
22455.073315200 13 60
22482.311538641 8 58
22560.804305102 96 1
22794.212402102 115 63
22825.605765627 3459 2
22915.738457956 1486 59
23046.874788074 12 53
23125.213921275 17 42
23131.060458246 165 20
23292.090116032 49 2
23350.389682732 6 18
23549.523779562 5 46
23624.847162046 1 55
23634.100730764 7 43
23659.288179213 1 64
23766.116764066 1398 50
23906.170467278 1 61
23997.011279196 190 9
24000.617468744 3102 7
24079.544016280 3 2
24134.867619424 29 58
24144.903949966 68 4
24391.893254597 256 20
24514.710771296 76 56
24843.973764008 23 53
24872.288678062 234 7
25450.681121261 289 59
25557.861818314 1893 63
25571.446569287 54 7
25669.439139033 72 56
25737.021573873 231 17
25741.534870162 1670 9
25766.896065089 48 10
26070.205461425 22 48
26260.015216320 157 34
26339.905439414 158 17
26370.557286351 159 30
26390.532381852 1594 16
26421.978266143 489 51
