7 9.585117486 0.369619687 6.262865551 8552.513125950 56
279.876470993 210.120837976 1.167412603 0.018685910 1844.287274907 0.500000000 0.500000000
21
1 0.092960855 1.937936700 0.182184166 0.374373067 16.941987363 0.774963927
2 0.097598148 2.233197294 0.191668394 0.379981939 16.962933302 0.784266923
4 0.106872735 2.823718483 0.210636850 0.391199684 -1.000000000 0.802872915
8 0.125421907 4.004760860 0.248573762 0.413635173 17.088608939 0.840084897
16 -1.000000000 -1.000000000 0.324447587 0.458506150 17.256176455 -1.000000000
32 0.236716942 11.091015125 0.476195236 0.548248106 17.591311487 1.063356795
53 -1.000000000 17.291487606 0.675364026 0.666034423 18.031176216 1.258719705
64 0.385110322 20.539354144 0.779690535 0.727732017 18.261581551 1.361052658
128 0.681897082 39.436032183 1.386681132 -1.000000000 19.602121678 1.956444385
256 1.275470602 77.229388261 2.600662326 1.804635484 -1.000000000 3.147227838
512 2.462617642 152.816100416 -1.000000000 3.240506773 27.645362443 5.528794744
1024 4.836911722 303.989524727 9.884549491 6.112249351 38.369683462 10.291928556
1325 6.232736952 392.862963628 12.739302143 7.800519890 44.674411248 13.092130270
2042 9.557676123 604.564809782 19.539493676 -1.000000000 59.692649863 19.762378207
2048 9.585499882 606.336373348 19.596399045 11.855734507 59.818325500 19.818196181
2141 10.016768142 633.795608623 20.478432256 12.377359624 61.766297873 20.683374784
2258 10.559331438 668.341098163 21.588086941 13.033597674 64.216972793 21.771825284
2896 -1.000000000 856.717357362 27.639024456 16.612058152 77.580482188 27.707136558
3126 14.584501870 924.627294064 29.820396915 17.902098763 82.398048271 29.846825575
4044 -1.000000000 1195.676519684 38.526918292 23.051043464 101.626420723 38.386975653
4096 19.082676201 1211.030070590 39.020098152 23.342704819 102.715609577 38.870731431
590
0.000000000 39 45
0.000000000 53 58
0.000000000 2803 7
0.000000000 17 2
0.000000000 3 39
0.000000000 3925 23
0.000000000 1 21
0.000000000 80 36
0.000000000 319 41
0.000000000 44 35
0.000000000 684 6
0.000000000 3982 6
0.000000000 8 30
0.000000000 8 48
0.000000000 12 9
0.000000000 185 8
0.000000000 1235 34
0.000000000 96 10
0.000000000 26 10
0.000000000 1 26
0.000000000 1167 23
0.000000000 21 54
0.000000000 14 29
0.000000000 2 50
0.000000000 1043 48
0.000000000 3466 27
0.000000000 1 12
0.000000000 854 15
0.000000000 56 18
0.000000000 224 36
0.000000000 1649 39
0.000000000 706 26
0.000000000 83 48
0.000000000 3 7
0.000000000 16 52
0.000000000 4 41
0.000000000 1592 42
0.000000000 12 15
0.000000000 7 44
0.000000000 626 50
0.000000000 99 43
0.000000000 823 6
0.000000000 27 10
0.000000000 16 59
0.000000000 1683 58
0.000000000 3807 42
0.000000000 442 48
0.000000000 21 42
0.000000000 255 32
0.000000000 3 44
0.000000000 9 60
0.000000000 1 49
0.000000000 1 55
0.000000000 1854 62
0.000000000 3140 21
0.000000000 1 47
0.000000000 460 48
0.000000000 806 18
0.000000000 42 46
0.000000000 2 52
0.000000000 489 4
0.000000000 29 27
0.000000000 106 55
0.000000000 102 31
0.000000000 630 53
0.000000000 1456 11
0.000000000 45 28
0.000000000 3 20
0.000000000 2 6
0.000000000 49 13
0.000000000 15 56
0.000000000 947 43
0.000000000 2205 53
0.000000000 117 55
0.000000000 22 36
0.000000000 40 10
0.000000000 1 3
0.000000000 121 63
0.000000000 2 53
0.000000000 651 48
0.000000000 44 56
0.000000000 1 21
0.000000000 504 63
0.000000000 578 64
0.000000000 2 2
0.000000000 2 27
0.000000000 4 63
0.000000000 59 44
0.000000000 1862 40
0.000000000 1362 64
0.000000000 9 41
0.000000000 6 4
0.000000000 177 58
0.000000000 1 61
0.000000000 38 36
0.000000000 1680 12
0.000000000 5 46
0.000000000 3 1
0.000000000 1 30
0.000000000 5 42
0.000000000 1 5
0.000000000 555 58
0.000000000 1 36
0.000000000 352 13
0.000000000 1713 29
0.000000000 55 25
0.000000000 924 55
0.000000000 175 41
0.000000000 5 55
0.000000000 13 32
0.000000000 10 58
0.000000000 165 62
0.000000000 756 52
0.000000000 1 64
0.000000000 145 18
0.000000000 1234 44
0.000000000 101 11
0.000000000 6 36
0.000000000 2 61
0.000000000 32 33
0.000000000 3 12
0.000000000 18 42
0.000000000 7 12
0.000000000 836 64
0.000000000 23 19
0.000000000 2506 40
0.000000000 60 11
0.000000000 295 30
0.000000000 171 40
0.000000000 3 24
0.000000000 15 4
0.000000000 1 20
0.000000000 2 42
0.000000000 9 40
0.000000000 10 14
0.000000000 148 60
0.000000000 108 38
0.000000000 790 4
0.000000000 7 34
0.000000000 1 52
0.000000000 95 14
0.000000000 5 9
0.000000000 18 46
0.000000000 8 26
0.000000000 3 15
0.000000000 2 56
0.000000000 2 9
0.000000000 277 25
0.000000000 697 62
0.000000000 3807 4
0.000000000 187 52
0.000000000 423 2
0.000000000 10 21
0.000000000 3029 30
0.000000000 19 10
0.000000000 63 31
0.000000000 6 40
0.000000000 41 39
0.000000000 9 59
0.000000000 1749 36
0.000000000 32 14
0.000000000 493 39
0.000000000 1093 45
0.000000000 31 26
0.000000000 1 2
0.000000000 977 34
0.000000000 164 60
0.000000000 5 40
0.000000000 76 24
0.000000000 1 59
0.000000000 24 30
0.000000000 795 43
0.000000000 2137 57
0.000000000 7 27
0.000000000 1 62
0.000000000 33 44
0.000000000 3 25
0.000000000 35 23
0.000000000 76 14
0.000000000 8 23
0.000000000 40 24
0.000000000 77 48
0.000000000 554 16
0.000000000 9 6
0.000000000 244 4
0.000000000 1 22
0.000000000 33 31
0.000000000 64 60
0.000000000 400 14
0.000000000 1 34
0.000000000 1074 14
0.000000000 311 15
0.000000000 252 9
0.000000000 5 32
0.000000000 1 14
0.000000000 30 8
0.000000000 46 50
0.000000000 1 17
0.000000000 941 37
0.000000000 264 11
0.000000000 562 64
0.000000000 53 20
0.000000000 12 6
0.000000000 75 20
0.000000000 30 37
0.000000000 2284 1
0.000000000 2453 4
0.000000000 49 1
0.000000000 3452 56
0.000000000 1128 49
0.000000000 567 2
0.000000000 183 15
0.000000000 47 39
0.000000000 6 20
0.000000000 914 8
0.000000000 4019 23
0.000000000 44 61
0.000000000 3291 11
0.000000000 8 46
0.000000000 3 17
0.000000000 143 44
0.000000000 1379 28
0.000000000 14 58
0.000000000 2228 50
0.000000000 5 19
0.000000000 2778 55
0.000000000 1 25
0.000000000 1 13
0.000000000 176 49
0.000000000 63 8
0.000000000 20 42
0.000000000 1727 42
0.000000000 813 14
0.000000000 1 17
0.000000000 3966 42
0.000000000 1 42
0.000000000 918 35
0.000000000 112 29
0.000000000 735 52
0.000000000 18 9
0.000000000 2 37
0.000000000 384 43
0.000000000 4 54
0.000000000 56 16
0.000000000 111 50
0.000000000 10 12
0.000000000 871 61
0.000000000 15 35
0.000000000 31 58
0.000000000 1649 32
0.000000000 740 54
0.000000000 12 45
0.000000000 1 10
0.000000000 1 33
0.000000000 2987 2
0.000000000 105 37
0.000000000 7 24
0.000000000 1 59
0.000000000 187 3
0.000000000 130 3
0.000000000 12 23
0.000000000 2225 8
0.000000000 1 6
0.000000000 7 57
0.000000000 1301 20
0.000000000 2 1
0.000000000 6 41
0.000000000 62 17
0.000000000 8 8
0.000000000 38 39
0.000000000 290 29
0.000000000 25 41
0.000000000 385 35
0.000000000 16 58
0.000000000 21 26
0.000000000 2344 49
0.000000000 1 58
0.000000000 1010 27
0.000000000 47 24
0.000000000 4 60
0.000000000 390 41
0.000000000 1 25
0.000000000 2 15
0.000000000 112 6
0.000000000 730 56
0.000000000 1 59
0.000000000 3 54
0.000000000 10 36
0.000000000 1 14
0.000000000 7 2
0.000000000 14 56
0.000000000 2 47
0.000000000 29 18
0.000000000 38 26
0.000000000 17 57
0.000000000 1826 42
0.000000000 11 18
0.000000000 3 23
0.000000000 1 61
0.000000000 2840 39
0.000000000 63 34
0.000000000 279 61
0.000000000 746 18
0.000000000 6 10
0.000000000 131 49
0.000000000 41 5
0.000000000 2930 52
0.000000000 17 5
0.000000000 985 22
0.000000000 30 27
0.000000000 3 48
0.000000000 1011 48
0.000000000 144 52
0.000000000 356 30
0.000000000 7 45
0.000000000 2946 56
0.000000000 2119 28
0.000000000 208 24
0.000000000 16 46
0.000000000 4 17
0.000000000 1 11
0.000000000 310 14
0.000000000 12 51
0.000000000 3347 14
0.000000000 1494 53
0.000000000 682 27
0.000000000 1 5
0.000000000 1267 45
0.000000000 1535 41
0.000000000 5 38
0.000000000 56 14
0.000000000 50 2
0.000000000 35 44
0.000000000 25 33
0.000000000 3215 37
0.000000000 1 36
0.000000000 171 11
0.000000000 960 48
0.000000000 13 30
0.000000000 1 17
0.000000000 3928 53
0.000000000 1354 41
0.000000000 796 61
0.000000000 8 61
0.000000000 2 7
0.000000000 595 43
0.000000000 94 33
0.000000000 3258 47
0.000000000 47 19
0.000000000 3582 62
0.000000000 2 16
0.000000000 252 18
0.000000000 2794 25
0.000000000 5 39
0.000000000 28 5
0.000000000 1 3
0.000000000 36 15
0.000000000 284 32
0.000000000 7 41
0.000000000 77 29
0.000000000 3 63
0.000000000 129 48
0.000000000 3444 53
0.000000000 199 11
0.000000000 2042 13
0.000000000 1255 45
0.000000000 8 53
0.000000000 3449 40
0.000000000 279 52
0.000000000 2 9
0.000000000 7 58
0.000000000 1284 55
0.000000000 900 44
0.000000000 89 53
0.000000000 7 48
0.000000000 3130 4
0.000000000 1076 55
0.000000000 5 56
0.000000000 3557 37
0.000000000 28 39
0.000000000 112 46
0.000000000 77 33
0.000000000 81 26
0.000000000 86 35
0.000000000 103 11
0.000000000 4 10
0.000000000 1 12
0.000000000 15 9
0.000000000 7 62
0.000000000 48 38
0.000000000 17 52
0.000000000 102 19
0.000000000 41 8
0.000000000 878 3
0.000000000 165 50
0.000000000 25 34
0.000000000 44 5
0.000000000 2196 25
0.000000000 16 33
0.000000000 3 58
0.000000000 35 26
0.000000000 1 22
0.000000000 23 62
0.000000000 2 29
0.000000000 23 40
0.000000000 2023 30
0.000000000 2137 23
0.000000000 94 28
0.000000000 1 33
0.000000000 948 13
0.000000000 178 21
0.000000000 361 43
0.000000000 459 22
0.000000000 5 50
0.000000000 754 26
0.000000000 2 20
0.000000000 2302 64
0.000000000 477 11
0.000000000 41 1
0.000000000 11 11
0.000000000 559 11
0.000000000 60 61
0.000000000 1 19
0.000000000 3192 57
0.000000000 86 4
0.000000000 120 13
0.000000000 11 18
0.000000000 377 5
0.000000000 34 26
0.000000000 308 13
0.000000000 209 43
0.000000000 4 21
0.000000000 2925 7
0.000000000 77 43
0.000000000 1 9
0.000000000 76 62
0.000000000 84 49
0.000000000 310 56
0.000000000 1 1
0.000000000 18 15
0.000000000 3346 47
0.000000000 11 55
0.000000000 38 24
0.000000000 1782 17
0.000000000 318 30
0.000000000 58 30
0.000000000 1331 29
0.000000000 2 52
0.000000000 111 46
0.000000000 1 45
0.000000000 11 31
0.000000000 27 37
0.000000000 355 45
0.000000000 1 44
0.000000000 2 26
0.000000000 29 41
0.000000000 190 28
0.000000000 14 41
0.000000000 168 58
0.000000000 1 26
0.000000000 993 39
0.000000000 35 55
0.000000000 2 20
0.000000000 955 24
0.000000000 983 60
0.000000000 332 17
0.000000000 6 26
0.000000000 2569 22
0.000000000 768 45
0.000000000 1040 63
0.000000000 378 28
0.000000000 531 6
0.000000000 246 64
0.000000000 48 6
0.000000000 1 42
0.000000000 1448 47
0.000000000 101 13
0.000000000 50 52
0.000000000 25 60
0.000000000 1 8
0.000000000 10 60
0.000000000 1005 53
0.000000000 65 34
0.000000000 34 59
0.000000000 142 5
0.000000000 1669 51
0.000000000 6 56
0.000000000 26 21
0.000000000 922 35
0.000000000 146 3
0.000000000 42 39
0.000000000 4042 56
0.000000000 54 57
0.000000000 7 60
0.000000000 96 41
0.000000000 713 18
0.000000000 489 23
0.000000000 126 17
0.000000000 1 10
0.000000000 196 52
0.000000000 462 20
0.000000000 1 27
0.000000000 26 14
0.000000000 6 45
0.000000000 171 46
0.000000000 2 24
0.000000000 1 9
0.000000000 2563 30
0.000000000 1681 1
0.000000000 42 53
0.000000000 1 37
0.000000000 19 36
0.000000000 5 6
0.000000000 187 35
0.000000000 117 8
0.000000000 199 24
0.000000000 818 24
0.000000000 90 63
0.000000000 137 44
0.000000000 1482 13
0.000000000 2 5
0.000000000 2 17
0.000000000 12 58
0.000000000 964 58
0.000000000 7 59
0.000000000 29 6
0.000000000 3 7
0.000000000 1 57
0.000000000 152 32
0.000000000 773 51
0.000000000 16 19
0.000000000 419 34
0.000000000 1535 26
0.000000000 3531 26
0.000000000 4 64
0.000000000 255 54
0.000000000 15 62
0.000000000 1417 37
0.000000000 3 55
0.000000000 14 64
0.000000000 999 47
0.000000000 38 22
0.000000000 23 22
0.000000000 1441 57
0.000000000 3 30
0.000000000 7 17
0.000000000 1 62
0.000000000 365 41
0.000000000 1 33
0.000000000 2 53
0.000000000 175 58
0.000000000 1386 51
0.000000000 10 35
0.000000000 2650 46
0.000000000 2 33
0.000000000 1 15
0.000000000 532 28
0.000000000 379 47
0.000000000 169 12
0.000000000 14 39
0.000000000 53 2
0.000000000 8 55
0.000000000 1 25
0.000000000 379 4
0.000000000 1 35
0.000000000 2 34
0.000000000 822 31
0.000000000 1 33
0.000000000 182 1
0.000000000 1 50
0.000000000 3 57
0.000000000 2 22
0.000000000 338 7
0.000000000 1 10
0.000000000 8 50
0.000000000 27 26
0.000000000 3416 25
0.000000000 47 7
0.000000000 841 5
0.000000000 138 54
0.000000000 756 50
0.000000000 23 50
0.000000000 1455 53
0.000000000 1671 22
0.000000000 8 52
0.000000000 1445 33
0.000000000 5 38
0.000000000 5 48
0.000000000 1 54
0.000000000 73 12
