7 1.274013870 0.116319440 82.655323698 249.575793157 34
135.907119923 53.299851825 2.571405646 0.098593778 622.018990570 0.500000000 0.500000000
21
1 0.228531385 4.639930695 0.481632507 0.590361705 2.471602265 0.406438564
2 0.238695440 4.788497721 0.491402577 0.591664864 -1.000000000 0.410666323
4 0.259023550 5.085631774 -1.000000000 0.594271184 2.584148140 0.419121842
8 0.299679769 5.679899880 0.550022995 -1.000000000 2.734209306 0.436032878
16 -1.000000000 6.868436092 0.628183554 0.609909100 3.034331639 0.469854952
32 0.543617085 9.245508516 0.784504670 0.630759656 -1.000000000 0.537499099
64 -1.000000000 13.999653365 1.097146903 0.672460766 4.835065635 0.672787392
128 1.519366350 -1.000000000 1.722431370 0.755862988 7.236044296 0.943363979
256 2.820365369 42.524522455 2.973000303 0.922667430 12.038001618 1.484517153
512 5.422363407 -1.000000000 5.474138168 1.256276316 21.641916263 2.566823502
655 6.875823248 -1.000000000 6.871258148 1.442628154 27.006602960 -1.000000000
679 7.119760564 -1.000000000 -1.000000000 1.473903987 27.906969957 -1.000000000
744 -1.000000000 115.025231392 7.740794359 1.558609368 30.345463910 3.547663630
823 8.583384461 126.762026486 8.512629872 -1.000000000 33.309171945 3.881656605
1024 10.626359483 156.623998815 10.476413899 1.923494087 40.849745553 4.731436199
1205 12.466053409 183.514630613 12.244796531 2.159365994 -1.000000000 5.496660609
1509 15.555926079 228.679006672 15.214897746 2.555526545 59.044661970 6.781899398
1574 16.216589643 238.335863395 15.849952282 2.640231926 61.483155923 7.056703744
2048 21.034351636 308.756633961 20.480965362 3.257929628 79.265404133 9.060661592
4091 41.799515667 612.279069122 40.441217937 -1.000000000 155.909144834 17.697973583
4096 41.850335941 613.021904255 40.490068286 5.926800711 156.096721292 17.719112379
517
0.175275223 49 25
0.385977366 112 2
0.802470075 1 1
1.988374170 2981 18
2.993745541 6 47
3.866301839 1508 34
6.033703348 106 60
8.320551638 73 63
10.025118755 12 19
10.653041954 74 15
10.848102921 1 31
11.565108206 1 61
11.633465742 523 62
14.427717602 570 56
18.632698183 1147 58
20.041753871 2434 26
20.821565445 1 46
22.193136770 48 7
22.302294395 127 59
22.917043620 7 49
23.236942298 148 1
24.425055840 940 56
25.976912353 35 12
26.056595824 245 3
26.736326954 4 53
27.831083856 35 24
30.160605969 412 13
31.594287144 294 37
31.849395987 26 62
33.170735547 4 25
33.352770180 1428 20
34.251766542 50 20
35.204938522 7 12
35.471224136 1 11
37.008479595 1802 49
37.739039138 2 43
38.699572989 33 42
40.092219817 15 62
40.583253408 12 53
40.684682287 24 24
41.318210650 2477 19
42.869324423 217 32
43.249369985 51 53
45.189222134 2 17
46.938381052 78 11
47.705466379 55 9
47.807320798 26 17
48.826549824 35 55
48.936078695 207 11
51.443951462 10 36
51.765340441 102 22
52.572343954 23 53
53.168925649 2716 29
53.556047560 1572 3
53.681630467 6 41
55.224197198 1 9
55.533046647 1 58
55.809488286 1 24
56.198396326 12 1
56.367868284 251 32
57.018433453 2 26
58.214335180 58 43
60.854497827 3788 30
61.532743196 1 28
61.768235462 3 4
61.935589691 3 27
62.377999129 38 49
64.140676552 1 9
64.291932149 1212 40
64.337914712 21 30
64.627926389 1 35
65.202472040 1196 15
68.582760658 85 42
69.346384633 1 4
70.146376694 217 51
70.784252931 342 54
71.307483195 58 41
74.007158791 11 26
74.453163017 3 14
74.523817014 1734 43
74.895267518 14 43
75.115471954 3475 30
76.780447819 2 47
77.454999362 3820 13
78.169303416 133 27
79.857769246 7 16
83.903366983 4 38
84.362181789 175 36
84.464237578 124 24
85.989258007 40 25
86.421985607 1901 37
87.029005532 25 15
88.306989814 302 55
89.585603617 65 16
89.611805397 158 13
89.877564243 1178 24
90.731101471 12 54
91.420255403 1134 49
91.970959133 2791 26
92.282310904 248 9
92.834371283 1662 8
93.420377485 3 29
95.113467074 777 56
96.164257558 27 28
96.710901617 155 27
96.916848773 1469 48
98.433300183 8 4
101.011347429 62 33
102.247446221 2394 6
102.303192902 2613 56
102.430253585 37 18
102.537840705 804 9
103.112276035 486 11
103.901567263 14 39
104.271771282 7 28
104.381766732 56 57
104.412444748 6 32
104.659880514 3563 28
105.509774549 175 48
106.510272037 15 8
106.719319395 11 60
107.601153056 2 26
108.583028082 483 56
110.158715268 217 50
110.338346691 70 58
111.276365905 3799 4
111.934009241 2310 24
113.144903312 160 14
114.100815326 11 44
114.600412070 1 19
114.607414530 729 15
116.262716192 2 46
117.010303833 36 13
120.555275516 12 38
120.807339287 744 5
122.409923598 3201 23
123.687047225 682 41
123.855143272 2 13
125.973388872 73 14
126.309231039 385 2
127.057847969 58 16
127.172454877 9 49
130.038006642 8 46
131.774402101 1 4
132.728556311 30 11
132.737593135 283 19
132.801487590 367 59
133.426202328 3536 35
133.605423574 56 12
134.525943699 114 32
137.837968991 904 28
138.443243753 26 41
138.478345915 452 58
141.029525775 15 30
141.157921295 38 7
142.070764136 52 31
142.741093290 170 62
143.854521702 3 13
145.749579665 1 19
146.234633694 1925 2
147.442895382 2911 55
147.781749882 13 10
147.994934132 61 5
148.122048686 2347 31
148.183406321 252 5
152.639611750 4 10
152.908512181 1886 63
155.533755556 1 25
155.810939506 2 31
156.098786985 438 21
157.196368541 1052 17
160.810254945 903 18
161.067554825 29 1
162.633124129 196 61
163.209600887 71 8
163.608755924 56 60
164.183226896 673 61
164.318317873 1 61
165.260971963 1993 35
166.602127254 562 18
167.334052401 858 64
168.051738693 3145 37
168.449877153 299 42
170.334527034 735 42
170.801090220 291 13
172.107771096 4 47
172.212484800 6 61
172.957557113 2597 56
175.890402360 34 51
177.433207803 5 19
178.320399169 53 46
180.124167205 1694 7
182.558223474 95 27
182.821836769 20 36
182.959407161 59 43
183.927050798 1480 60
187.912436230 4 3
187.973435530 5 55
188.937036859 2 17
189.142938461 48 9
189.346235299 11 6
189.720884857 34 21
190.143761509 1 63
193.161434343 3 45
194.520651944 1763 3
196.603802089 8 50
197.155814710 1 11
197.573266250 1 46
198.161667751 1 50
198.570495235 11 36
198.617377844 415 40
198.709188428 313 49
198.825836911 2 21
199.940010518 3284 25
201.038494603 2803 63
201.277887343 8 12
202.618723913 24 2
204.307347847 4 53
205.271937955 2510 49
207.307714267 8 16
207.786036807 729 25
208.448302180 14 38
210.042926805 1 40
210.215141730 2747 63
210.337303457 648 22
210.687177060 2 14
218.660243907 2 23
219.512090254 4 40
219.895388376 1 20
221.913402401 4 40
224.147400224 141 49
224.185679770 743 10
224.470333064 1 52
224.650698303 303 17
226.837250302 49 60
228.521637959 7 1
228.548785972 214 9
230.635938041 1027 40
230.713809818 47 14
231.454751179 49 6
232.111028657 67 32
232.465230087 77 52
232.488163761 54 38
233.859812807 300 51
236.190571402 321 19
236.655740481 4 52
238.085792888 298 64
238.983914997 3484 45
240.753248050 1961 4
241.115321496 11 26
241.323622421 55 26
241.411017890 305 47
242.571116306 462 21
242.870307711 290 32
244.122996555 1011 13
244.624489822 656 33
245.529874768 2 22
245.812602554 2 10
246.928891300 51 18
247.695959288 21 31
248.916323807 7 62
249.226677726 3 63
252.365261252 1377 59
253.814762656 5 61
254.261003139 3 15
255.188813751 352 64
256.623658456 23 58
258.626136745 193 5
258.743988585 9 12
262.303585752 438 31
264.928886871 2 32
265.115665330 45 35
265.478146101 449 52
267.608380529 1068 50
267.739218214 7 9
268.302925200 2085 40
270.070131638 1 60
270.724338566 89 39
270.735631909 393 19
271.091782011 3033 12
271.315547654 26 28
272.905121574 81 13
274.809849286 255 46
280.596192106 19 25
282.073380210 786 42
285.485940323 5 11
285.881298657 176 12
286.832344914 17 20
287.409057571 73 54
287.460409359 1 13
288.699559311 29 3
289.880450034 115 23
289.917798084 1964 7
289.999379049 8 36
290.259938200 145 39
291.185897038 17 58
292.099295372 402 47
293.261037889 141 35
293.963264747 129 52
294.903058948 2044 12
295.698274899 1 54
296.689113818 1 59
298.281422114 1 1
298.909388209 2416 9
299.412787579 62 58
300.348974225 839 48
302.601473395 1 53
302.837982956 58 56
304.288116324 7 56
305.703518773 9 56
305.839144221 1502 61
306.421771774 804 16
307.412605807 507 52
308.991535111 1 10
309.039187357 3828 52
309.448765282 10 62
310.417378192 11 34
310.797806553 653 39
312.985069077 45 56
314.218893899 1668 45
314.235359619 850 46
314.641901057 4 58
321.506743884 1 14
321.827760982 1206 43
322.213731201 1231 12
322.626223309 60 6
322.866731926 1808 24
323.414224465 275 24
323.663268303 70 53
324.965600832 61 38
325.264413325 237 5
328.041694969 52 63
328.263419761 18 35
329.274906365 8 38
330.035899664 1 6
330.118927142 76 31
331.282672156 25 44
333.341210328 1 8
333.895537364 1 21
334.977013416 1507 18
335.756690532 156 19
337.358881224 2 54
337.579595613 219 34
339.920834906 73 16
340.729500051 1844 20
341.028909157 16 40
341.248725677 323 55
341.708505261 205 38
342.899621667 69 63
343.780224456 2539 10
344.684346289 6 8
345.802780836 4 51
346.171970557 15 11
347.609784350 296 1
347.658628450 36 22
349.328963807 288 41
350.253158507 999 8
350.390804185 57 34
350.952993662 9 55
350.993200318 150 21
351.110270878 240 23
351.145409383 38 59
351.472091437 17 34
351.499891975 1 46
353.095011463 2 60
354.455570684 13 56
354.995057142 71 1
355.853829519 1 57
358.724578586 37 18
359.314271722 4 27
359.361307566 6 58
360.165947799 1 31
360.330001367 60 22
360.457130821 185 13
360.924421944 2 24
361.592477818 254 18
363.909586357 2890 13
366.002397266 57 47
367.340491684 502 55
368.664097035 1007 36
369.773459136 5 13
373.453050558 40 39
375.916256760 55 42
377.172187419 1043 50
379.066289660 7 20
379.398430199 1 21
379.450444374 518 5
381.376310452 449 27
382.099566792 40 62
383.466241513 1 50
385.412185003 14 28
387.227951055 153 4
388.644405797 276 63
388.737765104 1841 9
389.444933281 4 9
390.484615762 417 6
392.209339933 1 58
393.161387970 32 57
395.020024358 122 49
395.428209282 2 37
401.127512440 194 54
401.699240847 42 48
402.107211563 8 2
403.196155727 36 61
403.199753866 103 57
404.732179432 72 13
404.814826438 17 20
405.674273078 36 1
405.935094550 9 11
405.951080380 2 56
406.362060184 23 37
406.483887367 239 33
406.673148524 2069 3
407.115908575 16 40
407.256817370 121 4
409.714110409 151 18
410.489315603 7 36
410.517411599 1475 35
410.977695764 186 17
411.320187728 120 40
412.157741063 2570 13
414.317471391 878 40
415.057809294 311 4
415.278826951 6 63
415.478818590 1426 56
416.562775413 3 37
417.380329996 7 62
418.262024336 5 47
419.276597449 12 13
419.514849531 118 6
421.331456999 107 63
421.743887978 217 14
426.740185473 7 59
429.365740762 683 29
430.176006709 131 2
431.157710215 420 39
435.224447889 1 5
436.400355074 1033 24
436.562213503 3 24
439.334140585 2040 22
440.134840443 210 32
441.660953735 389 60
441.848004112 19 49
444.048544363 1 64
444.791179964 949 5
444.863870873 6 17
445.240212932 3 43
445.300774197 8 27
446.249369733 990 40
447.253410432 352 49
447.704859665 1 1
448.085023333 16 20
448.105170735 48 6
448.317813599 9 61
450.376634807 90 19
450.544999731 14 51
451.160955745 2135 62
451.292579632 6 25
451.808767311 2449 34
453.840557959 14 5
455.034540906 34 42
455.503846039 2 5
456.231327369 445 33
457.074102977 84 14
458.026734403 1 50
462.310681137 78 57
462.802043262 91 44
462.821186586 2611 41
462.909849375 26 29
464.294557549 479 12
464.475828059 7 46
466.617859812 4 50
466.819254999 77 23
467.058876282 201 62
467.389279814 66 1
468.506761954 1623 54
470.730832928 268 49
470.776808982 12 37
471.155679567 64 6
471.318360982 1 2
471.863277498 863 58
472.722084280 18 17
472.880805065 8 41
478.301672866 24 10
478.515124689 10 44
478.575613551 6 57
478.700172595 2716 16
478.910300062 75 52
482.610956212 233 56
485.027415946 1 13
485.799161959 80 46
488.458834438 4 16
488.869586029 884 40
488.881194366 1950 17
488.891888335 452 34
489.081638954 2 31
489.123480579 10 45
491.262906329 1819 4
492.026183728 27 46
493.384181314 2 36
497.827793995 2 26
499.869996516 172 24
500.145750756 131 35
500.477949998 7 63
502.784519600 1415 61
503.673788702 5 54
504.422427077 1020 31
504.436465462 22 3
505.465568403 520 38
505.972971424 9 25
507.247890230 4 56
507.661445696 129 33
508.815035646 7 53
510.281834219 189 11
510.491780708 22 20
510.906785632 10 51
512.351060425 16 59
