6 8.591789275 0.003531936 0.052405493 310256.366142961 22
46216.601801848 436.705344255 0.001121466 0.000548114 56.397720033 0.500000000 0.500000000
21
1 0.275129162 2.442156034 0.350387349 0.943341631 7.340089639 0.753304527
2 0.283227902 2.731407445 0.352489576 0.950596743 7.373688284 0.761001412
4 0.299425382 3.309910267 0.356694029 0.965106969 7.440885574 0.776395183
8 -1.000000000 4.466915911 0.365102936 0.994127421 7.575280155 0.807182725
16 0.396610262 6.780927200 0.381920751 -1.000000000 7.844069315 0.868757807
32 0.526190101 11.408949777 0.415556380 1.168250130 8.381647637 0.991907973
64 0.785349781 20.664994931 0.482827637 1.400413743 9.456804279 1.238208304
128 1.303669140 39.177085240 0.617370153 1.864740968 11.607117564 1.730808967
256 2.340307857 -1.000000000 0.886455184 2.793395418 -1.000000000 2.716010291
512 4.413585293 150.249627093 1.424625247 -1.000000000 24.508997276 4.686412941
1024 -1.000000000 298.346349564 2.500965371 8.365322121 41.711503558 8.627218240
1248 10.374257920 363.138665645 2.971864176 9.990467409 49.237600056 10.351320558
2048 16.853249906 594.539794505 4.653645621 -1.000000000 76.116516121 16.508828838
2143 17.622630204 622.018678557 -1.000000000 16.483793449 79.308387404 17.240032947
2498 20.497682898 724.702929489 5.599647683 19.059358526 91.235906408 19.972427246
2573 21.105088396 746.396785319 5.757314694 19.603491993 93.755804789 20.549693647
2847 23.324143151 825.651671954 6.333324838 21.591392926 102.961833541 22.658640233
3863 -1.000000000 1119.531105606 8.469187273 28.962587626 137.098056944 30.478675748
3876 -1.000000000 1123.291373950 8.496516222 29.056904094 137.534839330 30.578735258
3975 32.459521851 1151.927263647 8.704636676 29.775160270 140.861105194 31.340726908
4096 33.439469389 1186.926684387 8.959006119 30.653028931 144.926541248 32.272050035
88
0.000000000 2404 57
0.000000000 44 51
0.000000000 526 22
0.000000000 3498 43
0.000000000 171 29
0.000000000 12 10
0.000000000 26 50
0.000000000 234 54
0.000000000 48 46
0.000000000 2 13
0.000000000 36 15
0.000000000 3596 49
0.000000000 11 50
0.000000000 403 10
0.000000000 8 34
0.000000000 28 42
0.000000000 852 11
0.000000000 9 28
0.000000000 167 13
0.000000000 54 36
0.000000000 8 62
0.000000000 123 12
0.000000000 86 41
0.000000000 1184 36
0.000000000 1 21
0.000000000 20 3
0.000000000 1303 2
0.000000000 107 62
0.000000000 6 35
0.000000000 2892 33
0.000000000 48 42
0.000000000 3630 11
0.000000000 16 20
0.000000000 29 17
0.000000000 1962 19
0.000000000 3 11
0.000000000 507 48
0.000000000 50 50
0.000000000 3 30
0.000000000 2560 57
0.000000000 2 4
0.000000000 8 23
0.000000000 649 45
0.000000000 2 61
0.000000000 134 31
0.000000000 1 30
0.000000000 74 40
0.000000000 1 31
0.000000000 1395 18
0.000000000 1282 1
0.000000000 197 6
0.000000000 3 25
0.000000000 1344 25
0.000000000 1 31
0.000000000 1 38
0.000000000 84 38
0.000000000 143 58
0.000000000 467 56
0.000000000 11 41
0.000000000 8 39
0.000000000 16 35
0.000000000 134 42
0.000000000 623 8
0.000000000 2685 20
0.000000000 569 7
0.000000000 2876 45
0.000000000 385 11
0.000000000 14 34
0.000000000 37 57
0.000000000 2 16
0.000000000 51 48
0.000000000 95 17
0.000000000 1090 45
0.000000000 1239 2
0.000000000 1844 9
0.000000000 170 40
0.000000000 1 43
0.000000000 101 26
0.000000000 4 40
0.000000000 41 41
0.000000000 5 33
0.000000000 17 57
0.000000000 1 16
0.000000000 43 41
0.000000000 10 42
0.000000000 155 52
0.000000000 2241 10
0.000000000 2832 38
