2 7.122059810 8.791194798 0.079013591 1508.414482163 5
298.433952969 405.566707078 0.393811387 0.015942611 1508.912661877 0.500000000 0.500000000
21
1 0.262076991 4.793156925 0.149201110 0.149429458 15.780079498 0.446867067
2 0.264603902 4.893980113 0.160966621 0.150449958 15.817733563 0.448355613
4 0.269657722 5.095626489 0.184497642 0.152490959 -1.000000000 0.451332704
8 -1.000000000 5.498919242 0.231559686 0.156572962 -1.000000000 0.457286887
16 0.299980646 6.305504746 0.325683773 0.164736966 -1.000000000 0.469195251
32 0.340411212 7.918675754 0.513931947 0.181064975 16.947355506 0.493011981
64 0.421272343 11.145017772 0.890428296 0.213720992 18.152285580 0.540645440
128 0.582994604 17.597701806 1.643420993 0.279033028 20.562145726 0.635912358
135 0.600682976 18.303464122 1.725779569 0.286176532 -1.000000000 0.646332177
256 0.906439127 30.503069875 3.149406387 0.409657098 25.381866020 0.826446195
512 1.553328173 56.313806013 6.161377176 0.670905239 35.021306606 1.207513868
884 2.493338818 -1.000000000 10.538147228 1.050531444 -1.000000000 1.761252830
1024 2.847106265 107.935278289 12.185318753 1.193401521 54.300187779 1.969649213
1711 4.583093667 177.200808472 20.268224737 1.894485400 80.168530290 2.992280039
2048 -1.000000000 211.178222841 24.233201908 2.238394086 -1.000000000 3.493919905
2531 6.655160142 259.875822664 29.915943669 2.731295852 111.044863419 4.212887428
3121 8.146037241 319.361503607 36.857595096 3.333391177 -1.000000000 5.091129331
3193 -1.000000000 326.620773145 37.704711880 3.406867217 135.971854311 5.198304614
3367 8.767657183 344.164007864 39.751910776 3.584434313 142.523661584 5.457311548
3941 10.218103717 402.036517798 46.505314028 4.170201629 164.137094774 6.311736721
4096 10.609774819 417.664111945 48.328968217 4.328379214 169.973474817 6.542461288
441
0.000000000 728 39
0.000000000 5 27
0.000000000 1079 16
0.000000000 9 42
0.000000000 1 24
0.000000000 1692 59
0.000000000 349 18
0.000000000 7 42
0.000000000 2 24
0.000000000 267 33
0.000000000 13 20
0.000000000 500 13
0.000000000 1079 55
0.000000000 3179 53
0.000000000 17 20
0.000000000 822 32
0.000000000 15 61
0.000000000 1 61
0.000000000 456 20
0.000000000 114 40
0.000000000 7 31
0.000000000 287 18
0.000000000 8 46
0.000000000 2034 8
0.000000000 1 49
0.000000000 1179 14
0.000000000 393 17
0.000000000 20 19
0.000000000 1 28
0.000000000 222 47
0.000000000 107 52
0.000000000 39 2
0.000000000 354 56
0.000000000 1 42
0.000000000 7 36
0.000000000 1 54
0.000000000 7 37
0.000000000 5 27
0.000000000 656 31
0.000000000 47 11
0.000000000 311 25
0.000000000 1 58
0.000000000 8 40
0.000000000 180 41
0.000000000 791 44
0.000000000 114 34
0.000000000 1 49
0.000000000 3238 25
0.000000000 10 8
0.000000000 103 51
0.000000000 193 14
0.000000000 1079 2
0.000000000 427 26
0.000000000 3604 27
0.000000000 519 18
0.000000000 1018 33
0.000000000 6 17
0.000000000 34 26
0.000000000 2162 61
0.000000000 15 64
0.000000000 5 34
0.000000000 6 62
0.000000000 1 37
0.000000000 9 12
0.000000000 5 40
0.000000000 555 16
0.000000000 4 42
0.000000000 44 44
0.000000000 4 31
0.000000000 1924 59
0.000000000 76 17
0.000000000 2 54
0.000000000 2 35
0.000000000 574 18
0.000000000 1106 61
0.000000000 17 23
0.000000000 4 21
0.000000000 3359 64
0.000000000 61 61
0.000000000 93 53
0.000000000 59 26
0.000000000 6 58
0.000000000 8 25
0.000000000 2163 41
0.000000000 53 10
0.000000000 3952 36
0.000000000 72 45
0.000000000 174 23
0.000000000 1547 45
0.000000000 177 8
0.000000000 22 1
0.000000000 5 7
0.000000000 3 62
0.000000000 3551 10
0.000000000 495 53
0.000000000 11 27
0.000000000 3039 44
0.000000000 547 45
0.000000000 5 38
0.000000000 48 39
0.000000000 6 40
0.000000000 68 55
0.000000000 3 44
0.000000000 709 22
0.000000000 689 58
0.000000000 29 2
0.000000000 188 56
0.000000000 109 27
0.000000000 422 11
0.000000000 5 14
0.000000000 276 44
0.000000000 2403 47
0.000000000 1 15
0.000000000 4 28
0.000000000 888 31
0.000000000 2 28
0.000000000 799 37
0.000000000 11 7
0.000000000 23 6
0.000000000 52 29
0.000000000 4 61
0.000000000 75 11
0.000000000 45 57
0.000000000 950 26
0.000000000 203 6
0.000000000 1310 24
0.000000000 567 59
0.000000000 4 7
0.000000000 495 48
0.000000000 32 39
0.000000000 2 21
0.000000000 1 40
0.000000000 1483 14
0.000000000 1 14
0.000000000 6 2
0.000000000 113 38
0.000000000 111 62
0.000000000 1 25
0.000000000 210 24
0.000000000 1047 24
0.000000000 676 41
0.000000000 3705 22
0.000000000 1 16
0.000000000 314 26
0.000000000 27 60
0.000000000 3 48
0.000000000 1 50
0.000000000 575 13
0.000000000 93 53
0.000000000 169 40
0.000000000 1169 55
0.000000000 94 23
0.000000000 4 29
0.000000000 508 57
0.000000000 32 1
0.000000000 2697 64
0.000000000 9 44
0.000000000 124 32
0.000000000 9 3
0.000000000 38 18
0.000000000 1 27
0.000000000 567 21
0.000000000 2 18
0.000000000 5 23
0.000000000 36 3
0.000000000 957 34
0.000000000 9 36
0.000000000 3 52
0.000000000 2 58
0.000000000 3 32
0.000000000 2367 51
0.000000000 4 61
0.000000000 229 32
0.000000000 765 26
0.000000000 1073 12
0.000000000 171 2
0.000000000 1498 22
0.000000000 2 45
0.000000000 91 61
0.000000000 28 35
0.000000000 20 29
0.000000000 511 22
0.000000000 199 62
0.000000000 92 49
0.000000000 3 24
0.000000000 36 17
0.000000000 54 34
0.000000000 149 55
0.000000000 34 36
0.000000000 685 4
0.000000000 109 34
0.000000000 8 27
0.000000000 269 46
0.000000000 138 22
0.000000000 287 11
0.000000000 7 29
0.000000000 55 22
0.000000000 8 12
0.000000000 2257 18
0.000000000 2729 39
0.000000000 25 48
0.000000000 7 46
0.000000000 3 34
0.000000000 95 12
0.000000000 93 39
0.000000000 7 7
0.000000000 352 35
0.000000000 3296 37
0.000000000 3 47
0.000000000 1198 55
0.000000000 34 59
0.000000000 1 14
0.000000000 400 30
0.000000000 1972 31
0.000000000 55 2
0.000000000 5 50
0.000000000 4 51
0.000000000 4 47
0.000000000 1 57
0.000000000 333 3
0.000000000 74 16
0.000000000 299 35
0.000000000 1336 6
0.000000000 3144 18
0.000000000 1 2
0.000000000 1 47
0.000000000 5 9
0.000000000 18 26
0.000000000 9 56
0.000000000 23 22
0.000000000 267 5
0.000000000 1269 51
0.000000000 43 7
0.000000000 22 53
0.000000000 24 58
0.000000000 6 44
0.000000000 2316 9
0.000000000 1 54
0.000000000 2 23
0.000000000 10 22
0.000000000 8 64
0.000000000 8 63
0.000000000 391 11
0.000000000 8 37
0.000000000 1074 28
0.000000000 4 12
0.000000000 15 20
0.000000000 5 1
0.000000000 2 38
0.000000000 216 52
0.000000000 269 36
0.000000000 1933 9
0.000000000 2 45
0.000000000 506 51
0.000000000 9 39
0.000000000 102 48
0.000000000 932 2
0.000000000 2349 33
0.000000000 365 17
0.000000000 4 22
0.000000000 2598 46
0.000000000 188 17
0.000000000 136 56
0.000000000 1 54
0.000000000 795 37
0.000000000 746 59
0.000000000 360 41
0.000000000 11 34
0.000000000 46 7
0.000000000 59 11
0.000000000 3 42
0.000000000 46 14
0.000000000 29 42
0.000000000 6 56
0.000000000 12 41
0.000000000 39 6
0.000000000 2207 1
0.000000000 91 60
0.000000000 398 46
0.000000000 9 5
0.000000000 1359 45
0.000000000 2512 32
0.000000000 2 23
0.000000000 575 26
0.000000000 16 20
0.000000000 1 6
0.000000000 471 48
0.000000000 971 44
0.000000000 1524 10
0.000000000 17 7
0.000000000 19 46
0.000000000 40 64
0.000000000 17 13
0.000000000 1 45
0.000000000 16 59
0.000000000 2 15
0.000000000 476 34
0.000000000 1144 32
0.000000000 133 55
0.000000000 636 61
0.000000000 164 62
0.000000000 14 48
0.000000000 134 41
0.000000000 445 25
0.000000000 3 54
0.000000000 9 3
0.000000000 257 26
0.000000000 3 33
0.000000000 51 44
0.000000000 2844 34
0.000000000 17 43
0.000000000 811 49
0.000000000 1 2
0.000000000 67 2
0.000000000 18 34
0.000000000 3 55
0.000000000 884 41
0.000000000 1 11
0.000000000 42 20
0.000000000 3746 15
0.000000000 120 28
0.000000000 17 22
0.000000000 74 3
0.000000000 200 55
0.000000000 1 33
0.000000000 63 15
0.000000000 194 25
0.000000000 11 39
0.000000000 3 31
0.000000000 34 1
0.000000000 1 14
0.000000000 12 37
0.000000000 2 37
0.000000000 9 35
0.000000000 1 43
0.000000000 55 1
0.000000000 1 54
0.000000000 8 24
0.000000000 4 27
0.000000000 421 17
0.000000000 581 13
0.000000000 175 12
0.000000000 3593 51
0.000000000 438 34
0.000000000 1957 14
0.000000000 278 1
0.000000000 1 36
0.000000000 282 25
0.000000000 17 11
0.000000000 9 20
0.000000000 192 7
0.000000000 7 29
0.000000000 1 28
0.000000000 8 37
0.000000000 1 2
0.000000000 2 6
0.000000000 46 44
0.000000000 585 59
0.000000000 655 63
0.000000000 89 19
0.000000000 23 64
0.000000000 3 56
0.000000000 1 58
0.000000000 912 41
0.000000000 571 29
0.000000000 7 62
0.000000000 2542 37
0.000000000 22 22
0.000000000 188 55
0.000000000 1 44
0.000000000 17 2
0.000000000 21 8
0.000000000 17 62
0.000000000 7 1
0.000000000 21 61
0.000000000 555 2
0.000000000 38 35
0.000000000 2 6
0.000000000 1822 31
0.000000000 3153 13
0.000000000 35 8
0.000000000 339 33
0.000000000 501 56
0.000000000 1964 52
0.000000000 1526 27
0.000000000 31 58
0.000000000 272 23
0.000000000 590 50
0.000000000 41 20
0.000000000 3800 53
0.000000000 47 12
0.000000000 29 57
0.000000000 314 35
0.000000000 115 41
0.000000000 131 53
0.000000000 881 35
0.000000000 2 19
0.000000000 54 59
0.000000000 13 18
0.000000000 5 51
0.000000000 824 1
0.000000000 102 12
0.000000000 9 27
0.000000000 30 37
0.000000000 1 43
0.000000000 8 15
0.000000000 25 55
0.000000000 134 59
0.000000000 2 48
0.000000000 18 47
0.000000000 168 22
0.000000000 2132 4
0.000000000 12 33
0.000000000 1304 1
0.000000000 565 13
0.000000000 7 11
0.000000000 1542 1
0.000000000 10 43
0.000000000 1 53
0.000000000 330 2
0.000000000 1 22
0.000000000 22 19
0.000000000 7 39
0.000000000 2 46
0.000000000 108 26
0.000000000 108 45
0.000000000 2664 57
0.000000000 1 12
0.000000000 356 21
0.000000000 220 22
0.000000000 2132 58
0.000000000 44 62
0.000000000 51 3
0.000000000 907 22
0.000000000 27 12
0.000000000 195 40
0.000000000 3395 47
0.000000000 9 37
0.000000000 12 33
0.000000000 30 46
0.000000000 9 20
