6 6.912406752 5.982435007 0.002902378 227277.865968880 37
190850.056781055 3169.157365578 0.000093050 0.000046424 981.795023479 0.500000000 0.500000000
21
1 0.181072231 0.885348508 0.383626024 0.623810233 7.355220785 0.541759971
2 0.199041448 1.145551047 0.398971659 0.633353544 7.383944154 0.545078546
4 0.234979881 1.665956124 0.429662931 0.652440168 7.441390892 0.551715697
8 0.306856747 -1.000000000 0.491045475 0.690613415 7.556284367 0.564989998
16 0.450610479 4.788386587 0.613810562 -1.000000000 7.786071319 0.591538602
32 0.738117944 8.951627205 0.859340736 -1.000000000 8.245645221 0.644635809
64 1.313132873 17.278108441 1.350401085 1.225038876 9.164793026 0.750830222
128 2.463162732 33.931070913 2.332521782 1.835810832 11.003088636 0.963219049
203 3.810853973 53.446261310 3.483444474 2.551559217 13.157341304 1.212112205
256 4.763222450 67.236995857 -1.000000000 3.057354743 -1.000000000 1.387996703
309 5.715590927 81.027730404 5.110081879 3.563150268 16.202018408 -1.000000000
512 9.363341885 133.848845745 8.225245965 5.500442564 22.032862296 2.237552010
1024 18.563580756 267.072545521 -1.000000000 10.386618208 36.739227175 3.936662625
1256 22.732438994 327.439534482 19.642399070 -1.000000000 43.403048761 4.706572123
1843 -1.000000000 480.178424655 28.650287340 18.202590576 60.263666309 -1.000000000
2048 36.964058497 533.519945073 31.796142698 20.158969495 66.151956934 7.334883855
2781 50.135494224 724.248405885 43.044493809 -1.000000000 87.206186342 9.767399638
2847 51.321462516 741.421773434 44.057305778 27.784075627 89.101928690 9.986425616
3297 59.407609961 858.512915815 50.962841930 -1.000000000 102.027444697 11.479784555
3626 65.319482204 944.119551023 56.011556139 35.218315522 111.477433067 12.571595868
4096 73.765013980 1066.414744176 63.224005009 39.703672070 124.977416453 14.131326315
535
0.000000000 3 40
0.000000000 4067 9
0.000000000 6 2
0.000000000 1 19
0.000000000 32 39
0.000000000 1 36
0.000000000 183 3
0.000000000 1076 44
0.000000000 16 54
0.000000000 1590 29
0.000000000 1486 44
0.000000000 25 62
0.000000000 45 57
0.000000000 107 61
0.000000000 31 29
0.000000000 61 57
0.000000000 8 55
0.000000000 15 34
0.000000000 3116 60
0.000000000 4 57
0.000000000 243 15
0.000000000 16 52
0.000000000 584 58
0.000000000 164 60
0.000000000 3 40
0.000000000 1867 2
0.000000000 1 19
0.000000000 4 14
0.000000000 79 6
0.000000000 364 24
0.000000000 221 22
0.000000000 14 26
0.000000000 1702 47
0.000000000 8 51
0.000000000 255 18
0.000000000 4 21
0.000000000 35 5
0.000000000 485 4
0.000000000 345 10
0.000000000 9 18
0.000000000 200 20
0.000000000 134 27
0.000000000 1 57
0.000000000 19 14
0.000000000 14 6
0.000000000 62 1
0.000000000 1917 28
0.000000000 3761 32
0.000000000 9 23
0.000000000 291 24
0.000000000 3325 32
0.000000000 2105 40
0.000000000 62 16
0.000000000 153 52
0.000000000 1521 28
0.000000000 1218 24
0.000000000 1131 8
0.000000000 1595 26
0.000000000 3 40
0.000000000 1851 59
0.000000000 2 46
0.000000000 716 18
0.000000000 2 31
0.000000000 9 51
0.000000000 1 9
0.000000000 7 8
0.000000000 2939 11
0.000000000 473 59
0.000000000 3482 25
0.000000000 1 3
0.000000000 2534 17
0.000000000 5 24
0.000000000 52 61
0.000000000 3 42
0.000000000 7 61
0.000000000 673 55
0.000000000 140 55
0.000000000 7 22
0.000000000 3 6
0.000000000 31 33
0.000000000 125 29
0.000000000 2 45
0.000000000 43 24
0.000000000 1076 6
0.000000000 23 21
0.000000000 186 33
0.000000000 3 30
0.000000000 748 57
0.000000000 1910 26
0.000000000 40 43
0.000000000 62 31
0.000000000 1 49
0.000000000 7 13
0.000000000 15 3
0.000000000 22 29
0.000000000 5 37
0.000000000 2 4
0.000000000 1 26
0.000000000 10 4
0.000000000 29 34
0.000000000 3031 50
0.000000000 34 18
0.000000000 20 10
0.000000000 7 22
0.000000000 1 17
0.000000000 119 30
0.000000000 2 39
0.000000000 7 60
0.000000000 3 30
0.000000000 2599 26
0.000000000 526 16
0.000000000 804 54
0.000000000 53 58
0.000000000 12 61
0.000000000 2308 9
0.000000000 127 56
0.000000000 1361 15
0.000000000 3111 22
0.000000000 12 57
0.000000000 118 35
0.000000000 946 53
0.000000000 79 63
0.000000000 491 16
0.000000000 1 57
0.000000000 7 53
0.000000000 400 27
0.000000000 282 48
0.000000000 203 35
0.000000000 1102 12
0.000000000 3 36
0.000000000 153 39
0.000000000 2 1
0.000000000 3091 36
0.000000000 155 59
0.000000000 58 4
0.000000000 21 16
0.000000000 2 44
0.000000000 5 22
0.000000000 1041 11
0.000000000 2424 4
0.000000000 3427 44
0.000000000 1090 24
0.000000000 171 28
0.000000000 101 9
0.000000000 55 1
0.000000000 19 53
0.000000000 3108 47
0.000000000 62 41
0.000000000 2 38
0.000000000 1 61
0.000000000 82 52
0.000000000 27 62
0.000000000 284 52
0.000000000 3 13
0.000000000 30 19
0.000000000 1 28
0.000000000 1 23
0.000000000 1201 58
0.000000000 51 63
0.000000000 22 30
0.000000000 273 50
0.000000000 91 37
0.000000000 17 8
0.000000000 2899 19
0.000000000 180 43
0.000000000 97 24
0.000000000 94 41
0.000000000 7 39
0.000000000 1 34
0.000000000 2 13
0.000000000 3598 5
0.000000000 935 18
0.000000000 3 48
0.000000000 689 8
0.000000000 1145 35
0.000000000 11 41
0.000000000 1 9
0.000000000 2 10
0.000000000 557 51
0.000000000 875 63
0.000000000 63 40
0.000000000 1 48
0.000000000 2 13
0.000000000 13 63
0.000000000 148 55
0.000000000 81 53
0.000000000 2 12
0.000000000 146 26
0.000000000 3076 18
0.000000000 57 44
0.000000000 29 22
0.000000000 385 46
0.000000000 7 44
0.000000000 2 48
0.000000000 193 33
0.000000000 4 45
0.000000000 3517 16
0.000000000 1082 12
0.000000000 77 55
0.000000000 25 1
0.000000000 1443 15
0.000000000 3 8
0.000000000 23 28
0.000000000 3 50
0.000000000 66 6
0.000000000 28 48
0.000000000 77 28
0.000000000 39 27
0.000000000 76 47
0.000000000 89 21
0.000000000 7 63
0.000000000 1843 24
0.000000000 361 60
0.000000000 64 2
0.000000000 41 22
0.000000000 2265 46
0.000000000 141 9
0.000000000 57 22
0.000000000 46 5
0.000000000 24 55
0.000000000 7 18
0.000000000 112 16
0.000000000 4 58
0.000000000 1 58
0.000000000 3046 14
0.000000000 6 55
0.000000000 1465 6
0.000000000 24 58
0.000000000 1 64
0.000000000 21 35
0.000000000 18 40
0.000000000 884 31
0.000000000 3 15
0.000000000 308 26
0.000000000 33 55
0.000000000 15 31
0.000000000 11 52
0.000000000 2200 59
0.000000000 22 17
0.000000000 2 31
0.000000000 1978 58
0.000000000 52 62
0.000000000 105 23
0.000000000 3560 6
0.000000000 48 45
0.000000000 7 30
0.000000000 1 33
0.000000000 12 30
0.000000000 208 6
0.000000000 122 52
0.000000000 1318 18
0.000000000 5 51
0.000000000 276 37
0.000000000 24 50
0.000000000 6 18
0.000000000 1 61
0.000000000 2 30
0.000000000 69 38
0.000000000 1190 32
0.000000000 359 56
0.000000000 2 2
0.000000000 16 22
0.000000000 10 41
0.000000000 1263 1
0.000000000 1730 24
0.000000000 502 51
0.000000000 377 3
0.000000000 122 49
0.000000000 1 25
0.000000000 104 14
0.000000000 355 48
0.000000000 1 55
0.000000000 5 30
0.000000000 459 3
0.000000000 338 53
0.000000000 2 24
0.000000000 1 4
0.000000000 37 34
0.000000000 632 57
0.000000000 85 20
0.000000000 90 58
0.000000000 4047 5
0.000000000 1054 29
0.000000000 593 50
0.000000000 3091 64
0.000000000 684 40
0.000000000 80 61
0.000000000 2 32
0.000000000 26 33
0.000000000 3 49
0.000000000 1 58
0.000000000 6 20
0.000000000 1548 11
0.000000000 219 37
0.000000000 5 32
0.000000000 888 18
0.000000000 1174 11
0.000000000 99 11
0.000000000 23 9
0.000000000 6 34
0.000000000 252 7
0.000000000 3434 48
0.000000000 191 26
0.000000000 1452 47
0.000000000 1 52
0.000000000 107 27
0.000000000 277 41
0.000000000 546 16
0.000000000 3337 38
0.000000000 116 18
0.000000000 377 2
0.000000000 157 5
0.000000000 3 54
0.000000000 12 24
0.000000000 2 64
0.000000000 471 11
0.000000000 3 32
0.000000000 5 46
0.000000000 206 25
0.000000000 236 44
0.000000000 72 51
0.000000000 3 1
0.000000000 2 36
0.000000000 61 56
0.000000000 15 7
0.000000000 1750 51
0.000000000 11 8
0.000000000 1 53
0.000000000 363 18
0.000000000 44 53
0.000000000 42 19
0.000000000 1164 5
0.000000000 11 41
0.000000000 605 56
0.000000000 5 18
0.000000000 799 37
0.000000000 1686 61
0.000000000 119 13
0.000000000 326 45
0.000000000 3 15
0.000000000 5 11
0.000000000 2305 46
0.000000000 12 16
0.000000000 2283 18
0.000000000 45 10
0.000000000 68 61
0.000000000 3113 64
0.000000000 1 53
0.000000000 515 33
0.000000000 1 34
0.000000000 53 7
0.000000000 3 28
0.000000000 167 32
0.000000000 110 3
0.000000000 18 23
0.000000000 16 42
0.000000000 633 52
0.000000000 219 56
0.000000000 3402 64
0.000000000 456 36
0.000000000 2827 64
0.000000000 1309 27
0.000000000 1 33
0.000000000 1099 28
0.000000000 2088 37
0.000000000 818 32
0.000000000 77 47
0.000000000 11 25
0.000000000 17 48
0.000000000 2410 42
0.000000000 280 45
0.000000000 1 31
0.000000000 1611 22
0.000000000 3248 2
0.000000000 120 61
0.000000000 1418 14
0.000000000 5 48
0.000000000 1 35
0.000000000 5 31
0.000000000 19 62
0.000000000 2 47
0.000000000 89 60
0.000000000 154 48
0.000000000 29 17
0.000000000 39 59
0.000000000 11 46
0.000000000 108 45
0.000000000 419 39
0.000000000 59 29
0.000000000 20 45
0.000000000 2032 7
0.000000000 250 36
0.000000000 227 35
0.000000000 968 8
0.000000000 195 48
0.000000000 958 64
0.000000000 241 4
0.000000000 1 30
0.000000000 4 37
0.000000000 9 2
0.000000000 102 56
0.000000000 2 34
0.000000000 80 45
0.000000000 48 55
0.000000000 31 60
0.000000000 12 8
0.000000000 1191 58
0.000000000 2 39
0.000000000 2780 5
0.000000000 2035 2
0.000000000 60 39
0.000000000 96 24
0.000000000 5 24
0.000000000 4 35
0.000000000 752 30
0.000000000 11 43
0.000000000 3 40
0.000000000 3 61
0.000000000 1391 16
0.000000000 17 26
0.000000000 2681 51
0.000000000 9 3
0.000000000 3597 51
0.000000000 18 15
0.000000000 113 4
0.000000000 86 38
0.000000000 28 62
0.000000000 171 46
0.000000000 1 18
0.000000000 817 31
0.000000000 11 21
0.000000000 362 4
0.000000000 9 15
0.000000000 71 62
0.000000000 2508 58
0.000000000 362 32
0.000000000 161 46
0.000000000 72 22
0.000000000 1 22
0.000000000 24 47
0.000000000 385 51
0.000000000 5 52
0.000000000 466 37
0.000000000 4011 39
0.000000000 3201 52
0.000000000 15 18
0.000000000 513 17
0.000000000 1 41
0.000000000 5 12
0.000000000 3181 37
0.000000000 720 44
0.000000000 532 50
0.000000000 3941 53
0.000000000 245 60
0.000000000 5 36
0.000000000 3 60
0.000000000 134 61
0.000000000 8 23
0.000000000 137 34
0.000000000 424 42
0.000000000 32 56
0.000000000 9 49
0.000000000 448 38
0.000000000 688 45
0.000000000 134 41
0.000000000 3664 5
0.000000000 6 31
0.000000000 2 45
0.000000000 811 20
0.000000000 3 56
0.000000000 92 64
0.000000000 3 15
0.000000000 47 38
0.000000000 618 58
0.000000000 3108 62
0.000000000 98 64
0.000000000 90 51
0.000000000 17 63
0.000000000 105 28
0.000000000 32 48
0.000000000 179 42
0.000000000 32 3
0.000000000 1792 24
0.000000000 403 27
0.000000000 127 8
0.000000000 57 59
0.000000000 12 56
0.000000000 7 16
0.000000000 1199 28
0.000000000 14 18
0.000000000 134 9
0.000000000 11 13
0.000000000 809 19
0.000000000 4 20
0.000000000 2 37
0.000000000 2058 30
0.000000000 82 20
0.000000000 2 36
0.000000000 12 45
0.000000000 37 16
0.000000000 2757 54
0.000000000 12 12
0.000000000 3 22
0.000000000 1529 58
0.000000000 7 47
0.000000000 20 32
0.000000000 1477 47
0.000000000 12 2
0.000000000 2 17
0.000000000 1089 23
0.000000000 13 58
0.000000000 3253 38
0.000000000 82 19
0.000000000 1969 39
0.000000000 1536 6
0.000000000 2835 1
0.000000000 503 34
0.000000000 122 22
0.000000000 3 22
0.000000000 125 49
0.000000000 1 11
0.000000000 2 4
0.000000000 1 43
0.000000000 18 26
0.000000000 1399 33
0.000000000 16 50
0.000000000 1375 32
0.000000000 313 46
0.000000000 16 48
0.000000000 68 15
0.000000000 586 47
0.000000000 5 30
0.000000000 3866 27
0.000000000 36 3
0.000000000 1 58
