5 3.791578895 48.239582997 0.012570813 2593.654177360 58
1953.819585795 911.593665213 0.039123293 0.005489017 536.130408664 0.500000000 0.500000000
21
1 0.446974825 3.398750763 0.353004973 0.456301095 18.471971698 0.059065200
2 0.458640392 3.676493458 0.370094979 0.458872230 18.485592572 0.065388291
4 -1.000000000 4.231978849 0.404274993 0.464014498 -1.000000000 0.078034472
8 0.528633791 5.342949632 0.472635019 0.474299035 18.567317817 0.103326834
16 0.621958323 7.564891196 0.609355072 -1.000000000 18.676284811 -1.000000000
32 0.808607386 12.008774326 -1.000000000 -1.000000000 -1.000000000 0.255081007
64 1.181905514 20.896540584 1.429675391 0.618282550 -1.000000000 0.457419905
128 1.928501770 38.672073101 2.523435815 0.782835138 20.201822721 0.862097700
256 3.421694281 74.223138135 4.710956664 -1.000000000 21.945294619 1.671453290
388 -1.000000000 110.885173952 6.966837540 1.451330028 23.743250013 2.506101242
481 6.046446743 136.715244641 8.556208157 1.690445508 25.009991313 3.094148663
512 6.408079304 145.325268204 9.085998363 1.770150668 25.432238414 3.290164470
1024 12.380849349 287.529528340 17.836081759 3.086571375 32.406126004 6.527586831
1246 14.970605111 349.188406759 21.630063232 3.657363166 35.429960076 7.931312933
1461 17.478701907 408.903086308 25.304414658 4.210157018 -1.000000000 -1.000000000
1976 23.486468652 551.940574532 -1.000000000 5.534291128 45.373198242 -1.000000000
2048 24.326389440 -1.000000000 -1.000000000 5.719412789 46.353901184 13.002431553
2172 25.772919685 606.378142865 37.455409374 6.038233429 48.042889585 13.786494781
2594 30.695788746 723.585560399 44.667392174 7.123252059 53.790898497 16.454838992
3200 -1.000000000 891.897633920 55.023936194 8.681359380 62.045148262 20.286631864
4096 48.217469621 1140.755089159 70.336582138 10.985095618 74.249451544 25.952120996
342
0.000000000 672 53
0.000000000 569 6
0.000000000 1894 37
0.000000000 1471 20
0.000000000 112 47
0.000000000 117 46
0.000000000 310 3
0.000000000 30 55
0.000000000 8 26
0.000000000 23 35
0.000000000 1 46
0.000000000 65 59
0.000000000 1121 44
0.000000000 105 15
0.000000000 4 40
0.000000000 1067 32
0.000000000 98 61
0.000000000 2128 28
0.000000000 4 48
0.000000000 252 40
0.000000000 3 42
0.000000000 1212 45
0.000000000 441 1
0.000000000 5 36
0.000000000 9 62
0.000000000 6 13
0.000000000 2997 29
0.000000000 16 57
0.000000000 38 47
0.000000000 867 52
0.000000000 97 25
0.000000000 3763 12
0.000000000 1873 6
0.000000000 40 3
0.000000000 981 48
0.000000000 2 7
0.000000000 3305 34
0.000000000 331 44
0.000000000 24 4
0.000000000 2 11
0.000000000 13 17
0.000000000 665 47
0.000000000 10 34
0.000000000 2700 46
0.000000000 13 14
0.000000000 410 12
0.000000000 6 13
0.000000000 11 63
0.000000000 86 64
0.000000000 1334 18
0.000000000 24 52
0.000000000 2 19
0.000000000 94 58
0.000000000 343 11
0.000000000 32 45
0.000000000 55 59
0.000000000 29 9
0.000000000 175 51
0.000000000 11 12
0.000000000 4 4
0.000000000 24 44
0.000000000 62 21
0.000000000 34 46
0.000000000 2345 51
0.000000000 139 4
0.000000000 224 44
0.000000000 510 31
0.000000000 21 19
0.000000000 265 1
0.000000000 7 51
0.000000000 6 50
0.000000000 340 53
0.000000000 1 19
0.000000000 1113 51
0.000000000 1 28
0.000000000 99 25
0.000000000 32 61
0.000000000 35 38
0.000000000 12 21
0.000000000 2 27
0.000000000 408 60
0.000000000 65 38
0.000000000 24 64
0.000000000 4 14
0.000000000 328 24
0.000000000 10 49
0.000000000 1 60
0.000000000 324 34
0.000000000 13 40
0.000000000 23 19
0.000000000 558 8
0.000000000 10 21
0.000000000 2693 21
0.000000000 9 60
0.000000000 200 41
0.000000000 34 14
0.000000000 36 34
0.000000000 339 53
0.000000000 1 15
0.000000000 8 57
0.000000000 386 34
0.000000000 1 41
0.000000000 2 13
0.000000000 27 7
0.000000000 2 15
0.000000000 134 8
0.000000000 3 41
0.000000000 2440 42
0.000000000 230 48
0.000000000 1 35
0.000000000 127 52
0.000000000 529 15
0.000000000 1527 27
0.000000000 14 22
0.000000000 20 51
0.000000000 17 49
0.000000000 1882 29
0.000000000 3855 27
0.000000000 1698 63
0.000000000 2 42
0.000000000 1 21
0.000000000 3 59
0.000000000 14 44
0.000000000 5 19
0.000000000 7 61
0.000000000 2663 17
0.000000000 986 19
0.000000000 3 24
0.000000000 82 29
0.000000000 445 62
0.000000000 656 11
0.000000000 2 38
0.000000000 14 50
0.000000000 78 41
0.000000000 31 13
0.000000000 1 15
0.000000000 6 57
0.000000000 3 28
0.000000000 44 15
0.000000000 167 55
0.000000000 309 10
0.000000000 1 64
0.000000000 268 34
0.000000000 3282 10
0.000000000 35 2
0.000000000 4 35
0.000000000 3071 36
0.000000000 136 48
0.000000000 4 23
0.000000000 10 57
0.000000000 80 54
0.000000000 2384 22
0.000000000 395 38
0.000000000 1 9
0.000000000 1788 53
0.000000000 507 53
0.000000000 1 13
0.000000000 186 64
0.000000000 1 11
0.000000000 914 27
0.000000000 3478 9
0.000000000 7 10
0.000000000 1 8
0.000000000 2511 33
0.000000000 1053 1
0.000000000 23 47
0.000000000 1796 60
0.000000000 524 37
0.000000000 1390 32
0.000000000 280 27
0.000000000 21 24
0.000000000 4 40
0.000000000 54 58
0.000000000 1528 7
0.000000000 1 4
0.000000000 22 8
0.000000000 169 55
0.000000000 12 54
0.000000000 12 30
0.000000000 56 48
0.000000000 5 33
0.000000000 1 39
0.000000000 2 36
0.000000000 44 31
0.000000000 1661 16
0.000000000 13 49
0.000000000 1131 48
0.000000000 754 55
0.000000000 2561 52
0.000000000 1580 57
0.000000000 1 32
0.000000000 57 40
0.000000000 600 3
0.000000000 2 35
0.000000000 8 42
0.000000000 34 50
0.000000000 48 7
0.000000000 13 25
0.000000000 3 13
0.000000000 38 31
0.000000000 865 46
0.000000000 1678 7
0.000000000 4 35
0.000000000 122 7
0.000000000 53 40
0.000000000 21 61
0.000000000 3 8
0.000000000 9 28
0.000000000 82 19
0.000000000 65 58
0.000000000 607 29
0.000000000 65 4
0.000000000 1 33
0.000000000 49 62
0.000000000 141 50
0.000000000 1964 50
0.000000000 51 56
0.000000000 594 36
0.000000000 31 43
0.000000000 3438 55
0.000000000 27 32
0.000000000 8 3
0.000000000 85 24
0.000000000 978 24
0.000000000 836 46
0.000000000 6 49
0.000000000 12 43
0.000000000 311 39
0.000000000 306 23
0.000000000 638 50
0.000000000 1834 19
0.000000000 1 39
0.000000000 3 25
0.000000000 251 47
0.000000000 55 64
0.000000000 247 61
0.000000000 8 47
0.000000000 1175 48
0.000000000 11 21
0.000000000 740 18
0.000000000 113 34
0.000000000 417 26
0.000000000 24 48
0.000000000 148 29
0.000000000 21 18
0.000000000 418 1
0.000000000 55 48
0.000000000 1914 23
0.000000000 1082 45
0.000000000 3240 41
0.000000000 501 33
0.000000000 20 24
0.000000000 80 9
0.000000000 83 64
0.000000000 425 48
0.000000000 74 12
0.000000000 2 33
0.000000000 44 26
0.000000000 2 45
0.000000000 50 36
0.000000000 144 62
0.000000000 406 17
0.000000000 1 17
0.000000000 1991 44
0.000000000 2 6
0.000000000 34 56
0.000000000 397 64
0.000000000 257 46
0.000000000 9 14
0.000000000 3 25
0.000000000 22 32
0.000000000 42 48
0.000000000 3 27
0.000000000 106 15
0.000000000 87 45
0.000000000 493 57
0.000000000 206 44
0.000000000 30 52
0.000000000 2132 26
0.000000000 1 21
0.000000000 637 24
0.000000000 1258 10
0.000000000 27 40
0.000000000 5 31
0.000000000 1882 1
0.000000000 1 7
0.000000000 13 64
0.000000000 14 61
0.000000000 1052 21
0.000000000 19 41
0.000000000 2942 30
0.000000000 1 17
0.000000000 1 33
0.000000000 967 4
0.000000000 11 63
0.000000000 730 28
0.000000000 269 20
0.000000000 495 26
0.000000000 1 14
0.000000000 45 54
0.000000000 11 3
0.000000000 419 39
0.000000000 667 29
0.000000000 2 22
0.000000000 75 7
0.000000000 524 17
0.000000000 24 45
0.000000000 58 58
0.000000000 1 3
0.000000000 91 23
0.000000000 43 24
0.000000000 3 6
0.000000000 4 15
0.000000000 54 14
0.000000000 2227 13
0.000000000 2 47
0.000000000 18 21
0.000000000 1 23
0.000000000 182 6
0.000000000 1434 60
0.000000000 7 9
0.000000000 369 26
0.000000000 1449 52
0.000000000 3 17
0.000000000 18 48
0.000000000 15 26
0.000000000 9 43
0.000000000 3 38
0.000000000 1 22
0.000000000 348 15
0.000000000 2211 20
0.000000000 50 44
0.000000000 625 20
0.000000000 3 48
0.000000000 1312 2
0.000000000 4 57
0.000000000 512 40
0.000000000 121 25
0.000000000 11 58
0.000000000 1 11
0.000000000 19 4
0.000000000 16 51
