6 1.963350281 0.132795675 0.001453999 1774.032808984 15
12179.087043425 66.734256949 0.005395106 0.002523217 152.151386713 0.500000000 0.500000000
21
1 0.153140822 2.460530614 0.340826181 0.555258556 14.401934904 0.877676493
2 0.162592929 2.626617891 0.350770631 -1.000000000 14.449118986 0.885256533
4 0.181497144 2.958792446 0.370659532 0.560109953 -1.000000000 0.900416613
8 0.219305574 3.623141555 0.410437333 0.566578483 -1.000000000 0.930736775
11 -1.000000000 4.121403387 0.440270684 -1.000000000 14.873775718 0.953476896
16 0.294922434 4.951839774 0.489992936 0.579515542 15.109696125 0.991377097
32 0.446156154 7.609236212 0.649104141 0.605389661 -1.000000000 1.112657742
64 0.748623594 12.924029087 -1.000000000 -1.000000000 17.374532031 1.355219032
128 1.353558474 23.553614838 1.603771370 0.760634373 20.394313238 1.840341613
256 2.563428233 44.812786340 -1.000000000 -1.000000000 26.433875653 2.810586773
512 4.983167752 87.331129344 5.422440288 1.381613220 38.513000484 4.751077094
876 8.423734881 147.786898303 9.042220199 1.970249419 55.688006102 7.510211769
1024 9.822646791 172.367815352 10.513998844 2.209585016 -1.000000000 8.632057736
1511 -1.000000000 253.252319426 15.356946144 2.997128502 85.649897771 12.323537370
2048 19.501604867 342.441187368 20.697115958 3.865528609 110.987749466 -1.000000000
2172 20.673666197 363.036009760 21.930227796 4.066053028 116.838575555 17.333944019
2297 21.855179634 -1.000000000 23.173284084 4.268194580 122.736585726 18.281449058
2454 23.339160511 409.872621975 24.734562782 4.522084369 130.144486501 19.471515388
2525 24.010260143 421.664818668 25.440618754 4.636900771 133.494556278 20.009698250
2644 25.135060935 441.429204674 -1.000000000 4.829339528 139.109461961 20.911723048
4096 38.859521020 682.587931399 41.063350185 7.177415794 207.620748108 31.917941587
282
0.000000000 287 17
0.000000000 21 24
0.000000000 50 52
0.000000000 170 41
0.000000000 378 6
0.000000000 550 21
0.000000000 25 1
0.000000000 7 63
0.000000000 4030 10
0.000000000 611 33
0.000000000 1 45
0.000000000 1 12
0.000000000 4 42
0.000000000 549 47
0.000000000 66 51
0.000000000 33 45
0.000000000 2138 34
0.000000000 1055 18
0.000000000 257 52
0.000000000 925 13
0.000000000 142 24
0.000000000 16 39
0.000000000 2304 1
0.000000000 5 1
0.000000000 2792 43
0.000000000 45 26
0.000000000 77 5
0.000000000 34 9
0.000000000 67 28
0.000000000 1467 8
0.000000000 120 24
0.000000000 2520 18
0.000000000 263 15
0.000000000 644 6
0.000000000 1390 33
0.000000000 10 40
0.000000000 964 26
0.000000000 20 21
0.000000000 525 31
0.000000000 341 13
0.000000000 566 35
0.000000000 1270 1
0.000000000 800 57
0.000000000 1 28
0.000000000 337 48
0.000000000 88 48
0.000000000 183 29
0.000000000 1133 30
0.000000000 54 2
0.000000000 2 31
0.000000000 2 41
0.000000000 65 51
0.000000000 2 33
0.000000000 3086 16
0.000000000 74 61
0.000000000 2020 16
0.000000000 3784 37
0.000000000 84 32
0.000000000 5 25
0.000000000 1956 38
0.000000000 97 40
0.000000000 2279 55
0.000000000 47 8
0.000000000 1255 6
0.000000000 868 43
0.000000000 1 31
0.000000000 162 7
0.000000000 1 58
0.000000000 653 27
0.000000000 5 46
0.000000000 1274 16
0.000000000 833 44
0.000000000 329 39
0.000000000 18 31
0.000000000 6 53
0.000000000 332 54
0.000000000 1 44
0.000000000 3385 41
0.000000000 3 31
0.000000000 1291 58
0.000000000 91 15
0.000000000 4 2
0.000000000 5 50
0.000000000 1126 21
0.000000000 33 58
0.000000000 58 33
0.000000000 124 10
0.000000000 666 21
0.000000000 3649 14
0.000000000 2 63
0.000000000 2798 16
0.000000000 9 39
0.000000000 129 59
0.000000000 3 13
0.000000000 350 24
0.000000000 3 9
0.000000000 2324 62
0.000000000 1829 37
0.000000000 6 52
0.000000000 3 53
0.000000000 5 11
0.000000000 35 22
0.000000000 3 41
0.000000000 9 45
0.000000000 2 20
0.000000000 134 18
0.000000000 14 26
0.000000000 3240 11
0.000000000 3 30
0.000000000 6 42
0.000000000 2 7
0.000000000 1254 63
0.000000000 19 37
0.000000000 2 49
0.000000000 2218 16
0.000000000 222 22
0.000000000 33 49
0.000000000 1 26
0.000000000 1092 48
0.000000000 3213 63
0.000000000 668 29
0.000000000 1 4
0.000000000 51 27
0.000000000 12 59
0.000000000 117 5
0.000000000 96 18
0.000000000 610 63
0.000000000 3030 52
0.000000000 20 13
0.000000000 2 19
0.000000000 1 43
0.000000000 2686 10
0.000000000 3711 24
0.000000000 18 39
0.000000000 391 37
0.000000000 111 38
0.000000000 311 16
0.000000000 3657 60
0.000000000 1 35
0.000000000 162 47
0.000000000 1 17
0.000000000 15 28
0.000000000 13 33
0.000000000 182 16
0.000000000 896 7
0.000000000 25 13
0.000000000 28 11
0.000000000 11 45
0.000000000 263 3
0.000000000 14 2
0.000000000 763 1
0.000000000 723 2
0.000000000 38 44
0.000000000 347 26
0.000000000 177 34
0.000000000 594 14
0.000000000 1746 32
0.000000000 739 10
0.000000000 2 60
0.000000000 2 55
0.000000000 1 50
0.000000000 910 61
0.000000000 252 55
0.000000000 2 54
0.000000000 97 57
0.000000000 10 7
0.000000000 546 38
0.000000000 2897 38
0.000000000 1842 50
0.000000000 852 25
0.000000000 5 47
0.000000000 260 8
0.000000000 64 31
0.000000000 4 19
0.000000000 3 28
0.000000000 20 45
0.000000000 527 1
0.000000000 174 17
0.000000000 2250 44
0.000000000 27 17
0.000000000 3084 50
0.000000000 12 7
0.000000000 22 5
0.000000000 1370 22
0.000000000 1799 25
0.000000000 84 17
0.000000000 402 60
0.000000000 3141 35
0.000000000 65 30
0.000000000 4 28
0.000000000 542 41
0.000000000 393 21
0.000000000 4 16
0.000000000 4 28
0.000000000 593 35
0.000000000 112 17
0.000000000 1 36
0.000000000 1 59
0.000000000 27 60
0.000000000 3966 44
0.000000000 805 7
0.000000000 28 37
0.000000000 103 12
0.000000000 3 7
0.000000000 1 4
0.000000000 93 6
0.000000000 21 26
0.000000000 4 36
0.000000000 6 33
0.000000000 2 23
0.000000000 135 11
0.000000000 2056 13
0.000000000 195 8
0.000000000 1054 1
0.000000000 1 50
0.000000000 1382 35
0.000000000 14 35
0.000000000 28 17
0.000000000 1 20
0.000000000 1 3
0.000000000 92 51
0.000000000 102 48
0.000000000 15 42
0.000000000 1053 17
0.000000000 48 47
0.000000000 1 2
0.000000000 4 29
0.000000000 2 63
0.000000000 159 25
0.000000000 2 57
0.000000000 26 33
0.000000000 364 36
0.000000000 2 32
0.000000000 452 34
0.000000000 5 50
0.000000000 570 7
0.000000000 1 39
0.000000000 25 56
0.000000000 24 5
0.000000000 324 26
0.000000000 204 11
0.000000000 10 32
0.000000000 2 31
0.000000000 1552 47
0.000000000 5 45
0.000000000 801 53
0.000000000 2 56
0.000000000 75 22
0.000000000 942 51
0.000000000 2432 11
0.000000000 1584 31
0.000000000 9 45
0.000000000 1 46
0.000000000 10 13
0.000000000 3 54
0.000000000 126 22
0.000000000 203 4
0.000000000 85 24
0.000000000 24 31
0.000000000 2 40
0.000000000 1443 29
0.000000000 459 9
0.000000000 1431 5
0.000000000 3 50
0.000000000 6 23
0.000000000 486 27
0.000000000 2838 32
0.000000000 30 61
0.000000000 19 30
0.000000000 18 23
0.000000000 18 33
0.000000000 5 20
0.000000000 78 35
0.000000000 546 35
0.000000000 47 27
0.000000000 582 41
0.000000000 120 1
0.000000000 993 20
0.000000000 39 27
0.000000000 3 21
0.000000000 14 59
0.000000000 17 3
