7 9.648685823 0.042067107 1.069409289 1428.178433845 50
100.450616005 127.427041626 0.895663281 0.023710710 3352.272209690 0.250000000 0.750000000
21
1 0.182898958 3.627367741 0.480763332 0.866489750 6.895229260 0.077355177
2 0.198110767 3.872959788 0.494520016 0.870965033 -1.000000000 0.079613541
4 0.228534383 4.364143884 0.522033384 0.879915599 6.952117500 0.084130270
8 0.289381616 5.346512074 0.577060119 0.897816732 7.027968487 0.093163729
16 0.411076082 7.311248455 0.687113590 0.933618997 7.179670462 0.111230646
32 0.654465015 11.240721217 0.907220532 1.005223528 7.483074410 0.147364480
64 1.141242879 19.099666740 1.347434416 1.148432590 8.089882307 0.219632148
128 2.114798608 34.817557786 2.227862184 1.434850714 9.303498100 0.364167485
256 4.061910066 -1.000000000 3.988717720 2.007686962 11.730729687 0.653238158
512 -1.000000000 -1.000000000 7.510428791 3.153359457 16.585192861 1.231379504
640 9.903244441 160.560686160 9.271284327 3.726195705 19.012424448 1.520450177
1024 15.744578816 254.868032440 14.553850933 -1.000000000 26.294119209 2.387662196
1080 16.596440079 268.621187105 15.324225230 5.695320306 27.356033029 2.514130615
1607 24.613063036 398.048196193 22.573997631 8.053794544 37.349400578 3.704288776
1990 30.439185602 492.109950425 -1.000000000 9.767828004 44.612132593 4.569242431
2048 31.321470481 506.354289186 28.640695218 10.027394428 45.711971906 4.700227579
2157 32.979557583 533.123822375 30.140173760 10.515200295 47.778911304 4.946389324
2944 44.951250689 726.404763839 40.966683968 14.037248162 62.702593015 -1.000000000
3820 58.276794731 941.543397540 53.017539040 -1.000000000 79.313959188 8.702049708
3871 59.052596953 954.068591968 53.719129917 18.185835674 80.281059274 8.817226304
4096 62.475253813 1009.326802679 56.814383788 19.192774390 84.547677298 9.325358347
499
0.000000000 566 51
0.000000000 3 45
0.000000000 12 33
0.000000000 1908 34
0.000000000 208 34
0.000000000 1829 4
0.000000000 2826 28
0.000000000 175 50
0.000000000 42 40
0.000000000 277 2
0.000000000 432 19
0.000000000 1 23
0.000000000 15 31
0.000000000 46 3
0.000000000 4 30
0.000000000 119 41
0.000000000 4 16
0.000000000 131 38
0.000000000 859 3
0.000000000 2213 51
0.000000000 102 7
0.000000000 46 57
0.000000000 1 46
0.000000000 2077 18
0.000000000 9 5
0.000000000 1266 29
0.000000000 3035 59
0.000000000 9 21
0.000000000 39 12
0.000000000 1608 39
0.000000000 33 8
0.000000000 36 17
0.000000000 24 56
0.000000000 190 8
0.000000000 2 35
0.000000000 116 17
0.000000000 1 17
0.000000000 1 58
0.000000000 4 15
0.000000000 3 26
0.000000000 144 35
0.000000000 40 24
0.000000000 3432 5
0.000000000 1550 33
0.000000000 28 30
0.000000000 6 11
0.000000000 5 36
0.000000000 49 52
0.000000000 94 52
0.000000000 4 8
0.000000000 274 7
0.000000000 1 1
0.000000000 7 1
0.000000000 39 39
0.000000000 2 53
0.000000000 22 16
0.000000000 3 3
0.000000000 407 3
0.000000000 210 33
0.000000000 1439 60
0.000000000 33 47
0.000000000 3 11
0.000000000 3 40
0.000000000 45 29
0.000000000 27 2
0.000000000 54 21
0.000000000 17 62
0.000000000 1 48
0.000000000 6 63
0.000000000 1 20
0.000000000 6 9
0.000000000 115 33
0.000000000 1 61
0.000000000 1232 40
0.000000000 1177 16
0.000000000 54 3
0.000000000 724 6
0.000000000 1359 22
0.000000000 2 20
0.000000000 477 20
0.000000000 34 40
0.000000000 3 28
0.000000000 3433 1
0.000000000 739 20
0.000000000 118 24
0.000000000 529 54
0.000000000 2896 12
0.000000000 25 24
0.000000000 4 28
0.000000000 2 39
0.000000000 3 60
0.000000000 1 44
0.000000000 29 60
0.000000000 681 48
0.000000000 9 47
0.000000000 59 8
0.000000000 2871 28
0.000000000 1323 8
0.000000000 31 7
0.000000000 82 42
0.000000000 3 23
0.000000000 2 29
0.000000000 1534 26
0.000000000 3 38
0.000000000 1273 9
0.000000000 2583 42
0.000000000 203 35
0.000000000 1429 51
0.000000000 1 58
0.000000000 1 47
0.000000000 41 45
0.000000000 35 23
0.000000000 107 44
0.000000000 1340 37
0.000000000 47 13
0.000000000 11 3
0.000000000 56 62
0.000000000 176 29
0.000000000 3869 15
0.000000000 70 39
0.000000000 3 62
0.000000000 2084 22
0.000000000 248 58
0.000000000 18 63
0.000000000 2 37
0.000000000 100 19
0.000000000 2 20
0.000000000 1437 64
0.000000000 103 39
0.000000000 29 50
0.000000000 689 60
0.000000000 8 37
0.000000000 2 5
0.000000000 2 24
0.000000000 8 5
0.000000000 1 18
0.000000000 894 29
0.000000000 3 54
0.000000000 4 8
0.000000000 9 60
0.000000000 85 60
0.000000000 105 28
0.000000000 2 37
0.000000000 4 16
0.000000000 75 64
0.000000000 39 58
0.000000000 98 51
0.000000000 30 10
0.000000000 431 5
0.000000000 3 29
0.000000000 25 8
0.000000000 3 55
0.000000000 1953 33
0.000000000 350 45
0.000000000 851 62
0.000000000 2 63
0.000000000 376 36
0.000000000 35 56
0.000000000 3614 3
0.000000000 4 6
0.000000000 7 44
0.000000000 88 46
0.000000000 7 39
0.000000000 308 57
0.000000000 6 64
0.000000000 1719 37
0.000000000 3 21
0.000000000 1404 17
0.000000000 9 54
0.000000000 1366 37
0.000000000 96 60
0.000000000 4 37
0.000000000 12 57
0.000000000 1 33
0.000000000 4 39
0.000000000 25 57
0.000000000 2 21
0.000000000 123 36
0.000000000 1 52
0.000000000 1898 55
0.000000000 41 10
0.000000000 1 33
0.000000000 5 25
0.000000000 180 62
0.000000000 121 63
0.000000000 12 4
0.000000000 1416 42
0.000000000 1 36
0.000000000 106 54
0.000000000 37 64
0.000000000 11 14
0.000000000 39 60
0.000000000 42 42
0.000000000 21 40
0.000000000 3 22
0.000000000 1 20
0.000000000 1 2
0.000000000 357 62
0.000000000 1 1
0.000000000 11 33
0.000000000 22 27
0.000000000 217 52
0.000000000 8 44
0.000000000 2 6
0.000000000 5 14
0.000000000 139 35
0.000000000 219 41
0.000000000 7 10
0.000000000 760 33
0.000000000 2205 26
0.000000000 22 38
0.000000000 1974 47
0.000000000 901 33
0.000000000 9 41
0.000000000 2600 24
0.000000000 5 8
0.000000000 1088 41
0.000000000 131 12
0.000000000 89 48
0.000000000 2667 54
0.000000000 47 15
0.000000000 136 32
0.000000000 34 57
0.000000000 150 55
0.000000000 32 20
0.000000000 2347 12
0.000000000 3707 7
0.000000000 22 47
0.000000000 19 44
0.000000000 6 57
0.000000000 1 53
0.000000000 1 59
0.000000000 4 18
0.000000000 69 46
0.000000000 2041 7
0.000000000 1 29
0.000000000 885 4
0.000000000 1148 2
0.000000000 127 3
0.000000000 179 53
0.000000000 6 21
0.000000000 616 56
0.000000000 13 49
0.000000000 32 50
0.000000000 1 18
0.000000000 369 14
0.000000000 1501 28
0.000000000 730 28
0.000000000 43 27
0.000000000 257 34
0.000000000 110 19
0.000000000 2 15
0.000000000 4 11
0.000000000 8 8
0.000000000 207 29
0.000000000 326 6
0.000000000 1 37
0.000000000 2613 48
0.000000000 1 59
0.000000000 3326 41
0.000000000 4 60
0.000000000 2 20
0.000000000 2 40
0.000000000 7 50
0.000000000 13 64
0.000000000 1 52
0.000000000 481 8
0.000000000 80 48
0.000000000 6 22
0.000000000 19 4
0.000000000 3 21
0.000000000 158 51
0.000000000 5 61
0.000000000 2901 14
0.000000000 2946 38
0.000000000 1 50
0.000000000 10 64
0.000000000 21 29
0.000000000 24 16
0.000000000 3 45
0.000000000 114 15
0.000000000 678 53
0.000000000 1559 21
0.000000000 13 41
0.000000000 189 46
0.000000000 105 11
0.000000000 204 26
0.000000000 9 1
0.000000000 140 57
0.000000000 3058 42
0.000000000 20 45
0.000000000 4 35
0.000000000 1 24
0.000000000 80 8
0.000000000 1 11
0.000000000 415 18
0.000000000 123 7
0.000000000 329 19
0.000000000 294 35
0.000000000 1054 48
0.000000000 6 60
0.000000000 43 22
0.000000000 19 45
0.000000000 4 19
0.000000000 1 49
0.000000000 27 53
0.000000000 292 28
0.000000000 2000 10
0.000000000 1 11
0.000000000 1 4
0.000000000 518 49
0.000000000 60 7
0.000000000 1 37
0.000000000 44 33
0.000000000 5 16
0.000000000 587 50
0.000000000 3 54
0.000000000 13 41
0.000000000 622 58
0.000000000 4050 17
0.000000000 1 44
0.000000000 974 13
0.000000000 2655 34
0.000000000 1926 17
0.000000000 14 18
0.000000000 253 61
0.000000000 272 60
0.000000000 1504 5
0.000000000 1179 49
0.000000000 3771 2
0.000000000 52 39
0.000000000 11 33
0.000000000 1 7
0.000000000 1 37
0.000000000 338 37
0.000000000 2547 21
0.000000000 1 55
0.000000000 93 45
0.000000000 4 57
0.000000000 733 54
0.000000000 125 21
0.000000000 2135 31
0.000000000 7 51
0.000000000 153 63
0.000000000 2458 41
0.000000000 9 55
0.000000000 518 48
0.000000000 2716 9
0.000000000 1878 63
0.000000000 365 39
0.000000000 1 34
0.000000000 20 7
0.000000000 683 56
0.000000000 3383 35
0.000000000 3892 51
0.000000000 3 43
0.000000000 22 8
0.000000000 170 10
0.000000000 598 27
0.000000000 1899 46
0.000000000 744 39
0.000000000 2513 43
0.000000000 48 64
0.000000000 127 11
0.000000000 1015 33
0.000000000 330 24
0.000000000 15 23
0.000000000 231 3
0.000000000 78 20
0.000000000 7 64
0.000000000 1 45
0.000000000 78 22
0.000000000 789 44
0.000000000 23 38
0.000000000 100 18
0.000000000 71 42
0.000000000 3 13
0.000000000 34 21
0.000000000 4 40
0.000000000 10 55
0.000000000 1439 25
0.000000000 2792 10
0.000000000 1 4
0.000000000 17 53
0.000000000 45 9
0.000000000 7 48
0.000000000 82 36
0.000000000 3 12
0.000000000 2016 26
0.000000000 1659 21
0.000000000 1 25
0.000000000 12 17
0.000000000 17 7
0.000000000 2840 6
0.000000000 4 41
0.000000000 915 27
0.000000000 2 28
0.000000000 2 47
0.000000000 7 27
0.000000000 81 14
0.000000000 235 13
0.000000000 47 47
0.000000000 130 62
0.000000000 293 45
0.000000000 24 60
0.000000000 26 27
0.000000000 1059 54
0.000000000 28 20
0.000000000 7 53
0.000000000 3 63
0.000000000 325 53
0.000000000 1 9
0.000000000 22 41
0.000000000 113 5
0.000000000 520 23
0.000000000 486 30
0.000000000 15 6
0.000000000 1496 53
0.000000000 72 27
0.000000000 157 22
0.000000000 26 14
0.000000000 2507 63
0.000000000 3 10
0.000000000 2019 42
0.000000000 140 26
0.000000000 539 49
0.000000000 11 25
0.000000000 97 4
0.000000000 446 31
0.000000000 1054 9
0.000000000 11 14
0.000000000 8 19
0.000000000 416 2
0.000000000 522 63
0.000000000 1664 18
0.000000000 263 5
0.000000000 3259 10
0.000000000 121 13
0.000000000 353 40
0.000000000 38 22
0.000000000 16 5
0.000000000 1 39
0.000000000 43 32
0.000000000 172 42
0.000000000 2782 58
0.000000000 2951 38
0.000000000 347 59
0.000000000 12 62
0.000000000 3 38
0.000000000 677 5
0.000000000 2 31
0.000000000 26 5
0.000000000 1 23
0.000000000 37 53
0.000000000 934 46
0.000000000 3 15
0.000000000 14 43
0.000000000 146 12
0.000000000 230 42
0.000000000 29 6
0.000000000 24 59
0.000000000 33 34
0.000000000 3 38
0.000000000 2 30
0.000000000 106 5
0.000000000 57 43
0.000000000 96 38
0.000000000 974 50
0.000000000 11 7
0.000000000 1 40
0.000000000 1043 54
0.000000000 432 48
0.000000000 631 36
0.000000000 95 52
0.000000000 1169 12
0.000000000 73 48
0.000000000 32 47
0.000000000 3138 46
0.000000000 89 15
0.000000000 4 58
0.000000000 35 49
0.000000000 3 56
0.000000000 1 44
0.000000000 380 41
0.000000000 27 55
0.000000000 323 46
0.000000000 30 63
0.000000000 16 15
0.000000000 1028 51
0.000000000 211 2
0.000000000 538 43
0.000000000 1 30
0.000000000 390 23
0.000000000 381 15
0.000000000 20 47
0.000000000 81 31
0.000000000 261 22
0.000000000 1 63
0.000000000 2 18
