2 4.441588352 10.912571324 8.677140575 4.693232908 2
197.158838295 100.256654998 1.274405364 0.019305198 2026.218935431 0.500000000 0.500000000
21
1 0.357552071 4.062039508 0.235307677 0.945874997 12.703313798 0.975441098
2 0.370335180 4.088649533 0.254284613 0.947824086 12.724756803 -1.000000000
4 0.395901398 4.141869582 -1.000000000 0.951722265 12.767642814 0.992777273
8 0.447033833 4.248309681 0.368146227 0.959518621 12.853414835 1.015892172
16 -1.000000000 4.461189879 0.519961712 0.975111334 13.024958878 -1.000000000
32 0.753828446 -1.000000000 0.823592684 1.006296760 13.368046963 1.154581570
52 1.009490623 5.419150768 1.203131398 1.045278543 13.796907069 1.270156069
64 -1.000000000 5.738471064 1.430854626 1.068667612 14.054223132 1.339500768
128 1.981006895 7.441512644 2.645378511 1.193409316 15.426575472 1.709339163
256 -1.000000000 10.847595805 5.074426281 1.442892724 18.171280152 -1.000000000
512 6.889720694 17.659762127 -1.000000000 1.941859540 23.660689510 -1.000000000
871 11.478856771 27.212760992 16.745241739 2.641582536 31.358728416 6.002931778
1024 -1.000000000 31.284094770 19.648712902 2.939793172 -1.000000000 6.887076691
1378 17.959892958 40.704043512 26.366548141 3.629770722 42.230332107 8.932745313
1635 21.245151933 47.542819859 31.243620617 4.130686627 47.741184471 10.417877617
1666 21.641428307 48.367730624 31.831905624 -1.000000000 48.405917635 10.597018090
1773 23.009220954 51.215003266 33.862437745 4.399660926 50.700319203 11.215341656
2048 26.524575888 58.532760057 39.081095063 4.935660435 56.597145663 12.804491010
3572 46.006033776 99.086437692 68.001945076 7.906072261 89.276285752 21.611267788
3943 50.748567159 108.958756853 75.042388223 8.629184326 97.231640721 23.755174733
4096 52.704382813 113.030090631 77.945859385 8.927394962 100.512420533 24.639319646
473
0.000000000 733 34
0.000000000 22 48
0.000000000 2652 42
0.000000000 56 33
0.000000000 100 25
0.000000000 112 31
0.000000000 14 56
0.000000000 95 28
0.000000000 774 7
0.000000000 858 46
0.000000000 2 22
0.000000000 391 10
0.000000000 1 4
0.000000000 1005 19
0.000000000 3 33
0.000000000 26 27
0.000000000 6 47
0.000000000 249 64
0.000000000 4 7
0.000000000 8 39
0.000000000 53 19
0.000000000 74 35
0.000000000 8 15
0.000000000 70 56
0.000000000 1992 47
0.000000000 5 33
0.000000000 12 30
0.000000000 572 56
0.000000000 462 14
0.000000000 14 21
0.000000000 1 54
0.000000000 1243 57
0.000000000 1 22
0.000000000 13 4
0.000000000 2 42
0.000000000 2 24
0.000000000 137 43
0.000000000 28 15
0.000000000 1512 24
0.000000000 2670 43
0.000000000 2 52
0.000000000 8 8
0.000000000 3 5
0.000000000 55 25
0.000000000 145 36
0.000000000 64 3
0.000000000 10 45
0.000000000 2 35
0.000000000 295 44
0.000000000 38 15
0.000000000 1346 56
0.000000000 3436 60
0.000000000 17 49
0.000000000 779 45
0.000000000 2 62
0.000000000 3 63
0.000000000 99 27
0.000000000 3822 51
0.000000000 92 50
0.000000000 1 23
0.000000000 91 15
0.000000000 3184 39
0.000000000 738 17
0.000000000 719 52
0.000000000 45 4
0.000000000 2 22
0.000000000 3163 17
0.000000000 264 8
0.000000000 63 62
0.000000000 413 64
0.000000000 910 9
0.000000000 585 43
0.000000000 672 52
0.000000000 26 41
0.000000000 205 52
0.000000000 748 6
0.000000000 265 38
0.000000000 4 49
0.000000000 1248 50
0.000000000 1881 24
0.000000000 1 46
0.000000000 8 64
0.000000000 87 61
0.000000000 3971 19
0.000000000 1101 28
0.000000000 37 23
0.000000000 1960 40
0.000000000 6 18
0.000000000 1 25
0.000000000 1 8
0.000000000 18 58
0.000000000 48 19
0.000000000 16 40
0.000000000 39 52
0.000000000 3 25
0.000000000 739 8
0.000000000 138 61
0.000000000 21 23
0.000000000 96 46
0.000000000 2 10
0.000000000 5 37
0.000000000 629 24
0.000000000 947 35
0.000000000 5 15
0.000000000 112 31
0.000000000 3666 2
0.000000000 24 10
0.000000000 10 14
0.000000000 165 52
0.000000000 37 26
0.000000000 1 4
0.000000000 39 36
0.000000000 622 23
0.000000000 13 44
0.000000000 113 36
0.000000000 55 10
0.000000000 6 18
0.000000000 242 31
0.000000000 37 45
0.000000000 5 54
0.000000000 411 28
0.000000000 676 60
0.000000000 26 3
0.000000000 13 44
0.000000000 412 11
0.000000000 101 30
0.000000000 25 14
0.000000000 3 22
0.000000000 31 15
0.000000000 3 16
0.000000000 6 29
0.000000000 3 16
0.000000000 1366 18
0.000000000 108 56
0.000000000 1 16
0.000000000 36 63
0.000000000 14 31
0.000000000 15 45
0.000000000 2 54
0.000000000 866 2
0.000000000 5 42
0.000000000 3 7
0.000000000 522 6
0.000000000 1722 37
0.000000000 23 52
0.000000000 103 54
0.000000000 97 52
0.000000000 2 18
0.000000000 46 45
0.000000000 2 24
0.000000000 1265 63
0.000000000 1 11
0.000000000 1 9
0.000000000 8 52
0.000000000 231 36
0.000000000 49 37
0.000000000 63 59
0.000000000 23 17
0.000000000 1151 57
0.000000000 173 40
0.000000000 104 5
0.000000000 15 61
0.000000000 1 33
0.000000000 68 41
0.000000000 8 9
0.000000000 40 13
0.000000000 6 41
0.000000000 1474 20
0.000000000 583 11
0.000000000 2809 55
0.000000000 1070 47
0.000000000 3497 23
0.000000000 182 40
0.000000000 2676 19
0.000000000 387 47
0.000000000 5 41
0.000000000 7 1
0.000000000 9 43
0.000000000 1773 15
0.000000000 1 41
0.000000000 1 45
0.000000000 662 8
0.000000000 540 47
0.000000000 1690 57
0.000000000 6 57
0.000000000 2386 32
0.000000000 202 60
0.000000000 3438 28
0.000000000 7 43
0.000000000 752 8
0.000000000 97 55
0.000000000 29 9
0.000000000 704 47
0.000000000 3696 59
0.000000000 1 50
0.000000000 3771 14
0.000000000 15 23
0.000000000 6 54
0.000000000 58 53
0.000000000 112 26
0.000000000 35 23
0.000000000 264 9
0.000000000 33 57
0.000000000 3500 55
0.000000000 665 25
0.000000000 1060 56
0.000000000 12 31
0.000000000 1985 4
0.000000000 1868 35
0.000000000 13 54
0.000000000 153 3
0.000000000 1 19
0.000000000 4 52
0.000000000 331 64
0.000000000 57 1
0.000000000 1863 10
0.000000000 96 41
0.000000000 1815 41
0.000000000 2789 54
0.000000000 2 27
0.000000000 70 45
0.000000000 27 24
0.000000000 2532 4
0.000000000 3734 38
0.000000000 1089 29
0.000000000 23 48
0.000000000 12 47
0.000000000 681 16
0.000000000 1 30
0.000000000 3 3
0.000000000 1 18
0.000000000 84 49
0.000000000 10 4
0.000000000 7 51
0.000000000 18 22
0.000000000 770 8
0.000000000 43 30
0.000000000 441 56
0.000000000 2 1
0.000000000 25 33
0.000000000 6 55
0.000000000 42 59
0.000000000 862 29
0.000000000 20 45
0.000000000 6 27
0.000000000 51 27
0.000000000 1 54
0.000000000 5 35
0.000000000 888 50
0.000000000 25 14
0.000000000 21 56
0.000000000 1 7
0.000000000 351 5
0.000000000 125 11
0.000000000 20 29
0.000000000 1 48
0.000000000 2 24
0.000000000 867 36
0.000000000 63 12
0.000000000 723 42
0.000000000 227 62
0.000000000 2 21
0.000000000 2 37
0.000000000 2 17
0.000000000 608 10
0.000000000 103 13
0.000000000 6 11
0.000000000 1 52
0.000000000 533 34
0.000000000 1147 45
0.000000000 45 33
0.000000000 133 1
0.000000000 2 51
0.000000000 793 19
0.000000000 558 10
0.000000000 386 61
0.000000000 1 42
0.000000000 14 22
0.000000000 62 59
0.000000000 4 11
0.000000000 15 51
0.000000000 162 10
0.000000000 2 18
0.000000000 17 6
0.000000000 3368 8
0.000000000 236 49
0.000000000 28 41
0.000000000 134 38
0.000000000 15 16
0.000000000 1052 3
0.000000000 6 24
0.000000000 1895 29
0.000000000 708 11
0.000000000 959 40
0.000000000 6 58
0.000000000 123 3
0.000000000 411 64
0.000000000 325 52
0.000000000 3 50
0.000000000 201 44
0.000000000 335 64
0.000000000 173 46
0.000000000 12 23
0.000000000 486 4
0.000000000 15 59
0.000000000 5 57
0.000000000 77 27
0.000000000 97 58
0.000000000 1 52
0.000000000 8 14
0.000000000 313 53
0.000000000 190 47
0.000000000 8 43
0.000000000 49 41
0.000000000 175 17
0.000000000 1688 23
0.000000000 74 57
0.000000000 8 14
0.000000000 25 56
0.000000000 14 23
0.000000000 119 40
0.000000000 112 13
0.000000000 1 34
0.000000000 182 2
0.000000000 4 14
0.000000000 17 60
0.000000000 7 62
0.000000000 10 26
0.000000000 17 3
0.000000000 5 60
0.000000000 995 44
0.000000000 1 7
0.000000000 46 4
0.000000000 1037 50
0.000000000 1169 35
0.000000000 904 55
0.000000000 9 2
0.000000000 4 59
0.000000000 22 15
0.000000000 1823 50
0.000000000 1 17
0.000000000 93 43
0.000000000 637 31
0.000000000 11 58
0.000000000 238 30
0.000000000 6 40
0.000000000 2770 22
0.000000000 23 63
0.000000000 17 2
0.000000000 311 49
0.000000000 1 51
0.000000000 4 2
0.000000000 3 51
0.000000000 1 54
0.000000000 825 47
0.000000000 2325 18
0.000000000 1044 18
0.000000000 15 43
0.000000000 4 16
0.000000000 821 48
0.000000000 47 37
0.000000000 17 15
0.000000000 547 24
0.000000000 5 44
0.000000000 200 6
0.000000000 49 64
0.000000000 731 31
0.000000000 548 20
0.000000000 174 58
0.000000000 15 25
0.000000000 1945 37
0.000000000 210 60
0.000000000 47 14
0.000000000 7 1
0.000000000 3 32
0.000000000 50 8
0.000000000 1391 17
0.000000000 2051 22
0.000000000 610 42
0.000000000 2 53
0.000000000 2320 13
0.000000000 90 48
0.000000000 247 17
0.000000000 704 63
0.000000000 6 16
0.000000000 165 38
0.000000000 5 9
0.000000000 22 54
0.000000000 4 15
0.000000000 3 37
0.000000000 17 37
0.000000000 32 24
0.000000000 344 49
0.000000000 86 7
0.000000000 2673 8
0.000000000 91 1
0.000000000 1 42
0.000000000 133 24
0.000000000 1043 64
0.000000000 503 32
0.000000000 23 33
0.000000000 63 32
0.000000000 6 28
0.000000000 649 20
0.000000000 30 33
0.000000000 2 54
0.000000000 10 43
0.000000000 12 23
0.000000000 2771 13
0.000000000 1 17
0.000000000 2338 37
0.000000000 95 1
0.000000000 883 55
0.000000000 118 13
0.000000000 2 11
0.000000000 595 42
0.000000000 294 48
0.000000000 431 61
0.000000000 1296 43
0.000000000 167 62
0.000000000 80 14
0.000000000 15 17
0.000000000 89 37
0.000000000 3 60
0.000000000 1651 28
0.000000000 58 54
0.000000000 182 41
0.000000000 2509 46
0.000000000 16 61
0.000000000 4 45
0.000000000 1172 57
0.000000000 1709 55
0.000000000 2 12
0.000000000 617 60
0.000000000 9 36
0.000000000 21 55
0.000000000 271 21
0.000000000 3 32
0.000000000 1284 7
0.000000000 1 63
0.000000000 2 26
0.000000000 471 15
0.000000000 1 9
0.000000000 2030 58
0.000000000 1 7
0.000000000 40 27
0.000000000 1696 27
0.000000000 1 21
0.000000000 562 60
0.000000000 107 62
0.000000000 4 61
0.000000000 153 48
0.000000000 177 38
0.000000000 64 47
0.000000000 1 49
0.000000000 3191 39
0.000000000 3700 33
0.000000000 29 36
0.000000000 61 16
0.000000000 7 17
0.000000000 781 2
0.000000000 3481 56
0.000000000 123 12
0.000000000 2748 34
0.000000000 18 53
0.000000000 37 28
0.000000000 124 41
0.000000000 472 64
0.000000000 1 64
0.000000000 1037 4
0.000000000 54 62
0.000000000 94 57
0.000000000 1899 40
