1 6.455220430 2.563344228 10.817258067 3.026635024 18
108.248026660 185.891810438 0.361780988 0.032932940 1549.371961608 0.500000000 0.500000000
21
1 0.277427284 3.549225690 0.127518150 0.199603638 1.358493991 0.762702893
2 0.288034149 3.702355729 0.134367161 0.206554670 1.369383818 0.763412490
4 0.309247880 4.008615807 0.148065183 0.220456734 1.391163471 0.764831683
8 -1.000000000 4.621135964 0.175461226 0.248260863 1.434722778 0.767670069
16 0.436530264 5.846176277 0.230253313 0.303869120 1.521841391 0.773346840
32 0.606240109 8.296256902 -1.000000000 0.415085633 1.696078618 0.784700383
58 -1.000000000 12.277637919 0.517911770 0.595812468 1.979214111 0.803149891
64 0.945659800 13.196418154 0.559005836 0.637518661 2.044553071 -1.000000000
128 1.624499181 -1.000000000 0.997342532 -1.000000000 2.741501977 0.852821642
256 2.982177943 42.597385663 1.874015925 1.972116824 4.135399789 0.943649987
283 3.268563307 46.731896719 2.058939219 -1.000000000 -1.000000000 0.962809091
512 5.697535467 81.798675675 3.627362711 3.751581042 -1.000000000 1.125306677
919 -1.000000000 144.122601592 6.414910140 6.580651108 11.355354865 1.414112430
1024 11.128250516 160.201255699 7.134056283 7.310509479 12.498786664 1.488620057
1902 20.441078275 294.649430037 13.147487838 13.413515665 22.060054471 2.111645736
2048 21.989680613 317.006415747 14.147443427 14.428366352 23.649969164 2.215246817
2395 -1.000000000 370.142539318 16.524050203 16.840374491 27.428739015 2.461476784
2717 29.085673519 419.450411911 18.729431707 19.078606828 30.935263199 2.689966839
3602 38.472749335 554.970496523 24.790806339 25.230270239 40.572759793 3.317959693
4048 43.203411272 623.266493966 27.845465192 28.330430556 45.429622483 -1.000000000
4096 43.712540808 630.616735843 28.174217715 28.664080097 45.952334163 3.668500337
336
0.000000000 96 8
0.000000000 14 15
0.000000000 23 36
0.000000000 15 21
0.000000000 2592 1
0.000000000 8 59
0.000000000 153 56
0.000000000 19 23
0.000000000 682 7
0.000000000 3 63
0.000000000 3 57
0.000000000 18 43
0.000000000 46 57
0.000000000 1 31
0.000000000 1091 26
0.000000000 3562 22
0.000000000 5 40
0.000000000 25 5
0.000000000 1379 37
0.000000000 3 30
0.000000000 83 13
0.000000000 88 29
0.000000000 471 36
0.000000000 529 19
0.000000000 2913 49
0.000000000 222 19
0.000000000 6 31
0.000000000 11 27
0.000000000 8 56
0.000000000 218 33
0.000000000 19 12
0.000000000 7 52
0.000000000 60 19
0.000000000 2 61
0.000000000 327 8
0.000000000 4067 15
0.000000000 3 30
0.000000000 51 49
0.000000000 159 53
0.000000000 51 56
0.000000000 10 13
0.000000000 5 41
0.000000000 2082 31
0.000000000 5 11
0.000000000 52 6
0.000000000 9 16
0.000000000 910 61
0.000000000 32 3
0.000000000 2356 43
0.000000000 82 64
0.000000000 1338 24
0.000000000 3824 39
0.000000000 7 23
0.000000000 1 20
0.000000000 37 35
0.000000000 2 45
0.000000000 46 45
0.000000000 153 15
0.000000000 733 56
0.000000000 2 4
0.000000000 15 53
0.000000000 226 2
0.000000000 9 47
0.000000000 58 45
0.000000000 4 64
0.000000000 1419 61
0.000000000 10 5
0.000000000 109 49
0.000000000 698 2
0.000000000 1 24
0.000000000 653 63
0.000000000 380 52
0.000000000 24 56
0.000000000 21 47
0.000000000 4 52
0.000000000 1366 26
0.000000000 1 32
0.000000000 42 25
0.000000000 329 26
0.000000000 15 20
0.000000000 2 30
0.000000000 1845 34
0.000000000 1 55
0.000000000 30 35
0.000000000 258 43
0.000000000 12 46
0.000000000 3738 44
0.000000000 2 46
0.000000000 2702 7
0.000000000 3103 21
0.000000000 131 40
0.000000000 1668 17
0.000000000 2538 7
0.000000000 3 12
0.000000000 16 53
0.000000000 17 44
0.000000000 1 31
0.000000000 8 33
0.000000000 3 51
0.000000000 640 22
0.000000000 20 46
0.000000000 5 41
0.000000000 1 11
0.000000000 36 32
0.000000000 11 54
0.000000000 91 5
0.000000000 1 42
0.000000000 483 8
0.000000000 8 57
0.000000000 2358 46
0.000000000 36 10
0.000000000 14 22
0.000000000 161 18
0.000000000 336 49
0.000000000 446 41
0.000000000 8 45
0.000000000 61 9
0.000000000 51 23
0.000000000 252 48
0.000000000 895 46
0.000000000 4 9
0.000000000 845 49
0.000000000 4 55
0.000000000 2915 17
0.000000000 1 56
0.000000000 1545 32
0.000000000 37 48
0.000000000 103 17
0.000000000 181 32
0.000000000 3 58
0.000000000 5 8
0.000000000 281 2
0.000000000 3344 11
0.000000000 14 48
0.000000000 2 21
0.000000000 702 29
0.000000000 1 9
0.000000000 343 55
0.000000000 50 27
0.000000000 398 61
0.000000000 250 5
0.000000000 14 10
0.000000000 11 31
0.000000000 1969 40
0.000000000 399 41
0.000000000 33 31
0.000000000 792 34
0.000000000 1332 19
0.000000000 29 49
0.000000000 577 56
0.000000000 1 52
0.000000000 1 1
0.000000000 4 2
0.000000000 6 7
0.000000000 68 62
0.000000000 3 19
0.000000000 7 41
0.000000000 69 6
0.000000000 3055 32
0.000000000 12 54
0.000000000 2522 10
0.000000000 20 36
0.000000000 215 35
0.000000000 9 19
0.000000000 14 45
0.000000000 53 2
0.000000000 87 33
0.000000000 826 35
0.000000000 27 63
0.000000000 198 38
0.000000000 1400 22
0.000000000 10 15
0.000000000 1 23
0.000000000 7 29
0.000000000 1 9
0.000000000 91 38
0.000000000 269 33
0.000000000 61 45
0.000000000 22 13
0.000000000 1131 47
0.000000000 63 12
0.000000000 3355 26
0.000000000 2 24
0.000000000 11 60
0.000000000 1228 33
0.000000000 21 46
0.000000000 4005 64
0.000000000 1 36
0.000000000 87 29
0.000000000 4 40
0.000000000 1325 27
0.000000000 47 39
0.000000000 28 55
0.000000000 1985 10
0.000000000 2 26
0.000000000 2663 53
0.000000000 515 54
0.000000000 847 59
0.000000000 2 55
0.000000000 2 55
0.000000000 371 48
0.000000000 3 37
0.000000000 5 5
0.000000000 1 61
0.000000000 59 30
0.000000000 3223 47
0.000000000 6 55
0.000000000 47 16
0.000000000 901 29
0.000000000 114 54
0.000000000 4 62
0.000000000 21 64
0.000000000 151 48
0.000000000 1547 52
0.000000000 184 5
0.000000000 50 22
0.000000000 24 60
0.000000000 1 46
0.000000000 1 57
0.000000000 241 59
0.000000000 14 33
0.000000000 54 60
0.000000000 1 18
0.000000000 9 45
0.000000000 3 18
0.000000000 7 49
0.000000000 212 9
0.000000000 59 24
0.000000000 3013 13
0.000000000 2 17
0.000000000 44 22
0.000000000 3502 54
0.000000000 1 22
0.000000000 1 12
0.000000000 1 23
0.000000000 86 50
0.000000000 36 22
0.000000000 4 13
0.000000000 3 46
0.000000000 2697 24
0.000000000 540 57
0.000000000 10 7
0.000000000 106 31
0.000000000 79 29
0.000000000 194 17
0.000000000 3 62
0.000000000 783 57
0.000000000 1 19
0.000000000 98 33
0.000000000 3987 10
0.000000000 3221 49
0.000000000 1 30
0.000000000 1087 14
0.000000000 2 57
0.000000000 554 9
0.000000000 65 52
0.000000000 10 58
0.000000000 3946 18
0.000000000 1160 4
0.000000000 2 15
0.000000000 22 14
0.000000000 2134 25
0.000000000 25 32
0.000000000 10 11
0.000000000 4 46
0.000000000 10 10
0.000000000 2082 17
0.000000000 55 42
0.000000000 965 30
0.000000000 3 48
0.000000000 1722 48
0.000000000 2 22
0.000000000 1 23
0.000000000 332 38
0.000000000 496 61
0.000000000 394 47
0.000000000 2 35
0.000000000 23 55
0.000000000 2 58
0.000000000 82 2
0.000000000 1 5
0.000000000 9 9
0.000000000 27 46
0.000000000 19 17
0.000000000 5 12
0.000000000 359 45
0.000000000 299 42
0.000000000 1 36
0.000000000 3034 58
0.000000000 2785 9
0.000000000 1822 18
0.000000000 13 17
0.000000000 6 50
0.000000000 98 51
0.000000000 4018 58
0.000000000 99 15
0.000000000 1516 54
0.000000000 1360 24
0.000000000 11 40
0.000000000 1 52
0.000000000 2616 29
0.000000000 7 49
0.000000000 1128 13
0.000000000 16 60
0.000000000 13 35
0.000000000 614 5
0.000000000 3 60
0.000000000 1 36
0.000000000 37 36
0.000000000 309 44
0.000000000 27 19
0.000000000 3 28
0.000000000 1272 60
0.000000000 617 23
0.000000000 5 22
0.000000000 2 64
0.000000000 3544 13
0.000000000 170 15
0.000000000 233 64
0.000000000 2 23
0.000000000 2015 13
0.000000000 1 61
0.000000000 26 3
0.000000000 10 2
0.000000000 12 55
0.000000000 2 42
0.000000000 2438 59
0.000000000 52 50
0.000000000 13 12
0.000000000 1 24
0.000000000 77 27
0.000000000 953 53
0.000000000 6 35
0.000000000 3589 59
0.000000000 887 27
0.000000000 11 10
