6 2.921321351 0.057863501 0.009284951 1.917879466 36
107.120034893 65.403800672 1.769158828 0.034173903 2590.451730907 0.000000000 1.000000000
21
1 0.338885024 0.773856638 0.136451974 0.855527148 17.530160570 0.069254847
2 0.353612685 0.852797159 0.144836882 0.860976122 17.534942810 0.071363685
4 0.383068007 -1.000000000 0.161606697 0.871874071 17.544507291 0.075581361
8 0.441978650 1.326440285 0.195146326 -1.000000000 17.563636252 0.084016712
9 0.456706311 1.405380806 0.203531234 -1.000000000 17.568418493 0.086125550
16 0.559799937 1.957964453 0.262225586 0.937261764 17.601894175 -1.000000000
32 0.795442511 3.221012788 0.396384105 1.024445354 17.678410022 0.134628818
64 1.266727658 5.747109460 0.664701143 1.198812535 17.831441714 0.202111626
128 2.209297953 10.799302804 1.201335220 1.547546896 18.137505099 0.337077243
256 4.094438542 20.903689490 2.274603373 2.245015618 18.749631868 0.607008477
512 7.864719722 -1.000000000 4.421139679 -1.000000000 19.973885406 1.146870943
654 9.956047563 52.322016844 -1.000000000 4.413707427 20.652963541 1.446325905
1024 15.405282080 81.530009611 8.714212291 6.429827953 22.422392483 2.226595877
1330 19.911946302 105.685809034 11.279993970 8.097214118 23.885758041 2.871900232
1535 22.931116777 121.868615837 12.998899996 9.214253869 24.866117320 -1.000000000
1889 28.144708720 149.813560267 15.967157232 11.143190805 26.559030416 4.050740540
2048 30.486406796 162.365103105 -1.000000000 12.009577733 27.319406638 4.386045745
2213 32.916470838 175.390289068 18.683867245 12.908658508 28.108476301 4.734003975
2873 42.636727002 227.491032922 24.217906159 16.504981609 31.264754955 6.125836897
3643 53.977025861 288.275234084 30.674284892 20.700691893 34.947080052 7.749641974
4096 60.648656229 324.035290093 34.472647965 23.169077293 37.113434946 8.704945479
559
0.000000000 8 32
0.000000000 28 64
0.000000000 2408 57
0.000000000 11 49
0.000000000 12 6
0.000000000 896 38
0.000000000 14 5
0.000000000 3676 42
0.000000000 5 24
0.000000000 1329 21
0.000000000 3124 20
0.000000000 393 53
0.000000000 683 6
0.000000000 509 61
0.000000000 1 36
0.000000000 236 27
0.000000000 2325 19
0.000000000 8 46
0.000000000 1561 62
0.000000000 8 48
0.000000000 7 13
0.000000000 584 29
0.000000000 1 34
0.000000000 25 17
0.000000000 178 52
0.000000000 1 14
0.000000000 1321 61
0.000000000 15 58
0.000000000 13 26
0.000000000 1341 18
0.000000000 2096 31
0.000000000 2801 42
0.000000000 965 31
0.000000000 4 39
0.000000000 120 50
0.000000000 216 45
0.000000000 4 34
0.000000000 176 24
0.000000000 1 1
0.000000000 1879 38
0.000000000 14 41
0.000000000 209 34
0.000000000 13 31
0.000000000 630 58
0.000000000 10 17
0.000000000 2 44
0.000000000 257 56
0.000000000 34 31
0.000000000 618 5
0.000000000 6 20
0.000000000 21 20
0.000000000 9 58
0.000000000 182 62
0.000000000 124 43
0.000000000 2 47
0.000000000 128 54
0.000000000 4 10
0.000000000 195 63
0.000000000 21 28
0.000000000 148 29
0.000000000 2 32
0.000000000 1 36
0.000000000 2276 58
0.000000000 3 60
0.000000000 123 13
0.000000000 56 11
0.000000000 13 20
0.000000000 8 57
0.000000000 94 60
0.000000000 1928 51
0.000000000 818 27
0.000000000 76 54
0.000000000 1011 57
0.000000000 10 2
0.000000000 161 32
0.000000000 3231 42
0.000000000 6 29
0.000000000 2371 1
0.000000000 369 41
0.000000000 4 46
0.000000000 2639 61
0.000000000 1 39
0.000000000 1 59
0.000000000 8 58
0.000000000 2017 1
0.000000000 766 49
0.000000000 11 28
0.000000000 246 43
0.000000000 99 48
0.000000000 2133 51
0.000000000 32 55
0.000000000 1163 64
0.000000000 307 8
0.000000000 61 57
0.000000000 1 22
0.000000000 3 4
0.000000000 1 36
0.000000000 5 6
0.000000000 13 49
0.000000000 8 26
0.000000000 2214 48
0.000000000 96 54
0.000000000 98 35
0.000000000 1 63
0.000000000 16 37
0.000000000 13 32
0.000000000 9 11
0.000000000 1293 28
0.000000000 149 60
0.000000000 61 56
0.000000000 20 40
0.000000000 1334 15
0.000000000 1 3
0.000000000 534 33
0.000000000 27 42
0.000000000 18 24
0.000000000 35 42
0.000000000 33 36
0.000000000 1355 6
0.000000000 6 15
0.000000000 3 59
0.000000000 13 15
0.000000000 1494 32
0.000000000 639 54
0.000000000 18 6
0.000000000 1035 41
0.000000000 2 5
0.000000000 2648 10
0.000000000 409 27
0.000000000 230 57
0.000000000 103 21
0.000000000 5 19
0.000000000 2124 24
0.000000000 1355 20
0.000000000 2088 20
0.000000000 108 20
0.000000000 1150 31
0.000000000 11 6
0.000000000 1 23
0.000000000 29 41
0.000000000 471 10
0.000000000 1007 58
0.000000000 11 13
0.000000000 1787 30
0.000000000 26 34
0.000000000 557 62
0.000000000 63 38
0.000000000 520 31
0.000000000 159 27
0.000000000 26 40
0.000000000 1 17
0.000000000 237 4
0.000000000 16 29
0.000000000 26 32
0.000000000 3 41
0.000000000 1 61
0.000000000 42 45
0.000000000 501 23
0.000000000 960 64
0.000000000 3950 42
0.000000000 12 55
0.000000000 42 13
0.000000000 489 33
0.000000000 133 22
0.000000000 1435 22
0.000000000 151 18
0.000000000 196 20
0.000000000 1227 33
0.000000000 4 60
0.000000000 1732 3
0.000000000 30 8
0.000000000 285 10
0.000000000 2215 36
0.000000000 15 52
0.000000000 81 56
0.000000000 1 9
0.000000000 5 17
0.000000000 3449 22
0.000000000 212 26
0.000000000 80 46
0.000000000 6 50
0.000000000 23 55
0.000000000 199 57
0.000000000 255 8
0.000000000 6 59
0.000000000 49 7
0.000000000 10 60
0.000000000 28 30
0.000000000 15 36
0.000000000 1 61
0.000000000 5 19
0.000000000 1079 50
0.000000000 1858 64
0.000000000 23 44
0.000000000 39 43
0.000000000 2 28
0.000000000 105 33
0.000000000 55 56
0.000000000 4 9
0.000000000 372 21
0.000000000 201 34
0.000000000 14 41
0.000000000 33 14
0.000000000 47 37
0.000000000 1051 49
0.000000000 9 42
0.000000000 1 59
0.000000000 4 43
0.000000000 1470 57
0.000000000 2663 59
0.000000000 2 54
0.000000000 99 6
0.000000000 879 45
0.000000000 48 23
0.000000000 1105 57
0.000000000 1 37
0.000000000 18 61
0.000000000 8 35
0.000000000 60 58
0.000000000 247 28
0.000000000 34 46
0.000000000 13 42
0.000000000 1 46
0.000000000 6 33
0.000000000 42 31
0.000000000 2893 42
0.000000000 91 62
0.000000000 110 14
0.000000000 660 27
0.000000000 1 24
0.000000000 964 33
0.000000000 2 36
0.000000000 3971 52
0.000000000 193 13
0.000000000 40 10
0.000000000 514 1
0.000000000 90 20
0.000000000 2764 60
0.000000000 6 47
0.000000000 31 17
0.000000000 286 63
0.000000000 8 19
0.000000000 1156 24
0.000000000 2 33
0.000000000 13 18
0.000000000 31 9
0.000000000 2436 46
0.000000000 6 36
0.000000000 137 28
0.000000000 1611 17
0.000000000 774 39
0.000000000 289 15
0.000000000 109 23
0.000000000 217 26
0.000000000 129 18
0.000000000 16 27
0.000000000 477 24
0.000000000 1 52
0.000000000 38 41
0.000000000 56 11
0.000000000 677 10
0.000000000 5 32
0.000000000 2471 7
0.000000000 749 23
0.000000000 16 41
0.000000000 16 23
0.000000000 137 30
0.000000000 21 15
0.000000000 1160 31
0.000000000 3906 45
0.000000000 99 16
0.000000000 76 7
0.000000000 44 5
0.000000000 40 13
0.000000000 865 39
0.000000000 1 54
0.000000000 4 43
0.000000000 1113 31
0.000000000 272 47
0.000000000 160 11
0.000000000 28 16
0.000000000 3 31
0.000000000 24 36
0.000000000 1 51
0.000000000 1 49
0.000000000 527 42
0.000000000 3871 47
0.000000000 2511 56
0.000000000 31 22
0.000000000 2001 17
0.000000000 23 16
0.000000000 17 64
0.000000000 27 26
0.000000000 3897 55
0.000000000 23 8
0.000000000 61 41
0.000000000 52 58
0.000000000 7 64
0.000000000 109 6
0.000000000 61 36
0.000000000 367 33
0.000000000 1 45
0.000000000 544 25
0.000000000 13 60
0.000000000 6 52
0.000000000 2597 34
0.000000000 447 30
0.000000000 974 60
0.000000000 59 63
0.000000000 5 52
0.000000000 33 57
0.000000000 202 11
0.000000000 999 7
0.000000000 62 55
0.000000000 80 35
0.000000000 8 36
0.000000000 113 28
0.000000000 1940 1
0.000000000 595 52
0.000000000 87 50
0.000000000 3 46
0.000000000 434 10
0.000000000 8 32
0.000000000 12 2
0.000000000 2 47
0.000000000 15 18
0.000000000 22 55
0.000000000 385 46
0.000000000 113 31
0.000000000 860 45
0.000000000 13 12
0.000000000 144 30
0.000000000 85 43
0.000000000 3642 33
0.000000000 152 10
0.000000000 9 54
0.000000000 128 19
0.000000000 1 1
0.000000000 243 45
0.000000000 288 13
0.000000000 218 6
0.000000000 62 20
0.000000000 19 20
0.000000000 6 26
0.000000000 4 7
0.000000000 118 41
0.000000000 6 10
0.000000000 1 43
0.000000000 1342 56
0.000000000 138 28
0.000000000 1229 38
0.000000000 7 44
0.000000000 14 63
0.000000000 351 56
0.000000000 35 60
0.000000000 10 37
0.000000000 3301 46
0.000000000 1902 40
0.000000000 2113 44
0.000000000 19 2
0.000000000 4 10
0.000000000 521 13
0.000000000 189 44
0.000000000 3936 41
0.000000000 3910 36
0.000000000 86 18
0.000000000 4 17
0.000000000 10 58
0.000000000 159 33
0.000000000 3 8
0.000000000 449 9
0.000000000 11 11
0.000000000 11 58
0.000000000 20 9
0.000000000 2 40
0.000000000 63 64
0.000000000 126 38
0.000000000 3985 55
0.000000000 7 37
0.000000000 77 55
0.000000000 37 20
0.000000000 158 36
0.000000000 359 7
0.000000000 3 21
0.000000000 3231 9
0.000000000 23 59
0.000000000 45 30
0.000000000 13 38
0.000000000 34 1
0.000000000 445 7
0.000000000 1 47
0.000000000 128 35
0.000000000 64 58
0.000000000 4 63
0.000000000 459 48
0.000000000 5 60
0.000000000 1 10
0.000000000 192 43
0.000000000 735 37
0.000000000 90 23
0.000000000 140 41
0.000000000 1 12
0.000000000 2892 46
0.000000000 28 58
0.000000000 32 57
0.000000000 202 56
0.000000000 1063 16
0.000000000 1 39
0.000000000 39 45
0.000000000 1696 38
0.000000000 27 55
0.000000000 3 16
0.000000000 904 40
0.000000000 653 6
0.000000000 829 29
0.000000000 120 18
0.000000000 412 23
0.000000000 2322 37
0.000000000 7 16
0.000000000 1 18
0.000000000 75 56
0.000000000 8 19
0.000000000 54 8
0.000000000 2399 35
0.000000000 30 24
0.000000000 2442 9
0.000000000 1 49
0.000000000 1975 1
0.000000000 70 10
0.000000000 4 61
0.000000000 37 23
0.000000000 295 28
0.000000000 40 51
0.000000000 117 54
0.000000000 68 39
0.000000000 25 7
0.000000000 1580 31
0.000000000 102 2
0.000000000 1407 49
0.000000000 304 24
0.000000000 50 41
0.000000000 697 55
0.000000000 27 12
0.000000000 3064 17
0.000000000 95 47
0.000000000 25 51
0.000000000 265 26
0.000000000 60 33
0.000000000 273 43
0.000000000 707 45
0.000000000 21 19
0.000000000 84 41
0.000000000 280 53
0.000000000 254 18
0.000000000 1300 31
0.000000000 185 32
0.000000000 303 15
0.000000000 12 18
0.000000000 9 2
0.000000000 2885 4
0.000000000 12 35
0.000000000 1797 38
0.000000000 2 44
0.000000000 163 44
0.000000000 95 41
0.000000000 1 41
0.000000000 25 61
0.000000000 1 12
0.000000000 8 4
0.000000000 888 12
0.000000000 14 53
0.000000000 171 1
0.000000000 3 56
0.000000000 9 5
0.000000000 563 59
0.000000000 4 54
0.000000000 118 62
0.000000000 29 51
0.000000000 747 13
0.000000000 1599 44
0.000000000 1 54
0.000000000 54 32
0.000000000 4004 28
0.000000000 278 5
0.000000000 32 20
0.000000000 201 58
0.000000000 131 19
0.000000000 200 10
0.000000000 316 33
0.000000000 333 59
0.000000000 58 60
0.000000000 45 28
0.000000000 15 15
0.000000000 3377 14
0.000000000 197 10
0.000000000 75 40
0.000000000 3595 12
0.000000000 440 41
0.000000000 8 44
0.000000000 1365 62
0.000000000 6 53
0.000000000 6 54
0.000000000 492 18
0.000000000 147 17
0.000000000 1 24
0.000000000 1 57
0.000000000 113 21
0.000000000 3235 37
0.000000000 261 58
0.000000000 331 34
0.000000000 2958 62
0.000000000 3 23
0.000000000 1 26
0.000000000 178 26
0.000000000 2278 35
0.000000000 301 42
0.000000000 52 47
0.000000000 421 57
0.000000000 1 44
0.000000000 32 30
0.000000000 54 14
0.000000000 5 38
0.000000000 3 14
0.000000000 9 55
0.000000000 586 30
0.000000000 1993 31
0.000000000 1 18
0.000000000 707 24
0.000000000 1 20
0.000000000 673 45
0.000000000 99 17
0.000000000 21 37
0.000000000 1 43
0.000000000 1192 35
0.000000000 3 28
0.000000000 169 43
0.000000000 1 9
0.000000000 203 10
0.000000000 2495 56
0.000000000 56 16
0.000000000 217 23
0.000000000 1362 16
0.000000000 24 19
0.000000000 1 22
0.000000000 1 19
0.000000000 3734 16
0.000000000 157 8
0.000000000 2448 42
0.000000000 3 30
0.000000000 2 59
0.000000000 67 40
0.000000000 3186 56
0.000000000 3278 28
0.000000000 1 39
0.000000000 540 13
0.000000000 76 28
0.000000000 39 42
0.000000000 3 32
0.000000000 16 25
