6 1.169865449 1.016540600 31.193687435 6773.105831274 63
69.286719365 110.722184978 1.780145030 0.041267175 2000.846926385 0.500000000 0.500000000
21
1 0.273471380 2.616176479 0.367954678 0.183417824 16.037692334 0.869076499
2 0.280997956 2.658827428 0.383996425 0.189348674 16.077123151 0.871836453
4 0.296051108 2.744129326 0.416079918 0.201210375 16.155984784 0.877356360
8 0.326157411 2.914733122 0.480246905 0.224933775 16.313708052 0.888396174
16 0.386370018 3.255940715 0.608580878 0.272380577 16.629154587 0.910475802
32 0.506795232 3.938355900 0.865248824 0.367274181 17.260047656 0.954635058
64 0.747645660 5.303186269 1.378584718 0.557061388 18.521833795 1.042953570
128 -1.000000000 8.032847009 2.405256504 -1.000000000 21.045406074 1.219590594
256 2.192748225 13.492168488 4.458600076 1.695784629 26.092550631 1.572864641
512 4.119551646 24.410811446 8.565287221 3.214082284 36.186839745 2.279412737
1024 7.973158489 46.248097362 16.778661511 6.250677595 56.375417972 3.692508928
1370 10.577353737 61.005325735 22.329105855 8.302751770 70.018480602 4.647452838
1696 13.031017469 74.909535127 27.558715266 10.236208940 -1.000000000 5.547197679
1822 13.979366028 80.283554708 29.579975345 10.983496067 -1.000000000 5.894951820
2048 15.680372173 89.922669194 33.205410091 12.323868216 96.752574427 6.518701310
2346 17.923291780 102.632652012 37.985850595 14.091261581 108.502957849 7.341167453
2509 19.150123646 109.584756708 40.600655301 15.057990166 114.930180995 7.791039873
2898 22.077961657 126.175975891 46.840894751 -1.000000000 130.268768750 8.864661784
3547 26.962709392 153.856441827 -1.000000000 -1.000000000 155.859368886 10.655871604
3979 30.214190165 172.281651819 64.182022891 23.776339983 172.893481766 11.848171515
4096 31.094799541 177.271812858 66.058907250 24.470249459 177.506887337 12.171086074
365
1.751156056 3651 12
4.332838964 57 42
5.920406688 85 52
6.000737452 3285 51
7.272492592 626 4
7.701319605 184 6
10.068631847 54 63
11.230535310 5 22
13.973650981 41 19
16.260464670 1429 7
23.944867322 2332 29
26.470826276 963 12
27.977003864 27 61
28.759523001 5 53
28.833266433 44 33
29.381376577 1 24
30.986141328 330 14
37.170975917 7 4
38.828380397 743 33
41.934115742 866 42
42.016349674 183 57
43.482703404 3 12
44.463816875 478 18
47.036626815 17 16
48.392855465 3542 35
50.248024390 35 10
50.502547947 17 49
58.905370979 10 14
65.684824432 7 40
69.816988630 1183 45
75.498385374 1374 11
76.576439029 2915 62
81.312090469 6 11
82.799219355 37 27
83.091974198 2819 36
86.554419530 57 3
88.822879903 1 20
90.338323015 20 6
98.337064457 80 39
106.064656856 78 46
108.826053620 182 47
110.295660510 1 12
111.768574943 3618 29
113.360417169 5 25
119.805478904 211 29
121.044378135 1590 41
126.468195482 2 26
127.280385532 7 41
128.400063352 2330 63
130.771761851 1316 3
131.608893795 363 1
134.173947562 5 60
134.564004205 142 43
136.965103135 2757 45
140.394321956 18 17
151.977554940 2093 51
158.954897787 2323 33
164.852983304 5 61
166.854382395 52 23
168.169983092 233 61
168.531514618 106 29
169.155009272 3 60
171.600824838 203 54
172.671025708 19 8
175.899476054 781 38
180.727787140 518 36
181.531733709 4 38
188.224553232 41 43
191.440455141 340 2
191.440827471 2 25
192.590970792 21 45
193.026460066 72 48
194.386379345 1 56
195.045517149 282 59
196.192576500 28 34
197.258382584 4 18
197.949541152 2 23
198.203858336 20 33
198.668920022 2992 40
199.538519220 11 13
200.169953614 2562 43
203.391444181 3723 52
208.102685749 1301 60
209.325448511 12 55
210.526898024 3258 46
215.224409393 1 56
216.995562444 9 59
217.064336513 1408 2
217.286691955 2 42
218.819537269 59 29
221.405681042 2165 57
222.470276013 2264 39
223.427841001 3 11
223.787962912 1465 56
224.054000898 1 27
227.265693584 1290 31
228.182311081 2 51
228.689733572 1 60
229.742020848 1356 4
229.880269359 16 5
234.268268487 2 60
235.599206356 61 15
236.220669336 66 1
238.693442313 750 31
240.594297609 13 27
241.936106841 61 38
246.040192766 60 11
246.604923338 318 10
249.295467602 51 48
253.288145500 3067 32
256.161379356 38 26
258.948839837 3379 24
260.479879027 79 55
264.579132621 1 46
278.567081228 1 15
278.892515587 519 47
282.363556300 41 40
282.524335191 148 6
288.280191283 86 20
288.595592509 100 32
292.078636571 1 18
292.546186644 2 9
294.802629051 463 30
303.616626753 661 52
314.153271720 1633 48
314.158727388 3929 17
314.674138094 1976 8
315.584321369 306 2
317.098279888 5 18
318.642888000 2421 21
319.954421155 80 4
322.402432810 97 21
322.643615115 21 25
328.803818395 1795 38
331.046247931 44 33
332.699325399 4 34
338.648653397 1598 2
339.674559878 209 22
340.615321452 230 2
341.670645009 22 6
343.991123657 54 63
349.476238062 172 1
355.189064260 986 39
356.437131896 204 58
358.077421092 31 14
372.003970053 1362 19
391.164512203 1913 10
394.672033195 19 10
395.102456351 9 1
423.368741989 1 13
427.600227777 9 5
428.849087001 2 64
431.677241315 5 51
436.314081259 38 23
438.419745909 59 56
441.821281485 8 32
442.773791775 14 12
443.160066826 8 24
443.260922014 1422 32
444.085234198 8 13
449.704280139 22 36
450.936315012 59 28
451.491897760 141 9
452.315407665 5 46
453.226178690 1 18
453.621749724 10 2
461.343182266 39 35
466.184329266 1941 24
467.540042004 5 10
472.265533532 361 37
479.733489941 5 45
482.482272212 206 24
482.933493165 1310 16
487.344341296 188 44
491.932491794 614 27
494.051069373 15 17
497.309984694 1731 46
497.991275935 14 52
502.296119259 12 4
503.339117154 1 53
506.348961813 3740 40
507.783513609 1685 49
507.982821721 1003 14
508.350374647 52 14
510.432983209 72 64
514.074937991 116 59
514.198047743 406 32
523.305125173 1 29
535.698147361 16 29
543.011637727 28 31
545.823326464 81 12
560.491342182 62 32
564.928354962 6 25
565.992984724 3 24
567.012367677 11 43
570.021604727 2 57
570.520904344 4015 46
584.831756898 3852 42
587.983209924 1 45
589.104503601 1952 34
589.402353920 231 64
592.094007382 7 16
592.816646935 271 39
594.039155635 300 9
601.336174917 2598 7
602.713947502 7 57
608.419668134 3 34
608.945915914 29 43
611.084581567 30 43
614.354416312 704 29
614.650495950 1688 19
616.689903783 30 54
616.955650437 161 62
619.896698396 375 25
621.270311264 173 26
621.805303981 24 45
624.261572230 231 9
624.556960406 214 35
626.546234266 524 14
644.155732073 66 56
646.422994038 938 43
651.533614024 60 14
654.415350225 711 54
656.341458041 47 14
656.975483386 207 52
660.314256081 2 54
662.888998831 1 21
663.064073135 17 55
663.491453271 2548 50
671.011712534 1 10
671.553616828 3 19
680.654045500 1791 39
683.838448387 47 1
690.862432615 38 31
690.898075102 3327 34
695.471951421 3 9
697.813653992 1 24
699.792997248 2944 53
701.268925228 101 4
701.927934636 56 63
702.023944181 1 29
702.220353541 3 33
709.974415198 1 61
710.183911089 2 29
718.666115915 193 14
720.391241785 2015 48
721.745049580 846 26
729.166998121 6 61
730.419091576 2075 59
730.471850271 61 42
732.869355845 128 45
734.927676442 53 40
738.264347503 145 53
741.583630331 17 58
749.113111855 3 59
749.580245120 129 30
754.935484916 11 17
757.842665858 320 9
760.363113761 3855 28
768.569880590 36 37
775.343166702 344 1
776.754766928 805 48
780.222204732 677 21
787.665553638 151 50
798.302243678 6 31
799.918880448 27 12
802.915926710 146 45
805.052157208 10 13
810.991273318 26 36
811.492990101 3625 1
815.704554054 330 34
834.272495076 25 24
837.175550974 661 52
837.808106590 427 19
839.306154776 236 46
841.262434825 1997 13
849.765095341 3661 5
854.127171046 2438 6
855.925763334 198 17
856.130391800 2729 60
861.226499464 1 40
861.238694372 252 25
862.822477365 2 32
862.864236423 4 32
865.770419558 4 27
867.807008794 1 31
869.163357687 3 10
869.916927011 1 19
871.032760399 26 46
875.094109157 50 52
876.173764315 2637 7
876.922385655 82 1
878.442922906 3 22
879.516336982 1214 52
883.982938033 112 37
884.396880617 134 12
887.024816413 1 56
889.254703055 15 38
891.072522067 462 62
891.198599068 3 1
895.088017693 4 61
897.419820701 127 3
898.208482482 307 21
898.793323337 249 1
902.848624734 184 64
904.724554459 2995 64
905.591876879 280 61
906.304901153 1058 2
913.507142084 406 38
916.229504700 183 58
916.684020462 1817 53
920.459305475 3 24
921.768958903 3263 59
923.338835489 38 60
924.277862789 3 30
931.306988804 3 9
934.469927108 12 58
942.686974613 24 24
943.934014409 3 11
946.750802632 1 37
947.599339984 3 34
948.016647356 13 34
950.396587425 1 17
960.602894771 5 4
963.915857609 3 47
964.797059341 95 19
965.354939654 100 35
967.109903630 465 47
968.918003151 1937 16
973.264913298 2 25
982.955015810 3565 64
985.839265294 1233 35
993.875095654 2373 60
999.284430084 216 14
999.852090506 3414 62
1006.739507417 7 64
1007.165911022 948 32
1008.832664216 338 57
1011.937825166 33 49
1015.536829767 1171 35
1015.564935942 2 61
1020.067868980 1 31
1022.303354922 625 58
1022.986314228 18 60
1028.304509145 552 27
1032.396103416 51 50
1033.458856382 3736 35
1035.407837295 11 14
1035.695220642 3711 36
1036.910118459 2 1
1037.782631622 727 28
1051.665115240 1233 59
1055.482838768 233 23
1058.754055481 22 27
1058.938096477 380 20
1059.281810183 6 50
1062.997652443 2104 29
1063.516225696 198 32
1075.484940255 18 23
1077.601359137 434 36
1080.019630327 213 22
1082.722211916 5 31
1084.280073347 27 62
1084.921929876 2895 23
1085.171115197 106 33
