1 5.912869846 0.008869671 0.026812658 621.748378174 21
241.047908904 113.234167582 0.207214962 0.025229047 706.398571267 0.250000000 0.750000000
21
1 0.216614738 1.731994418 0.399331985 0.783905738 8.410233543 0.774718473
2 0.226417098 2.006143906 0.409158474 0.792130865 8.446442688 0.783441619
4 0.246021820 2.554442883 0.428811452 0.808581117 8.518860979 0.800887910
8 0.285231262 -1.000000000 0.468117408 0.841481622 8.663697560 0.835780492
16 0.363650146 5.844236745 0.546729321 -1.000000000 8.953370723 0.905565657
27 0.471476112 8.859881119 0.654820701 0.997759020 9.351671323 1.001520259
32 0.520487915 10.230628561 -1.000000000 1.038884651 9.532717049 1.045135988
34 0.540092636 10.778927538 0.723606125 -1.000000000 -1.000000000 1.062582279
64 0.834163452 19.003412193 1.018400798 -1.000000000 10.691409701 1.324276648
128 1.461514526 36.548979456 1.647296100 1.828496768 13.008795005 1.882557968
236 2.520169464 66.157124212 2.708556923 2.716810400 16.919382706 2.824657696
256 2.716216675 71.640113982 2.905086705 2.881312924 17.643565613 2.999120608
512 5.225620972 141.822383034 5.420667915 4.986945236 26.913106829 5.232245890
1024 10.244429567 282.186921139 -1.000000000 9.198209859 45.452189261 9.698496452
1029 -1.000000000 -1.000000000 10.500962779 9.239335490 45.633234988 9.742112180
1525 15.155412196 419.535814871 15.374901373 13.318998094 63.592971093 14.068792412
1568 15.576913699 431.324242876 15.797440404 13.672678522 65.149964344 14.443887674
2048 20.282046757 562.915997349 20.514155172 17.620739106 82.530354124 18.630997576
2918 28.810100424 801.426052332 29.063200689 24.776598916 114.032310600 26.220134273
4063 40.033803239 1115.327216649 40.314530708 34.194368435 155.491782053 -1.000000000
4096 40.357281137 1124.374149769 40.638804848 34.465797601 156.686683851 36.495999824
282
23.692312337 9 19
82.401623139 71 40
120.090912523 4 49
143.921089669 180 29
167.179145199 6 16
169.099976658 56 39
240.589188670 1274 56
245.304584797 365 9
256.112688225 142 62
308.246330112 13 9
311.855140509 512 45
313.288262180 1559 43
395.955881120 168 6
490.301995576 1 45
504.036385969 37 57
530.806163656 66 4
588.333000955 103 18
598.485686385 15 8
698.099426063 2 34
782.514837951 446 39
789.485114461 49 2
892.324816547 20 12
912.207604542 27 1
917.609931661 942 21
936.566678849 4 15
982.076038983 803 33
1008.403438888 14 23
1021.993275710 6 60
1077.195309411 90 56
1101.800164504 21 30
1138.545202107 639 41
1139.962148230 1 8
1143.012773707 106 21
1174.651995215 3399 30
1222.887408949 1 20
1232.924159405 33 46
1247.203655613 377 57
1262.411323047 7 11
1312.985527692 52 55
1321.758259617 860 49
1349.773075041 1324 39
1380.313892393 321 35
1392.681149918 484 29
1404.900852487 26 4
1429.724920453 215 21
1453.206048273 2541 62
1537.634938364 3189 8
1626.249073312 404 45
1652.129884515 1748 33
1711.192925115 551 22
1713.068169360 2 62
1780.922986423 1345 47
1828.872646983 50 18
1830.787121232 1 27
1864.540081621 1400 47
1920.627830057 326 34
1955.717166120 470 15
1964.574035995 9 36
1983.530611761 2306 3
2010.891494033 34 61
2020.384516577 1 15
2041.290531656 2204 16
2046.255561592 6 4
2067.611401316 6 15
2226.347737732 241 57
2272.940327171 142 18
2301.146412382 4 17
2382.007296525 3136 6
2390.485549419 498 33
2397.493099311 7 61
2415.226353903 3 20
2427.724530276 51 36
2461.580277212 5 26
2473.699015828 20 48
2580.671345893 11 56
2593.605864035 59 10
2625.220905857 1008 20
2643.364692307 1642 31
2645.728830280 13 64
2655.898594421 7 50
2656.329770509 1828 54
2683.854143308 129 46
2696.993560494 6 33
2715.631105823 7 48
2727.931865095 1 14
2787.112196515 197 55
2794.174190409 1 15
2821.847722845 137 57
2898.395692327 259 40
2903.442037174 1382 45
2926.605093637 21 52
2934.607940100 1039 45
2980.738565944 1 18
3029.485236416 66 38
3082.333189716 28 19
3089.107411598 201 26
3091.696900380 6 44
3158.390880831 3310 19
3198.531851154 45 17
3209.603964571 6 60
3243.416306863 1462 5
3257.152610706 737 1
3355.291962395 2613 20
3388.124990689 42 46
3393.510248828 2 64
3417.222951129 112 41
3501.015580631 6 26
3522.747988540 42 49
3526.307936770 1 25
3527.221071923 32 12
3709.738018150 35 11
3762.295119858 2606 10
3800.468183780 79 27
3806.748249414 7 13
3807.585904566 4 53
3808.716807178 31 60
3812.999832868 2702 44
3846.945725945 1 54
3858.921775046 3 58
3863.602503063 221 42
3892.966029518 1 3
3905.085591001 186 37
3906.146304745 1646 35
3932.176681500 1092 17
3949.763098657 308 48
4020.005023707 39 2
4074.499243774 22 57
4100.025956245 68 18
4181.815157770 425 10
4210.169402966 46 57
4267.958303334 105 25
4269.095157017 525 44
4272.187404895 780 49
4294.206246460 407 21
4344.532113465 450 61
4389.632769950 570 31
4390.302008645 1201 22
4421.306139406 4 18
4422.570365901 4 49
4423.435896902 29 29
4476.096383037 1911 8
4528.949127123 1 61
4542.636998528 109 54
4562.800923828 50 31
4577.813439653 25 25
4660.643152130 1843 63
4664.397549748 1962 6
4702.322667128 6 24
4751.177749440 14 28
4786.443786189 23 5
4835.878030652 13 1
4869.835078527 919 55
4895.199133738 27 35
5005.203169345 4053 28
5024.867678720 4 35
5028.166005186 923 50
5035.142453995 1329 57
5079.939854567 310 15
5132.448343255 2 14
5135.601360520 257 57
5143.474716480 125 45
5182.742862803 22 2
5236.183610967 39 11
5423.857700952 4 59
5455.614986915 3119 46
5538.669690286 52 39
5564.873830431 1 48
5580.373736321 16 54
5594.905725921 3 4
5606.675328393 590 13
5677.789231604 9 39
5696.427403238 5 36
5714.455932473 107 16
5728.942402319 1 36
5740.195294484 1 6
5777.948761606 364 45
5788.742159517 1 46
5829.570705539 3876 37
5842.481860413 2367 49
5928.727717002 88 19
5945.232740585 2429 36
6073.100785480 43 59
6093.097031885 133 59
6109.157012678 485 27
6127.979987947 154 40
6151.435839656 6 23
6172.554633306 86 16
6189.291712703 326 59
6235.154753023 2690 10
6246.493046253 8 18
6266.837359217 2 46
6289.804567336 90 34
6308.550989978 48 1
6427.202187660 1624 27
6433.440008516 1 33
6482.599843805 625 55
6593.204219527 1215 10
6621.820292213 124 48
6709.877907500 426 4
6723.852962386 1 29
6724.686529819 1019 47
6731.504717880 572 31
6774.200840541 18 29
6774.737170973 5 31
6834.666317286 13 17
6837.630108942 3710 27
6871.088805264 52 49
7013.025239755 61 1
7109.425152431 11 57
7114.454527804 3 54
7145.448974103 100 25
7157.668555152 62 39
7174.065076875 3798 7
7190.921536862 3955 36
7192.701141447 129 10
7220.181961649 31 22
7234.421759492 254 32
7241.183162618 98 33
7324.694223137 946 26
7330.061252404 564 5
7347.351781457 848 41
7425.659177600 493 20
7517.427105747 176 63
7541.117840324 9 37
7544.895551160 1 43
7571.656631422 50 7
7611.040143690 250 1
7636.159126327 76 13
7641.788662088 39 10
7755.950042707 10 10
7778.677683301 9 30
7780.024391307 2 45
7795.825004808 3 37
7808.644560885 596 2
7880.970382308 1107 10
7891.661144158 2632 7
7931.948715371 131 55
7935.538528298 9 62
7971.318730254 1055 32
8032.027374394 2 5
8177.730004229 216 40
8202.656845079 184 63
8227.206518136 38 28
8253.370487029 2274 54
8276.908656062 401 17
8301.938754870 344 15
8348.875582669 313 54
8350.758512797 16 27
8416.103932422 2744 2
8485.553785433 3 3
8550.012447820 1 51
8564.315388291 1064 26
8669.257857758 368 27
8686.339081527 2701 27
8711.312069442 756 36
8721.431410690 16 42
8734.669484031 423 21
8785.462537352 1 27
8798.799081622 1850 41
8799.711424749 2 59
8850.327157410 1781 49
8911.184172506 223 64
8949.077276106 148 1
8966.392385188 127 20
9056.442761215 16 28
9093.783969159 625 37
9134.406878538 2402 38
9143.471748839 8 24
9160.947014898 5 46
9176.994415192 148 61
9223.146711138 83 33
9235.127835825 3 27
9258.762337969 1 63
9293.413042731 265 3
9345.053510004 1504 35
9394.076041555 1 12
9399.299362186 50 31
9417.125694144 719 41
9463.342129181 226 55
9469.111012363 23 4
9504.765171014 11 22
9581.483636272 786 15
