3 6.221371536 2.493131330 5.104269066 618455.077399321 57
1625.595612977 100.254575070 0.058719809 0.013118753 180.766050452 0.500000000 0.500000000
21
1 0.169247750 2.958708076 0.184356779 0.200114012 14.519768141 0.874399043
2 0.173504503 3.078391898 0.200131881 -1.000000000 14.551355507 0.878758174
4 0.182018008 3.317759541 0.231682084 0.228579918 14.614530240 0.887476435
8 0.199045018 -1.000000000 0.294782490 0.266534460 -1.000000000 0.904912958
16 0.233099037 4.753965401 0.420983302 0.342443544 14.993578637 0.939786003
32 0.301207076 6.668906547 0.673384927 0.494261712 15.498976499 1.009532094
40 0.335261096 7.626377120 0.799585740 0.570170796 15.751675430 1.044405140
64 0.437423155 10.498788840 1.178188177 0.797898047 16.509772224 1.149024276
128 -1.000000000 -1.000000000 2.187794677 1.405170719 18.531363674 1.428008640
256 1.254719627 33.478082595 4.207007677 2.619716061 22.574546573 1.985977367
512 2.344448256 64.117140935 8.245433676 5.048806746 -1.000000000 3.101914823
663 2.987217878 82.189398003 10.627474011 6.481590704 35.430604699 3.760143556
1024 4.523905515 -1.000000000 -1.000000000 9.906988115 46.833643971 -1.000000000
2026 -1.000000000 245.318446901 32.128937435 -1.000000000 78.484185106 9.701638679
2048 -1.000000000 247.951490977 32.475989670 19.623350853 79.179107167 9.797539555
2318 -1.000000000 280.266122820 36.735267090 22.185282435 87.707696096 10.974504839
2400 10.381196897 290.080196195 38.028825418 22.963350545 90.297860141 -1.000000000
2690 11.615655110 324.788504471 42.603604870 25.715054836 -1.000000000 12.596101454
3060 13.190653520 369.071518478 -1.000000000 29.225849966 111.145521966 14.208979807
3506 15.089165116 422.450502930 55.476087742 33.457781393 125.233487382 16.153152093
4096 17.600649066 493.063957699 64.783397662 39.056076331 143.870033559 18.725039197
267
777.954438684 180 48
781.153234039 44 6
862.266957562 3051 34
1143.819071501 229 62
1423.770301403 2908 47
1526.519523099 844 33
2015.876441799 5 28
2565.816223484 1 47
2821.056714004 40 53
3361.170144764 10 16
3661.950721299 27 7
3817.929054658 145 46
4144.380990281 106 5
4622.050032620 3 19
5167.380741882 702 61
5287.808524597 451 56
5453.088398853 900 59
6111.004764177 429 46
6153.891423602 4 54
6768.619700240 5 20
6977.008069970 5 19
7173.338765551 88 6
7542.778369862 27 4
7559.432217381 4 45
8026.843102572 3769 48
8179.013255228 1 13
8240.624073040 121 19
8309.214380891 93 46
8563.873272204 1036 20
8909.325316709 615 4
8939.689471392 207 62
9093.355312047 1116 62
9273.892230249 82 10
9405.482249643 1048 10
10441.223645440 21 59
10442.636799506 1089 37
11200.489225381 102 55
11287.140480154 1 48
11936.288408715 514 23
12153.093994011 71 18
12222.124855428 20 3
12249.763060772 94 42
12821.177743642 172 3
13296.635458054 543 61
14017.163030469 44 28
14956.221450602 14 61
15738.182701340 1 35
15751.299572599 15 28
16305.195631025 132 62
16669.315164666 2 42
17529.327243888 115 35
17761.691811479 348 56
18414.824202543 6 64
18429.586744584 64 23
18659.623905594 528 57
18785.925448889 44 49
18876.692922820 191 20
19055.161753641 2 54
19112.770399845 1195 46
19285.027972154 1087 7
19387.544661911 529 15
19532.042634042 731 48
19832.890514927 761 4
20114.561900839 62 9
20342.590878285 83 25
21090.276545143 2045 59
21127.629595387 40 56
21237.460972701 728 18
21372.947863371 28 42
21389.924636510 66 2
21433.714866083 32 54
21720.552253636 90 1
21911.681509216 11 41
22283.977210463 639 30
22942.995969785 2712 17
23024.454343897 1595 54
23250.386260456 105 54
23392.268011123 37 57
23450.039493742 1715 11
23595.331246352 20 20
23841.654945927 313 1
23896.671691748 12 32
24429.004873194 171 38
24619.171178644 28 1
25624.171954429 1057 38
25931.281517124 1 61
26014.960223614 1855 64
26075.337847891 25 37
26357.148785905 7 36
26590.124571304 501 11
26967.947880990 177 56
27326.897395330 20 47
27505.557284389 583 43
27839.614293817 336 4
28127.707811290 35 61
28165.107113934 242 22
28519.670675793 4 61
28703.216171428 449 41
28703.558140521 992 23
28832.015501306 38 8
29064.886171234 77 29
30023.582788829 3583 57
30747.774421433 1515 36
31059.289659893 34 50
31078.649623650 19 59
31864.229111665 105 48
31901.596411943 187 14
32460.348456647 102 32
32635.655134265 468 46
33036.432650351 3456 49
33048.804603336 177 1
33229.926440167 3650 56
33271.218782236 13 6
33354.829256001 77 21
34025.729101929 5 36
34795.339163291 24 63
35035.681407257 37 63
35083.564867636 1 30
36372.494863530 1 43
37284.634095530 19 17
37532.188498677 1 50
37619.592313071 365 51
37728.010457955 6 31
37864.052508327 743 7
37925.040149006 14 21
37960.496016497 92 29
37964.930081422 1 59
38164.738394591 3 47
38184.660091843 962 46
38250.054645880 2 52
38582.870464975 911 2
38661.122427698 154 35
39278.561322798 3 28
39595.969931006 1178 27
39608.779978401 1345 13
39670.196945816 5 45
39691.661913871 6 63
40306.808460948 8 39
40422.747467002 3459 6
40576.015556864 1607 55
41009.616728260 30 61
41337.135898531 403 28
41589.612906686 177 60
41747.029868395 579 8
41769.451991940 185 52
41915.003366117 6 39
42086.838848350 2244 36
42339.240032618 87 20
42853.816629899 136 20
42970.836989225 2760 32
43605.739725399 838 14
43674.079200466 3 17
44027.387754147 46 60
44570.907482248 340 51
44589.350408876 8 42
44717.229210822 5 54
44782.530296518 26 22
45173.196431123 3 54
45256.419782056 15 17
45841.711649244 277 22
45846.640624047 1986 14
46124.685574976 1 20
46337.528564434 272 17
46867.367959657 211 35
47211.302547594 3302 35
47309.407312367 247 2
48432.531800043 109 3
48484.706387501 296 1
48692.128944982 1232 55
49053.235382433 119 51
49128.689340560 18 32
49368.462164719 371 62
49954.144770544 19 7
50685.892964975 1 7
51037.989750563 3702 60
51143.152438636 79 31
51461.355756344 56 25
51596.807466585 171 24
51606.867747429 53 10
51648.696324752 5 36
52037.119194487 179 47
52405.907004304 2 48
52635.919696164 2 61
53456.275253783 2 59
53482.163141722 3467 40
53886.134129070 270 23
54120.597194877 3126 30
54130.829322840 144 48
54161.738258147 329 6
54457.972494063 1471 41
54511.324564181 2956 50
54992.557216468 155 63
55060.619675760 1347 62
55588.034010100 12 15
55856.814546622 482 29
56918.639795312 58 21
56967.522135392 3 61
57072.971080200 75 7
57146.232408982 91 51
57173.729151024 278 40
57915.690492895 5 9
58067.322669107 2 41
58842.830583005 2 29
59521.474055883 26 38
59950.232583987 1 60
60485.838803699 149 42
60624.713473827 2785 11
61026.910050980 321 45
61186.889342210 3913 5
61361.803659267 22 53
61757.407732486 347 44
61885.846844022 147 21
62159.697221469 2440 9
62495.120447499 1197 10
62743.885003342 955 28
62794.272027312 2 26
63209.267893219 11 13
63679.353279163 2 38
64171.648568004 2522 46
64381.301143138 3 45
64620.515909937 2897 23
65919.011532476 2740 32
65995.690983470 3 45
66044.472776416 240 18
66783.604373844 945 29
66795.367469720 15 62
66898.314293792 6 55
66957.299044480 314 44
67462.483256883 3335 64
68077.052270012 1 55
68178.591052064 128 7
68905.771309735 374 15
69515.249685506 59 17
69691.839838863 1365 27
70160.825362836 1 62
70172.005749512 7 44
70274.721435628 4 21
70417.908931890 339 48
70496.133345226 28 7
70778.681421257 2 24
71099.488207558 1575 54
71268.557459840 341 14
71338.045312371 606 8
71477.327963196 24 41
71493.113661479 8 5
71616.967954908 1100 31
71763.299968234 43 7
72197.531905064 1 36
73071.062957999 456 7
73238.735174282 59 43
73278.375450382 2910 37
73402.622052417 4 57
73570.229627812 159 8
73839.400273513 5 29
74022.799024884 3633 14
74189.681415628 5 39
74282.168883623 390 51
74409.023464814 1656 34
74716.426022483 3542 41
74841.038158606 1 59
75006.198135623 60 50
75024.075461142 2596 62
75258.713591548 697 39
75502.866662661 74 33
75511.513502311 3 29
75534.927472920 29 30
76575.760198145 31 29
