5 7.923566276 0.002092609 1.404950848 408614.605326005 30
2296.931160296 230.756527817 0.029487581 0.010227018 182.183437351 0.500000000 0.500000000
20
1 0.099376913 0.762484059 0.062436130 0.228528998 3.048189745 0.671333673
2 0.117646012 0.848793329 0.068081119 0.230835540 3.064417707 0.679723025
4 0.154184209 1.021411869 0.079371098 0.235448623 3.096873631 0.696501728
8 0.227260604 1.366648950 0.101951055 -1.000000000 3.161785477 0.730059135
16 0.373413392 2.057123110 0.147110969 0.263127122 3.291609171 0.797173948
32 0.665718970 3.438071432 0.237430797 0.300031787 3.551256558 0.931403575
64 1.250330125 6.199968076 0.418070453 0.373841118 4.070551332 -1.000000000
128 2.419552435 11.723761363 0.779349766 0.521459780 5.109140881 1.736781336
256 4.757997056 22.771347937 -1.000000000 0.816697104 7.186319979 2.810618350
512 9.434886297 44.866521085 2.947025640 1.407171752 11.340678173 4.958292379
1024 18.788664779 89.056867380 5.837260139 -1.000000000 19.649394563 9.253640437
1122 20.579036442 97.515175851 6.390469086 2.814162123 21.239734809 10.075796901
2025 37.076032476 175.452446760 11.487894384 4.896969181 35.893584223 17.651381464
2048 37.496221744 177.437559972 11.617729137 4.950019637 36.266827342 17.844336552
2263 41.424077943 195.994053046 12.831401827 5.445926080 39.755839107 19.648047162
2332 42.684645746 201.949392683 13.220906086 5.605077450 40.875568464 -1.000000000
3256 59.565292851 281.699158264 18.436876159 7.736321881 55.870205074 27.978673376
3670 67.128699670 -1.000000000 20.773901711 -1.000000000 62.588581217 -1.000000000
3805 -1.000000000 329.082947554 21.535975260 9.002613215 -1.000000000 32.584427445
4096 74.911335673 354.198945156 23.178667134 9.673816819 69.501692900 35.025728783
289
167.996244320 1 62
309.894094113 9 43
480.943024402 1676 27
1280.313672671 2363 48
1282.546628088 21 22
1526.802729670 78 45
1900.455624761 138 37
2430.023765136 22 10
2879.116444068 40 55
3025.403681342 1738 63
3436.759978098 861 37
3550.117293791 4 28
3612.173903828 120 14
4668.894393372 241 23
4814.406163418 380 18
4877.598917797 31 19
6202.729688586 39 22
6924.120187069 3 19
8395.191970998 23 14
8785.470603647 10 2
8894.972772119 245 26
9347.647344128 44 56
9645.277393797 382 11
9717.038613064 16 21
9731.507572985 3628 3
9806.307579437 730 2
9893.245745692 190 9
10002.668605691 194 24
10048.887026295 514 52
10671.271503980 345 58
10766.227427382 600 13
10972.122049324 954 48
11037.922605097 2838 27
11403.834781555 26 28
11896.366301068 8 36
11979.586274297 2459 27
12395.782632364 1 10
12741.609443392 2023 62
13058.598785130 939 54
13467.501249478 4 37
13985.528432304 20 12
14191.457308754 1 56
14220.070510224 1410 7
14230.392024332 758 39
14692.733300592 1630 26
14808.192993857 155 27
15248.669785001 2 54
15478.676097729 11 14
15489.732722852 1103 3
15575.636431168 58 50
15581.985869537 64 34
16230.298742211 6 46
16439.693274185 1 55
16457.675048802 2 47
16593.301245776 723 24
16788.084054287 39 58
16983.681489696 571 27
17294.822007461 914 56
17305.495366396 280 55
17997.497197166 4 5
18083.032912644 902 7
18541.197028068 206 3
18604.552408529 528 7
18728.103551533 128 20
18766.779154334 142 23
18913.518850532 165 52
19171.824969599 49 25
19212.169773846 43 44
19293.064247906 3352 37
19335.210260803 24 64
19432.640880468 16 11
19596.264077579 511 30
19816.584909095 51 46
20151.270278138 160 47
21090.111696279 30 12
21298.448170916 151 43
21422.735327762 563 45
21898.296916728 2 51
22107.797986938 1 7
22111.400666113 32 25
22167.541799299 95 24
22221.031436126 24 39
22622.977454644 17 14
22933.771615964 860 58
22968.490556736 170 44
23251.922994768 32 64
23449.994191045 656 30
23530.532605671 1 32
23795.005038428 7 4
23909.003158990 8 44
23958.675845044 1009 14
24172.791443486 6 19
24663.351854331 20 26
25744.016009081 1 53
26014.473236905 51 36
26170.943679714 36 51
26710.160651365 337 35
27120.308331798 316 14
27582.481740739 950 31
27903.244818752 7 61
28009.599232553 65 50
30138.001572818 995 48
31095.165417659 1283 60
31100.622106538 2 25
31536.538725492 665 26
31666.371108767 47 52
32232.515208860 385 58
32252.770151430 882 57
32287.035949639 38 24
32333.715063174 51 19
33013.838925654 32 16
33123.687973345 2078 26
33347.287032532 223 53
33375.907998786 1 8
33513.814524175 1 23
34024.909155938 2 54
34080.276642325 44 48
34157.923265666 413 16
34220.330282040 1 47
34263.251180422 2891 23
34342.018363548 3 47
34384.362671944 450 49
34581.702531363 31 64
34600.958573643 398 57
34774.127931324 205 42
34971.717511396 23 37
35165.581805534 230 53
35273.389595645 843 17
35517.860107738 5 15
36114.546312440 8 58
36427.049682287 2 40
37430.133612631 19 16
37430.988295283 81 42
37617.983246405 194 52
38160.419667529 14 1
38583.057354114 2 15
38650.717674494 557 56
38981.178695801 3990 56
39020.398570261 27 59
39180.444335863 13 42
39221.572504126 202 1
39561.136117191 9 26
40099.562275119 996 55
40331.914487257 1 3
40834.671897797 20 10
40995.393573763 3 2
41090.398768208 2 19
41207.483880239 2241 27
41275.028667620 61 62
41294.629775622 18 5
41731.346331760 6 57
41840.380610546 20 9
42095.705891475 51 57
42238.760242742 1002 35
42292.556249396 928 4
42567.361278977 63 23
42974.500313280 923 49
43329.516435599 29 61
43609.387370688 22 20
43794.700821703 1 40
44003.132624986 121 61
44163.940133848 70 30
44531.170607817 1 7
44934.500754337 86 41
45670.778927890 8 59
46618.811388127 381 30
46624.866074956 347 52
46780.312356214 397 55
47130.218551926 23 24
47247.819680323 370 3
47406.749388928 519 41
47506.237463580 8 13
47689.262577468 1649 11
47915.069805473 273 47
48324.107847464 888 19
48330.138755676 19 53
48430.382640362 1606 50
48758.509321830 1231 1
48787.607414638 415 7
49824.366806944 1 62
49892.409862373 8 27
50141.498072437 1 50
50300.055744327 1166 41
50715.605732391 2 25
50811.369161804 2 6
50863.430773641 1 32
50926.911482749 28 56
51271.906688294 38 10
51679.246208473 1 12
51837.452281041 5 24
52070.558028611 4 2
52340.966652898 1 17
52839.529467441 356 42
52849.369645039 38 15
52859.654733755 507 3
53492.925221220 1 30
53715.603216809 1 55
53864.265233064 14 20
53930.333932212 1 60
54288.119197577 3330 5
54517.750113052 1185 13
54581.176346113 23 43
54608.459154705 1 22
55326.742793589 26 64
55372.229169916 4 7
55628.590083208 7 53
56346.276342836 5 64
56354.514311623 490 42
56588.405451194 77 9
56774.393922327 718 49
56787.674158443 33 3
57073.946306717 1769 56
57661.430448149 161 36
57868.898233967 24 31
58189.647896291 81 18
58248.279754411 92 53
58576.797677098 3034 52
59007.962143787 83 42
59247.946316396 42 44
59302.259134444 380 43
59332.103429001 795 2
59420.740780593 2 20
59618.271447173 62 58
60071.054330997 7 28
60106.047188824 405 55
60159.668016438 24 31
60856.473367356 579 21
60904.941406844 2435 13
60921.691325503 22 56
61045.929827355 464 54
61099.061579225 2 64
61161.296493268 1 38
61245.656075080 815 38
61653.423133372 73 32
61880.529844717 17 62
61922.556982515 1138 42
61933.379640729 2226 22
61966.709603841 2145 59
61986.973877917 24 18
61999.031838522 4041 7
63011.615339397 9 38
63314.905821513 13 37
63717.591611575 7 28
64025.670329536 709 23
64061.084167696 2177 47
64377.032605389 1337 8
64418.637869133 3340 36
64589.211281046 70 42
64616.159916812 45 47
65302.832313880 2 18
65409.218912182 6 57
65548.275018564 1 33
65613.428931525 3418 50
65684.835979875 968 61
65911.541454679 3 16
65947.003144346 283 47
66006.765335012 647 37
66121.870915638 132 3
66142.866237244 992 63
66496.689630308 2080 64
66578.389192268 2536 28
67112.993978079 66 18
67507.867604739 127 63
67613.975923040 778 26
68059.632637549 2 63
68096.123264410 550 11
68261.832777954 29 50
68546.198228026 3 39
68657.332390237 238 31
68890.070956977 289 27
68891.289242900 3 54
69714.712431348 690 62
70494.842236350 29 7
70698.415072622 1 26
70860.488487125 82 53
71100.670508439 112 26
71347.494288016 261 34
71644.475452874 456 5
72049.057155645 1111 15
72172.113779664 2536 17
72312.017650532 3 62
72489.128215436 121 15
72574.293624049 12 13
72909.228365362 4 50
73522.414729701 23 12
73587.797530068 207 39
73841.127189183 1 1
74190.733926474 2 33
74249.511163764 1 44
