1 7.351567559 6.935722198 7.349014961 304.192240523 2
77.785824337 173.134556508 0.783910463 0.017415990 2874.130918334 0.500000000 0.500000000
21
1 0.323326881 4.732545266 0.498075292 0.416982538 18.697346561 0.250458834
2 0.329203403 4.769951747 0.504794848 0.418412557 18.745637387 0.259211914
4 0.340956448 4.844764709 0.518233960 0.421272596 -1.000000000 0.276718076
8 0.364462536 4.994390632 0.545112185 0.426992674 19.035382342 0.311730398
11 0.382092102 5.106610074 0.565270853 0.431282732 19.180254819 0.337989640
16 0.411474713 5.293642478 0.598868634 0.438432830 19.421708948 0.381755044
32 0.505499066 5.892146170 0.706381533 0.461313141 20.194362162 0.521804334
64 0.693547774 7.089153554 0.921407331 0.507073764 -1.000000000 0.801902916
128 1.069645188 9.483168322 1.351458926 0.598595011 24.830281441 1.362100079
256 1.821840017 14.271197859 2.211562118 0.781637503 31.011507148 2.482494405
512 3.326229674 23.847256933 3.931768500 1.147722487 43.373958561 4.723283057
1024 6.335008989 42.999375081 7.372181264 1.879892457 68.098861387 9.204860361
1082 6.675847270 45.168950965 7.761915522 1.962833586 70.899729285 9.712539040
1430 8.720876961 58.186406269 10.100321073 2.460480362 87.704936675 -1.000000000
1562 9.496577878 63.124061728 -1.000000000 -1.000000000 -1.000000000 13.914017762
1720 10.425068370 69.034285688 12.048992365 2.875186009 101.709276166 -1.000000000
1942 11.729656276 77.338524416 13.540733837 3.192650331 112.429839501 17.240188417
2048 12.352567618 81.303611377 14.253006792 3.344232395 117.548667039 18.168014968
3772 22.483691717 145.792384202 25.837521646 5.809585963 200.802050773 33.258326046
4073 24.252524869 157.051734910 27.860108056 6.240021824 215.337589349 35.893003329
4096 24.387684877 157.912083968 28.014657849 6.272912272 216.448278343 36.094324184
239
54.010394581 3 20
67.276018465 651 19
74.349587649 13 33
87.183463866 19 21
132.313530768 5 18
165.664800141 39 2
175.903387171 155 10
184.993966436 24 64
201.640351905 1 51
233.261418881 27 38
245.569130189 214 57
262.453521097 444 37
271.416878385 2 40
277.076574899 25 9
352.584721471 2843 26
356.672309740 498 17
398.253667276 1 61
447.412265013 2 4
508.187527834 5 42
512.098256520 29 16
517.063313833 225 1
523.661939278 195 3
530.015304248 20 49
548.047972260 391 57
557.015130014 8 45
596.662282139 309 10
597.888610776 3 56
603.047264738 7 55
611.240331241 25 59
645.044143666 327 3
653.896592148 4 2
660.402515529 104 35
731.027085752 394 35
733.184336136 173 31
770.474788769 1918 19
785.588773891 35 56
809.479670163 3818 25
824.713060745 5 11
841.191778088 3 24
878.989730636 12 48
884.637211387 702 2
906.111251414 3534 57
932.322178091 1732 16
939.424207143 1518 18
970.512008144 12 61
990.417181615 402 11
1017.889263337 2773 17
1032.389466602 5 58
1037.549238215 4 40
1061.626948539 83 35
1115.200986255 1 27
1147.553969062 3 24
1171.851774576 1702 20
1174.611288584 32 58
1176.810324833 2329 1
1218.344682164 1351 27
1295.968652283 13 41
1316.721705681 2 8
1327.509195304 7 54
1332.068939451 185 63
1341.142531860 4 31
1349.335540571 2752 3
1374.932151327 2312 26
1440.859294660 1168 43
1455.515758133 1 28
1463.591078820 391 57
1501.956897894 79 28
1539.636798790 7 52
1547.211084888 50 7
1584.305556831 88 61
1592.529338864 2031 58
1617.425425695 157 60
1637.747830572 2527 39
1657.054412058 34 16
1685.119480796 260 8
1686.795020112 428 46
1710.107874397 90 21
1712.795904646 2986 43
1717.228182104 1099 51
1725.873552758 89 32
1767.189820970 1078 32
1822.398760156 332 28
1837.557065618 31 10
1861.954757374 110 20
1895.021749992 22 49
1910.866656133 282 37
1960.565488390 3 21
2026.291565178 35 62
2053.477919582 3123 57
2061.084331192 2524 46
2095.448551169 1386 32
2102.140286659 217 53
2115.553207131 15 30
2197.662487535 5 13
2206.797944169 12 54
2209.385485736 1 45
2215.726360699 16 58
2220.744461782 3497 22
2260.872697839 1 46
2337.202668300 112 49
2350.110437566 367 64
2352.207890832 4 8
2410.533556875 3 24
2456.340880594 1253 8
2473.101918925 2377 48
2514.451483702 56 61
2553.819483681 175 34
2584.503317521 3410 12
2593.619853148 288 3
2602.555472615 14 7
2609.151879432 2 60
2609.520887243 2932 18
2614.545646558 647 53
2685.889109274 1 47
2714.725435642 2 20
2733.548507503 3 32
2733.816556861 438 28
2736.304979484 1 40
2757.392803290 1736 11
2761.589417258 39 22
2765.863563277 1820 46
2805.181885770 2192 47
2837.307028768 66 54
2843.857291304 74 10
2851.333767850 16 56
2876.133306360 6 13
2886.397290262 2 11
2889.252021059 1 53
2943.997557847 3 38
2953.316702300 1638 55
2961.180948069 5 3
2969.021023018 397 24
2977.248622605 3873 7
2986.347316843 13 44
3046.245733082 568 15
3061.393409956 17 40
3091.323108785 389 25
3115.806492856 7 3
3121.042350297 145 40
3138.728675378 2736 58
3146.009476122 3896 2
3160.444267319 1656 59
3168.510717168 682 48
3179.318686452 77 15
3201.243567931 268 27
3375.561341827 2897 17
3407.415259462 110 58
3432.976925350 1579 54
3452.905696463 16 36
3505.366788901 1 46
3515.105759796 1499 43
3533.456296872 2 28
3566.814580135 36 5
3594.236510688 1408 61
3597.978142026 1 18
3622.008852605 1498 39
3626.262138486 3 21
3647.021937833 1025 62
3647.065157925 3 6
3662.676026981 1803 57
3664.550711417 351 11
3677.749534782 1 47
3718.815960376 13 14
3745.133268322 6 59
3796.896357560 132 62
3797.373920870 302 20
3830.750906487 1 31
3838.815974279 2218 38
3845.561912106 2 22
3853.663296204 71 59
3913.062638167 1 29
3915.407954830 1143 61
3922.572171826 3944 51
3929.980144705 295 62
3937.195473889 49 38
3984.611794400 132 35
4083.527351820 355 61
4085.268842966 784 44
4087.727549236 6 30
4091.378275215 244 60
4097.243789033 378 4
4113.884728940 1 62
4115.048472094 16 29
4172.320320317 9 48
4246.422755516 984 45
4254.537684935 7 36
4262.512632395 606 30
4304.241149003 119 47
4336.464001837 1268 24
4381.232949880 52 49
4383.538333465 159 30
4429.559415632 917 61
4440.072325473 2829 1
4567.072341783 548 36
4579.573019858 9 45
4594.787190978 1461 49
4624.325833747 2446 9
4639.893483972 217 59
4646.332190614 4 10
4686.126847065 306 41
4711.187818431 1 23
4752.178243394 141 35
4822.309952475 8 4
4834.331637016 19 43
4853.361411816 9 45
4873.148566016 186 60
4890.924135927 21 5
4918.956113116 6 54
4942.907901975 438 58
4949.821221568 1545 32
4997.577015212 1780 12
5029.157516376 69 33
5041.742686628 176 37
5096.479718447 19 12
5139.845820927 17 4
5153.587491947 422 11
5154.832602443 6 54
5317.063546537 1751 62
5326.888250027 5 53
5362.520326545 3104 41
5395.989368233 1740 25
5430.470859934 5 45
5434.695983171 883 50
5455.751332077 36 63
5461.752267064 10 9
5470.219360571 2 41
5509.678861205 1 64
5528.256289764 444 42
5589.322265088 8 8
5634.910187831 426 13
5710.908641212 121 16
5714.413589206 1205 41
5720.759532111 76 47
5786.932852884 1945 45
5800.935251852 11 27
5815.153024653 4 26
5840.874992125 1263 1
5846.757221020 42 9
5871.906462978 1 51
