2 4.833328885 26.267146109 13.560219451 10390.076830444 6
513.461856537 416.593775849 0.170125649 0.012431985 302.113457029 1.000000000 0.000000000
21
1 0.478455842 1.766679669 0.303844095 0.698430437 8.427022832 0.535945756
2 0.484755959 1.868835193 0.306998532 0.699398282 8.476274010 0.540649953
4 -1.000000000 2.073146242 -1.000000000 0.701333970 8.574776365 0.550058349
8 0.522556664 2.481768339 -1.000000000 0.705205347 8.771781076 0.568875139
16 0.572957604 3.299012533 0.351160654 0.712948101 -1.000000000 0.606508720
32 0.673759483 4.933500922 -1.000000000 0.728433609 9.953809340 0.681775882
64 0.875363241 8.202477699 0.502573644 -1.000000000 11.529847026 0.832310206
78 0.963564885 9.632655039 -1.000000000 0.772954444 -1.000000000 0.898168972
128 1.278570757 14.740431254 0.704457631 0.821346655 14.681922398 1.133378853
256 -1.000000000 27.816338364 1.108225604 0.945230717 20.986073142 1.735516149
397 -1.000000000 42.220267290 -1.000000000 1.081696755 27.930489195 2.398808013
512 3.697815855 53.968152583 1.915761551 1.192998842 33.594374629 2.939790739
1024 6.923475986 106.271781022 -1.000000000 1.688535090 58.810977604 -1.000000000
1320 8.788310749 136.509816214 4.464546882 1.975016983 73.389326199 6.740782415
1607 10.596444454 165.828451686 5.369870385 2.252788279 87.524414194 8.090887131
1812 11.887968530 186.770334167 -1.000000000 2.451196347 97.620905620 9.055247643
2048 13.374796247 210.879037900 6.760977231 2.679607587 109.244183554 10.165438281
2190 14.269412923 225.385122350 7.208907326 2.817041468 116.237850785 10.833434343
2223 14.477316799 228.756254652 7.313003757 2.848980328 117.863139649 10.988672864
2691 17.425771762 276.565040022 8.789280409 -1.000000000 140.912690805 -1.000000000
4096 26.277436769 420.093551656 13.221264804 4.661752580 210.110595453 19.799635004
118
344.984932297 385 17
438.900651659 283 38
522.075968642 26 61
614.251653916 31 61
626.302450479 947 53
742.569383614 9 57
786.021522266 1168 4
1023.580422502 873 26
1178.620277707 224 42
1494.532040196 59 27
1550.970261328 1909 63
1797.857856343 200 7
2036.462493499 142 20
2064.936077938 10 59
2214.405920926 2 22
2251.597601168 13 6
2536.076363286 4 35
2743.510692854 6 54
2922.357040895 77 5
3019.620057073 7 33
3299.422592351 2 32
3555.910357546 25 47
3605.405143974 2 56
3777.217398505 59 41
4184.482012439 1878 64
4197.300390492 5 14
4206.730772599 6 40
4718.928462080 5 2
4746.548820367 45 30
6035.123343882 899 25
6226.451465380 12 10
6385.601298979 906 48
6453.459314355 1605 55
6814.274594110 363 60
7350.052744353 73 58
8167.071137657 4051 59
8277.501777545 38 20
8471.219650202 174 22
8832.841662675 150 11
9070.588480845 813 52
9072.745596218 18 54
9275.349982381 816 10
9359.081043513 60 42
9486.703892965 105 58
9740.238500594 55 56
9849.052808669 373 57
9954.551143454 18 18
9961.365757870 368 35
10079.323360828 9 34
10246.981373826 138 3
10658.750637032 3 57
10693.448550134 67 1
10794.846162561 253 57
11724.909057660 51 31
11763.909515131 75 54
11993.636532684 84 52
12475.521815959 2 4
13244.293142064 2234 57
13635.392416657 42 41
13735.086026278 1 31
13807.975740322 26 32
13829.988442541 10 36
13931.284242483 501 10
13950.543239927 3410 31
13963.248807568 927 58
14063.077454972 71 45
14283.800820231 2 45
14527.801843454 1 11
14566.571675837 5 61
14825.816475593 101 36
15165.083602607 92 13
15327.674691636 398 56
15615.324712165 3 24
16494.417045623 30 1
16642.302931050 96 53
16670.972700215 3750 54
16838.617124267 7 56
17004.344928173 441 27
17034.278367466 1237 20
17384.869359132 3 22
17434.010909241 20 8
17615.691629498 3 34
17728.858139631 1974 36
17869.088473951 620 58
18062.171152990 5 51
18275.893083245 4 47
18567.195158763 1663 43
18754.511278228 1 1
19138.149250985 64 31
19384.713044294 1009 2
19749.532619964 1438 52
19827.930543790 350 23
19891.238346526 1117 12
20111.952607549 2730 54
20128.302259765 37 49
20336.441182506 9 45
20398.264486077 56 2
20498.354689301 207 55
20531.679653471 3 41
20728.148981988 36 1
20871.578172621 3 50
21111.836532716 686 41
21114.075761454 2438 20
21142.021075213 49 20
21528.711182496 213 20
21569.823899263 18 42
21735.113641013 19 61
21918.116448852 2348 28
22410.451554971 1805 30
22477.062736258 2 5
22847.756585488 3 10
23053.254386753 6 24
23984.565537927 2 30
24046.583370427 230 58
24090.712845335 2642 29
24154.714961209 1 62
24335.570806890 169 22
24433.063534721 1863 22
