2 1.180325120 0.005530758 0.028027660 273092.967623435 22
43587.074675692 647.606429819 0.000546871 0.000271648 185.580306140 0.500000000 0.500000000
21
1 0.246560746 4.160619584 0.079570836 0.940623618 16.312743474 0.379538549
2 0.261998698 4.256723322 0.084537765 0.941615661 16.315257255 0.388853259
4 -1.000000000 4.448930800 0.094471621 0.943599749 16.320284817 0.407482681
8 0.354626411 4.833345755 0.114339334 -1.000000000 16.330339940 0.444741523
16 0.478130029 5.602175664 0.154074761 -1.000000000 -1.000000000 -1.000000000
32 0.725137263 7.139835484 -1.000000000 0.971376972 16.390670681 0.668294580
34 0.756013167 7.332042961 0.243479470 0.973361059 16.395698243 0.686924002
64 1.219151732 10.215155122 0.392487319 1.003122370 16.471111669 0.966365323
128 2.207180670 16.365794399 -1.000000000 1.066613165 16.631993645 1.562506807
256 -1.000000000 28.667072954 1.346137550 1.193594756 16.953757598 2.754789777
512 8.135354297 53.269630063 2.617671192 1.447557939 17.597285502 5.139355715
1024 16.039585799 102.474744280 5.160738477 1.955484304 18.884341312 9.908487593
1525 23.773999828 150.622717372 7.649169550 2.452498188 20.143745531 14.575157652
1550 24.159948632 153.025310840 7.773342757 2.477299280 20.206590053 14.808025420
1616 25.178853474 159.368157594 8.101160024 2.542774163 20.372499591 15.422796326
2002 31.137903005 196.464200735 10.018394344 2.925703024 21.342819010 -1.000000000
2048 31.848048804 200.884972716 10.246873045 2.971337033 21.458452930 -1.000000000
3402 52.751036020 331.009434924 -1.000000000 -1.000000000 24.862112238 32.058869632
3480 53.955196288 338.505526543 17.359514356 4.391943585 25.058187146 32.785417067
4034 62.507821781 391.746997786 20.111192628 4.941535785 -1.000000000 37.945766793
4096 63.464974815 397.705429586 20.419142182 5.003042493 26.606676167 38.523278857
146
0.000000000 105 36
0.000000000 3291 25
0.000000000 2114 33
0.000000000 706 1
0.000000000 2 13
0.000000000 910 6
0.000000000 54 34
0.000000000 1 16
0.000000000 122 7
0.000000000 5 63
0.000000000 2579 44
0.000000000 260 49
0.000000000 7 16
0.000000000 1125 29
0.000000000 3422 52
0.000000000 29 28
0.000000000 41 13
0.000000000 112 30
0.000000000 63 25
0.000000000 3 30
0.000000000 48 47
0.000000000 2491 26
0.000000000 2571 53
0.000000000 50 1
0.000000000 5 50
0.000000000 1 33
0.000000000 291 9
0.000000000 6 10
0.000000000 30 51
0.000000000 955 36
0.000000000 12 12
0.000000000 2795 53
0.000000000 44 1
0.000000000 322 52
0.000000000 1 30
0.000000000 119 37
0.000000000 1 12
0.000000000 1482 34
0.000000000 347 31
0.000000000 434 22
0.000000000 1 25
0.000000000 3 45
0.000000000 285 19
0.000000000 702 44
0.000000000 390 45
0.000000000 15 64
0.000000000 3750 2
0.000000000 11 39
0.000000000 370 32
0.000000000 50 30
0.000000000 927 24
0.000000000 22 56
0.000000000 162 36
0.000000000 514 61
0.000000000 65 28
0.000000000 61 33
0.000000000 323 2
0.000000000 75 38
0.000000000 787 15
0.000000000 6 61
0.000000000 106 31
0.000000000 89 39
0.000000000 3979 30
0.000000000 2540 4
0.000000000 1 34
0.000000000 80 16
0.000000000 14 35
0.000000000 1 2
0.000000000 1 49
0.000000000 22 12
0.000000000 45 57
0.000000000 13 55
0.000000000 2 13
0.000000000 440 59
0.000000000 3 23
0.000000000 1792 41
0.000000000 154 53
0.000000000 172 46
0.000000000 104 6
0.000000000 1044 24
0.000000000 197 21
0.000000000 2338 32
0.000000000 1840 24
0.000000000 2800 4
0.000000000 24 61
0.000000000 6 1
0.000000000 2 61
0.000000000 52 40
0.000000000 109 21
0.000000000 20 33
0.000000000 82 33
0.000000000 339 55
0.000000000 3602 33
0.000000000 201 24
0.000000000 189 42
0.000000000 99 21
0.000000000 134 34
0.000000000 1310 18
0.000000000 2860 7
0.000000000 716 1
0.000000000 169 4
0.000000000 3793 40
0.000000000 2869 41
0.000000000 1640 33
0.000000000 1590 29
0.000000000 1 45
0.000000000 2952 50
0.000000000 2580 6
0.000000000 1 1
0.000000000 10 39
0.000000000 583 52
0.000000000 2675 37
0.000000000 336 7
0.000000000 2 9
0.000000000 3 43
0.000000000 960 46
0.000000000 3920 7
0.000000000 2247 39
0.000000000 17 45
0.000000000 303 30
0.000000000 25 24
0.000000000 1 28
0.000000000 2067 42
0.000000000 67 19
0.000000000 73 20
0.000000000 49 4
0.000000000 153 28
0.000000000 83 26
0.000000000 24 45
0.000000000 959 43
0.000000000 431 38
0.000000000 54 33
0.000000000 5 29
0.000000000 17 51
0.000000000 130 31
0.000000000 735 45
0.000000000 561 46
0.000000000 2239 48
0.000000000 25 51
0.000000000 8 11
0.000000000 20 50
0.000000000 252 50
0.000000000 1 62
0.000000000 17 2
0.000000000 3 1
0.000000000 3192 16
