5 1.138570169 43.984209343 0.023651198 133243.568476543 27
30075.600084815 532.396686753 0.001425432 0.000666806 363.898633512 0.500000000 0.500000000
21
1 0.169625201 3.844321782 0.237059304 0.498080797 2.143400882 0.720571841
2 0.184687074 3.956256674 0.245739027 0.504794564 2.157328567 0.725060537
4 0.214810821 4.180126459 0.263098473 0.518222098 2.185183937 0.734037928
8 0.275058315 4.627866027 0.297817364 0.545077166 2.240894678 0.751992710
16 0.395553303 5.523345163 0.367255148 0.598787302 2.352316159 0.787902274
32 0.636543278 7.314303436 0.506130715 0.706207575 2.575159121 0.859721402
64 1.118523228 10.896219983 0.783881850 0.921048120 3.020845045 1.003359658
128 2.082483129 18.060053075 1.339384119 1.350729210 3.912216892 1.290636171
256 4.010402930 32.387719259 2.450388658 2.210091391 5.694960588 1.865189196
512 7.866242532 61.043051628 4.672397736 3.928815752 9.260447979 -1.000000000
1024 15.577921737 118.353716365 9.116415891 7.366264474 16.391422761 5.312507346
1598 24.223437095 -1.000000000 14.098576869 11.219966753 24.385914020 7.889018568
1787 27.070131176 -1.000000000 15.739044509 12.488868723 -1.000000000 -1.000000000
1922 29.103484092 -1.000000000 16.910807108 13.395227273 28.898484000 -1.000000000
2048 31.001280146 232.975045840 18.004452201 14.241161919 30.653372325 9.908931546
2705 40.896931000 306.516269927 23.707030185 18.652106862 39.803861449 12.858004495
3125 47.222917848 353.528924594 27.352513828 21.471889017 -1.000000000 14.743256608
3473 52.464449807 392.482267033 30.373057418 23.808279945 -1.000000000 16.305322645
3704 55.943742574 418.339227100 32.378073421 25.359160130 53.717618885 17.342211307
3952 -1.000000000 446.099080332 34.530644715 -1.000000000 57.171684795 18.455407793
4096 61.847996965 462.217704789 35.780524821 27.990956808 59.177271453 19.101779946
436
0.000000000 1491 43
0.000000000 7 45
0.000000000 584 13
0.000000000 4 21
0.000000000 2 47
0.000000000 80 50
0.000000000 10 26
0.000000000 169 51
0.000000000 2 35
0.000000000 3243 45
0.000000000 2 13
0.000000000 155 59
0.000000000 109 47
0.000000000 195 41
0.000000000 24 55
0.000000000 72 49
0.000000000 294 45
0.000000000 300 18
0.000000000 18 23
0.000000000 1554 27
0.000000000 81 27
0.000000000 1 30
0.000000000 3 13
0.000000000 39 37
0.000000000 41 2
0.000000000 399 31
0.000000000 7 19
0.000000000 5 50
0.000000000 149 29
0.000000000 1 7
0.000000000 305 41
0.000000000 4068 63
0.000000000 33 17
0.000000000 49 17
0.000000000 1 27
0.000000000 2168 53
0.000000000 3174 12
0.000000000 9 16
0.000000000 110 11
0.000000000 8 43
0.000000000 586 62
0.000000000 1 11
0.000000000 56 59
0.000000000 1916 7
0.000000000 223 63
0.000000000 60 38
0.000000000 61 9
0.000000000 1 12
0.000000000 190 64
0.000000000 190 17
0.000000000 775 5
0.000000000 1 33
0.000000000 2651 10
0.000000000 432 58
0.000000000 4 59
0.000000000 1407 15
0.000000000 888 26
0.000000000 75 21
0.000000000 11 13
0.000000000 4 36
0.000000000 3520 10
0.000000000 1 19
0.000000000 1871 35
0.000000000 9 60
0.000000000 4 9
0.000000000 99 33
0.000000000 933 57
0.000000000 79 46
0.000000000 10 49
0.000000000 1166 41
0.000000000 25 50
0.000000000 1009 9
0.000000000 8 46
0.000000000 21 48
0.000000000 1 17
0.000000000 3 24
0.000000000 4 46
0.000000000 44 30
0.000000000 4089 4
0.000000000 339 46
0.000000000 1 63
0.000000000 1324 47
0.000000000 20 34
0.000000000 664 23
0.000000000 275 52
0.000000000 1702 45
0.000000000 502 41
0.000000000 327 4
0.000000000 760 20
0.000000000 769 22
0.000000000 1705 5
0.000000000 124 45
0.000000000 5 15
0.000000000 18 55
0.000000000 3136 63
0.000000000 28 28
0.000000000 1 53
0.000000000 3005 59
0.000000000 4 22
0.000000000 538 4
0.000000000 1 35
0.000000000 832 46
0.000000000 644 37
0.000000000 7 19
0.000000000 10 51
0.000000000 3740 31
0.000000000 5 43
0.000000000 1 36
0.000000000 2606 31
0.000000000 3378 12
0.000000000 1544 45
0.000000000 2 47
0.000000000 3 51
0.000000000 31 55
0.000000000 353 29
0.000000000 462 13
0.000000000 251 56
0.000000000 4 23
0.000000000 1 51
0.000000000 46 45
0.000000000 8 5
0.000000000 2549 9
0.000000000 64 25
0.000000000 257 40
0.000000000 249 46
0.000000000 19 37
0.000000000 101 62
0.000000000 1596 45
0.000000000 1 60
0.000000000 2432 30
0.000000000 52 23
0.000000000 2 44
0.000000000 5 18
0.000000000 176 37
0.000000000 13 2
0.000000000 55 52
0.000000000 174 15
0.000000000 1828 37
0.000000000 14 21
0.000000000 1 37
0.000000000 5 10
0.000000000 12 40
0.000000000 1 22
0.000000000 18 33
0.000000000 316 35
0.000000000 349 21
0.000000000 10 44
0.000000000 1 21
0.000000000 56 6
0.000000000 1131 38
0.000000000 5 44
0.000000000 27 56
0.000000000 130 12
0.000000000 1 15
0.000000000 1 5
0.000000000 47 21
0.000000000 30 48
0.000000000 107 27
0.000000000 2 55
0.000000000 32 42
0.000000000 4 49
0.000000000 123 58
0.000000000 22 47
0.000000000 890 55
0.000000000 1 63
0.000000000 327 34
0.000000000 2 60
0.000000000 2 15
0.000000000 32 50
0.000000000 33 13
0.000000000 27 41
0.000000000 2 47
0.000000000 27 35
0.000000000 3209 50
0.000000000 428 36
0.000000000 3 19
0.000000000 74 44
0.000000000 25 49
0.000000000 1 26
0.000000000 12 44
0.000000000 198 30
0.000000000 1798 10
0.000000000 131 31
0.000000000 87 42
0.000000000 3 55
0.000000000 1316 5
0.000000000 1 45
0.000000000 2 54
0.000000000 42 23
0.000000000 308 8
0.000000000 4 47
0.000000000 2 16
0.000000000 252 33
0.000000000 5 19
0.000000000 133 21
0.000000000 35 58
0.000000000 2438 5
0.000000000 6 14
0.000000000 1 64
0.000000000 5 59
0.000000000 31 20
0.000000000 2 4
0.000000000 33 35
0.000000000 10 23
0.000000000 341 63
0.000000000 2 17
0.000000000 1 61
0.000000000 533 8
0.000000000 2 23
0.000000000 3823 41
0.000000000 164 12
0.000000000 45 11
0.000000000 1 61
0.000000000 74 48
0.000000000 2688 21
0.000000000 748 4
0.000000000 14 54
0.000000000 61 28
0.000000000 335 46
0.000000000 114 43
0.000000000 3 13
0.000000000 195 43
0.000000000 5 46
0.000000000 19 55
0.000000000 83 64
0.000000000 1700 34
0.000000000 46 49
0.000000000 1 31
0.000000000 22 20
0.000000000 152 5
0.000000000 1132 5
0.000000000 3769 6
0.000000000 178 51
0.000000000 6 35
0.000000000 158 59
0.000000000 1606 25
0.000000000 284 25
0.000000000 5 47
0.000000000 9 14
0.000000000 2715 6
0.000000000 127 62
0.000000000 4 52
0.000000000 409 38
0.000000000 22 30
0.000000000 111 36
0.000000000 1072 12
0.000000000 5 15
0.000000000 1 34
0.000000000 1060 54
0.000000000 60 42
0.000000000 1 64
0.000000000 3 48
0.000000000 1064 43
0.000000000 2510 25
0.000000000 3 11
0.000000000 14 9
0.000000000 2 61
0.000000000 57 50
0.000000000 98 44
0.000000000 36 55
0.000000000 43 60
0.000000000 135 24
0.000000000 1 33
0.000000000 8 53
0.000000000 1 37
0.000000000 2 2
0.000000000 2022 2
0.000000000 23 51
0.000000000 34 52
0.000000000 674 51
0.000000000 96 5
0.000000000 3445 24
0.000000000 137 29
0.000000000 80 8
0.000000000 2195 9
0.000000000 163 18
0.000000000 3108 7
0.000000000 1 17
0.000000000 1076 30
0.000000000 651 30
0.000000000 86 55
0.000000000 520 4
0.000000000 57 4
0.000000000 30 41
0.000000000 4 50
0.000000000 472 21
0.000000000 3498 14
0.000000000 339 64
0.000000000 2 57
0.000000000 402 3
0.000000000 3 13
0.000000000 334 28
0.000000000 89 2
0.000000000 1 35
0.000000000 3076 14
0.000000000 816 14
0.000000000 367 36
0.000000000 2 23
0.000000000 100 26
0.000000000 3813 5
0.000000000 1020 48
0.000000000 29 62
0.000000000 1457 30
0.000000000 16 48
0.000000000 2 64
0.000000000 1 46
0.000000000 3493 46
0.000000000 45 29
0.000000000 1 9
0.000000000 56 44
0.000000000 151 33
0.000000000 19 46
0.000000000 1 32
0.000000000 63 54
0.000000000 51 47
0.000000000 13 47
0.000000000 79 22
0.000000000 1673 30
0.000000000 153 14
0.000000000 22 17
0.000000000 3 41
0.000000000 156 23
0.000000000 369 14
0.000000000 102 9
0.000000000 143 27
0.000000000 3 30
0.000000000 217 27
0.000000000 1 57
0.000000000 2 62
0.000000000 1073 56
0.000000000 2 37
0.000000000 2891 25
0.000000000 317 60
0.000000000 305 30
0.000000000 543 46
0.000000000 569 64
0.000000000 60 42
0.000000000 35 55
0.000000000 8 15
0.000000000 825 8
0.000000000 125 33
0.000000000 154 56
0.000000000 5 55
0.000000000 7 46
0.000000000 261 56
0.000000000 120 17
0.000000000 1 27
0.000000000 2 33
0.000000000 2 8
0.000000000 12 12
0.000000000 66 41
0.000000000 1 3
0.000000000 2792 19
0.000000000 1227 41
0.000000000 10 26
0.000000000 6 28
0.000000000 470 23
0.000000000 2 13
0.000000000 1 25
0.000000000 2501 50
0.000000000 12 51
0.000000000 464 20
0.000000000 951 34
0.000000000 62 4
0.000000000 1 19
0.000000000 183 29
0.000000000 127 14
0.000000000 189 62
0.000000000 510 1
0.000000000 1 44
0.000000000 131 64
0.000000000 135 25
0.000000000 6 44
0.000000000 492 8
0.000000000 2 14
0.000000000 10 19
0.000000000 2763 31
0.000000000 5 13
0.000000000 23 19
0.000000000 21 13
0.000000000 51 4
0.000000000 42 53
0.000000000 780 55
0.000000000 43 20
0.000000000 1408 18
0.000000000 22 55
0.000000000 721 51
0.000000000 102 57
0.000000000 1358 41
0.000000000 2 48
0.000000000 475 48
0.000000000 37 49
0.000000000 1379 50
0.000000000 244 54
0.000000000 2 7
0.000000000 21 24
0.000000000 2 51
0.000000000 1 24
0.000000000 87 23
0.000000000 2 8
0.000000000 72 37
0.000000000 221 4
0.000000000 1375 18
0.000000000 134 38
0.000000000 7 30
0.000000000 11 50
0.000000000 182 29
0.000000000 1271 62
0.000000000 25 6
0.000000000 52 6
0.000000000 518 18
0.000000000 1221 35
0.000000000 1688 37
0.000000000 1151 63
0.000000000 236 17
0.000000000 15 36
0.000000000 1846 7
0.000000000 2351 56
0.000000000 116 2
0.000000000 2 6
0.000000000 3 49
0.000000000 446 12
0.000000000 678 23
0.000000000 1818 59
0.000000000 683 47
0.000000000 258 60
0.000000000 3176 19
0.000000000 76 7
0.000000000 35 2
0.000000000 1 9
0.000000000 372 21
0.000000000 3 52
0.000000000 1 41
0.000000000 16 34
0.000000000 747 41
0.000000000 321 37
