3 6.733993780 0.003061570 0.001197468 25481.499791073 42
141932.713564020 2690.267986405 0.000414895 0.000205664 323.275273685 1.000000000 0.000000000
21
1 0.136823310 2.111175647 0.216013305 0.241007643 16.506172219 0.751361408
2 0.150979977 -1.000000000 -1.000000000 0.245422817 -1.000000000 0.756014427
4 0.179293310 2.811811388 0.249962511 0.254253165 16.552311115 -1.000000000
8 0.235919977 3.745992376 0.295228119 0.271913861 16.613829643 0.783932546
16 0.349173312 5.614354353 0.385759335 0.307235253 16.736866699 0.821156703
32 0.575679980 9.351078306 0.566821766 0.377878037 16.982940810 -1.000000000
64 1.028693318 16.824526213 0.928946629 0.519163606 17.475089032 1.044501649
128 1.934719992 31.771422026 1.653196354 0.801734742 18.459385477 1.342294911
256 3.746773341 61.665213653 3.101695805 1.366877016 20.427978367 1.937881433
512 7.370880040 121.452796907 5.998694707 2.497161563 24.365164146 3.129054478
663 9.508536725 156.718129217 7.707471403 3.163852839 26.687488571 3.831660454
937 13.387463426 220.709526918 10.808165540 4.373610519 30.901507725 5.106587854
1024 -1.000000000 241.027963415 11.792692511 4.757730658 32.239535705 5.511400569
1785 25.392316865 418.755896447 20.404474403 8.117678082 43.943435619 9.052348567
2048 29.115520231 480.178296430 23.380688118 9.278868847 47.988278822 10.276092750
2272 32.286613592 532.492431777 25.915562157 -1.000000000 51.433316379 11.318369164
2569 36.491143629 601.855370162 29.276533539 11.579174508 56.001067068 12.700316017
3373 47.873103729 789.625748818 38.374920715 15.128974415 68.366291157 16.441343863
3384 48.028827064 792.194746536 38.499401137 15.177541329 68.535467108 16.492527079
3709 52.629743771 868.096951839 42.177231774 16.612472883 73.533847492 18.004758484
4096 58.108373819 958.478962461 46.556679333 18.321145226 79.485765057 19.805477111
553
0.000000000 102 6
0.000000000 232 30
0.000000000 34 47
0.000000000 3 17
0.000000000 606 17
0.000000000 619 16
0.000000000 1913 34
0.000000000 1722 30
0.000000000 643 1
0.000000000 32 44
0.000000000 7 7
0.000000000 1277 33
0.000000000 7 40
0.000000000 6 14
0.000000000 259 40
0.000000000 236 62
0.000000000 464 47
0.000000000 304 24
0.000000000 1 34
0.000000000 44 45
0.000000000 418 13
0.000000000 18 5
0.000000000 3 40
0.000000000 5 7
0.000000000 719 17
0.000000000 111 5
0.000000000 8 1
0.000000000 387 54
0.000000000 13 1
0.000000000 8 19
0.000000000 29 13
0.000000000 16 38
0.000000000 1 8
0.000000000 2739 25
0.000000000 2015 10
0.000000000 95 40
0.000000000 50 8
0.000000000 1550 55
0.000000000 3 8
0.000000000 4 43
0.000000000 19 40
0.000000000 610 55
0.000000000 139 20
0.000000000 658 54
0.000000000 1 3
0.000000000 2383 41
0.000000000 40 7
0.000000000 814 23
0.000000000 319 12
0.000000000 22 42
0.000000000 609 14
0.000000000 265 63
0.000000000 5 58
0.000000000 3 47
0.000000000 643 31
0.000000000 190 43
0.000000000 9 42
0.000000000 8 10
0.000000000 238 58
0.000000000 11 2
0.000000000 36 17
0.000000000 1823 15
0.000000000 4 62
0.000000000 14 34
0.000000000 211 35
0.000000000 17 39
0.000000000 354 20
0.000000000 4012 33
0.000000000 750 14
0.000000000 5 52
0.000000000 10 61
0.000000000 1384 30
0.000000000 7 57
0.000000000 1838 63
0.000000000 3 61
0.000000000 26 22
0.000000000 3281 60
0.000000000 119 34
0.000000000 1193 56
0.000000000 516 58
0.000000000 2 58
0.000000000 142 36
0.000000000 8 26
0.000000000 268 23
0.000000000 466 1
0.000000000 6 25
0.000000000 144 53
0.000000000 8 9
0.000000000 63 49
0.000000000 1 2
0.000000000 2 19
0.000000000 4055 18
0.000000000 290 19
0.000000000 565 29
0.000000000 45 43
0.000000000 231 35
0.000000000 2 15
0.000000000 274 37
0.000000000 2109 26
0.000000000 156 53
0.000000000 4 47
0.000000000 7 21
0.000000000 1839 20
0.000000000 3 27
0.000000000 7 4
0.000000000 1373 23
0.000000000 358 50
0.000000000 1824 27
0.000000000 6 55
0.000000000 11 32
0.000000000 2385 18
0.000000000 472 7
0.000000000 768 48
0.000000000 27 49
0.000000000 2 6
0.000000000 23 7
0.000000000 1987 29
0.000000000 482 13
0.000000000 16 64
0.000000000 801 8
0.000000000 622 3
0.000000000 92 34
0.000000000 9 28
0.000000000 548 26
0.000000000 1147 59
0.000000000 405 27
0.000000000 417 47
0.000000000 8 23
0.000000000 36 49
0.000000000 1 33
0.000000000 174 2
0.000000000 49 30
0.000000000 1584 24
0.000000000 33 52
0.000000000 32 51
0.000000000 6 10
0.000000000 79 10
0.000000000 1 46
0.000000000 34 40
0.000000000 9 25
0.000000000 713 45
0.000000000 92 22
0.000000000 1058 49
0.000000000 1789 37
0.000000000 165 57
0.000000000 1091 28
0.000000000 11 58
0.000000000 15 31
0.000000000 751 2
0.000000000 718 50
0.000000000 15 48
0.000000000 182 38
0.000000000 188 25
0.000000000 67 46
0.000000000 1279 33
0.000000000 12 10
0.000000000 8 46
0.000000000 119 48
0.000000000 2228 58
0.000000000 913 33
0.000000000 3 47
0.000000000 7 44
0.000000000 2 5
0.000000000 2 22
0.000000000 458 19
0.000000000 1130 4
0.000000000 5 4
0.000000000 8 32
0.000000000 507 61
0.000000000 510 3
0.000000000 131 30
0.000000000 598 27
0.000000000 26 36
0.000000000 2 6
0.000000000 120 64
0.000000000 6 43
0.000000000 2 39
0.000000000 157 28
0.000000000 106 28
0.000000000 540 28
0.000000000 1 55
0.000000000 31 20
0.000000000 14 47
0.000000000 960 43
0.000000000 2620 31
0.000000000 43 17
0.000000000 25 4
0.000000000 2 36
0.000000000 14 27
0.000000000 2121 43
0.000000000 113 4
0.000000000 4 57
0.000000000 432 17
0.000000000 9 62
0.000000000 84 14
0.000000000 172 25
0.000000000 84 54
0.000000000 36 35
0.000000000 7 38
0.000000000 1 56
0.000000000 138 35
0.000000000 823 41
0.000000000 2 35
0.000000000 32 12
0.000000000 23 52
0.000000000 3 42
0.000000000 708 56
0.000000000 1446 62
0.000000000 2 7
0.000000000 811 9
0.000000000 985 45
0.000000000 67 48
0.000000000 2035 59
0.000000000 2 15
0.000000000 1009 32
0.000000000 2402 9
0.000000000 6 19
0.000000000 1693 19
0.000000000 1602 26
0.000000000 528 44
0.000000000 143 53
0.000000000 1 41
0.000000000 25 58
0.000000000 237 26
0.000000000 1958 11
0.000000000 1233 2
0.000000000 146 15
0.000000000 96 29
0.000000000 228 27
0.000000000 12 36
0.000000000 3 14
0.000000000 1232 21
0.000000000 1408 63
0.000000000 216 2
0.000000000 2416 52
0.000000000 16 47
0.000000000 796 59
0.000000000 15 35
0.000000000 13 25
0.000000000 6 38
0.000000000 25 34
0.000000000 66 14
0.000000000 54 56
0.000000000 21 54
0.000000000 33 12
0.000000000 136 12
0.000000000 1601 10
0.000000000 2 27
0.000000000 3 35
0.000000000 293 5
0.000000000 712 53
0.000000000 297 42
0.000000000 2 8
0.000000000 3 43
0.000000000 7 16
0.000000000 158 61
0.000000000 53 37
0.000000000 34 34
0.000000000 524 46
0.000000000 1 39
0.000000000 258 59
0.000000000 712 47
0.000000000 4 13
0.000000000 1 22
0.000000000 491 47
0.000000000 248 6
0.000000000 2259 45
0.000000000 31 57
0.000000000 1972 22
0.000000000 2856 36
0.000000000 10 18
0.000000000 42 43
0.000000000 21 56
0.000000000 74 51
0.000000000 1 45
0.000000000 251 19
0.000000000 1663 38
0.000000000 97 50
0.000000000 288 58
0.000000000 21 46
0.000000000 3863 39
0.000000000 4 19
0.000000000 10 59
0.000000000 345 58
0.000000000 9 50
0.000000000 281 51
0.000000000 1 54
0.000000000 465 42
0.000000000 178 19
0.000000000 471 2
0.000000000 488 62
0.000000000 2028 56
0.000000000 3 53
0.000000000 532 17
0.000000000 22 4
0.000000000 382 25
0.000000000 13 25
0.000000000 41 43
0.000000000 1 14
0.000000000 52 54
0.000000000 171 43
0.000000000 7 60
0.000000000 379 49
0.000000000 12 57
0.000000000 12 11
0.000000000 104 33
0.000000000 17 59
0.000000000 394 6
0.000000000 33 64
0.000000000 294 17
0.000000000 87 59
0.000000000 4 21
0.000000000 66 7
0.000000000 1496 42
0.000000000 17 39
0.000000000 911 26
0.000000000 81 52
0.000000000 2 29
0.000000000 666 43
0.000000000 32 23
0.000000000 2 48
0.000000000 327 59
0.000000000 453 6
0.000000000 26 47
0.000000000 43 22
0.000000000 4092 26
0.000000000 486 32
0.000000000 142 63
0.000000000 29 37
0.000000000 1057 21
0.000000000 2 32
0.000000000 2 42
0.000000000 73 54
0.000000000 171 15
0.000000000 1345 59
0.000000000 2769 49
0.000000000 276 30
0.000000000 2 41
0.000000000 1 31
0.000000000 1689 47
0.000000000 28 55
0.000000000 2901 43
0.000000000 3778 33
0.000000000 4 60
0.000000000 29 27
0.000000000 438 48
0.000000000 29 14
0.000000000 1 49
0.000000000 19 18
0.000000000 30 49
0.000000000 10 24
0.000000000 228 18
0.000000000 14 37
0.000000000 266 62
0.000000000 20 39
0.000000000 32 43
0.000000000 142 41
0.000000000 2 27
0.000000000 2 17
0.000000000 731 13
0.000000000 2 28
0.000000000 79 49
0.000000000 1987 44
0.000000000 1006 41
0.000000000 28 64
0.000000000 101 20
0.000000000 86 12
0.000000000 434 28
0.000000000 72 3
0.000000000 2338 17
0.000000000 11 58
0.000000000 17 12
0.000000000 1191 51
0.000000000 5 23
0.000000000 2422 57
0.000000000 146 44
0.000000000 2 50
0.000000000 79 22
0.000000000 3332 37
0.000000000 2884 28
0.000000000 3 2
0.000000000 797 51
0.000000000 434 12
0.000000000 14 45
0.000000000 27 3
0.000000000 8 19
0.000000000 39 54
0.000000000 118 4
0.000000000 1 3
0.000000000 3265 3
0.000000000 53 53
0.000000000 2529 37
0.000000000 1 37
0.000000000 1 31
0.000000000 42 21
0.000000000 24 15
0.000000000 2 22
0.000000000 149 11
0.000000000 200 55
0.000000000 227 24
0.000000000 11 23
0.000000000 26 1
0.000000000 210 45
0.000000000 135 9
0.000000000 136 31
0.000000000 42 39
0.000000000 6 3
0.000000000 58 28
0.000000000 480 29
0.000000000 21 13
0.000000000 4 57
0.000000000 23 19
0.000000000 12 21
0.000000000 1544 6
0.000000000 3 48
0.000000000 25 62
0.000000000 2 20
0.000000000 218 59
0.000000000 3 33
0.000000000 24 36
0.000000000 1 21
0.000000000 1 53
0.000000000 714 29
0.000000000 32 11
0.000000000 164 33
0.000000000 1 15
0.000000000 25 18
0.000000000 437 43
0.000000000 39 17
0.000000000 419 18
0.000000000 427 52
0.000000000 3 24
0.000000000 4 13
0.000000000 29 46
0.000000000 104 49
0.000000000 20 11
0.000000000 16 54
0.000000000 32 54
0.000000000 1474 53
0.000000000 143 41
0.000000000 156 16
0.000000000 2 34
0.000000000 16 15
0.000000000 101 8
0.000000000 148 42
0.000000000 19 18
0.000000000 1 31
0.000000000 18 44
0.000000000 42 31
0.000000000 39 29
0.000000000 134 10
0.000000000 79 41
0.000000000 569 32
0.000000000 28 28
0.000000000 1 63
0.000000000 26 35
0.000000000 12 42
0.000000000 2 15
0.000000000 1459 29
0.000000000 2 3
0.000000000 20 38
0.000000000 1039 36
0.000000000 97 29
0.000000000 42 21
0.000000000 126 12
0.000000000 2 51
0.000000000 1564 41
0.000000000 851 51
0.000000000 56 51
0.000000000 1405 51
0.000000000 1897 10
0.000000000 239 1
0.000000000 193 49
0.000000000 3681 60
0.000000000 8 6
0.000000000 377 56
0.000000000 10 55
0.000000000 35 33
0.000000000 3707 9
0.000000000 2 39
0.000000000 1 31
0.000000000 447 33
0.000000000 26 7
0.000000000 3 9
0.000000000 412 64
0.000000000 48 37
0.000000000 682 3
0.000000000 5 48
0.000000000 1300 9
0.000000000 312 30
0.000000000 130 27
0.000000000 3244 50
0.000000000 121 13
0.000000000 47 1
0.000000000 373 15
0.000000000 2040 46
0.000000000 1848 51
0.000000000 31 38
0.000000000 1 16
0.000000000 11 39
0.000000000 1 61
0.000000000 47 10
0.000000000 111 33
0.000000000 466 10
0.000000000 3083 12
0.000000000 16 35
0.000000000 5 42
0.000000000 263 52
0.000000000 6 52
0.000000000 32 47
0.000000000 2 49
0.000000000 1074 61
0.000000000 189 41
0.000000000 103 20
0.000000000 40 18
0.000000000 1413 47
0.000000000 72 24
0.000000000 135 58
0.000000000 17 11
0.000000000 1 3
0.000000000 9 14
0.000000000 122 22
0.000000000 123 46
0.000000000 123 24
0.000000000 38 49
0.000000000 1 63
0.000000000 3 10
0.000000000 77 35
0.000000000 519 21
0.000000000 15 29
0.000000000 7 32
0.000000000 22 54
0.000000000 10 13
0.000000000 1 24
0.000000000 4 12
0.000000000 954 47
0.000000000 3 24
0.000000000 1537 42
0.000000000 21 60
0.000000000 47 6
0.000000000 330 10
0.000000000 1 26
0.000000000 17 34
0.000000000 1 32
0.000000000 212 27
0.000000000 1 45
0.000000000 496 57
0.000000000 41 35
0.000000000 15 38
0.000000000 1 40
0.000000000 264 24
0.000000000 3 54
0.000000000 52 22
