4 1.726179968 1.144316257 0.002591021 85486.792945969 1
114846.354904690 946.578717123 0.000257166 0.000128323 594.848306303 1.000000000 0.000000000
21
1 0.290538526 3.356406844 0.383049825 0.249142482 5.075470465 0.782103196
2 0.294385026 -1.000000000 0.402190345 0.253981095 5.124667624 0.784265884
4 0.302078028 3.704786239 0.440471386 0.263658322 5.223061943 0.788591262
8 0.317464031 4.169292099 0.517033467 0.283012776 5.419850580 -1.000000000
16 -1.000000000 -1.000000000 0.670157629 -1.000000000 5.813427853 0.814543528
32 0.409780049 6.956327258 0.976405953 0.399139496 6.600582401 0.849146550
64 0.532868073 10.672374136 1.588902602 0.553975123 8.174891496 0.918352592
128 0.779044122 18.104467893 2.813895899 0.863646377 11.323509687 1.056764678
256 1.271396218 -1.000000000 5.263882492 1.482988884 -1.000000000 1.333588849
512 2.256100412 62.697030436 10.163855680 -1.000000000 30.215218832 1.887237192
1024 4.225508799 122.153780492 19.963802056 -1.000000000 -1.000000000 2.994533877
1055 4.344750322 125.753700906 20.557158184 5.349040945 56.929276294 3.061577231
1122 4.602465873 133.534174058 21.839573042 5.673228039 60.225485962 3.206477383
1418 5.741030097 167.907607684 27.505167041 7.105457588 74.787845094 3.846633279
2048 8.164325573 241.067280605 -1.000000000 10.153783994 105.782055410 -1.000000000
2353 9.337508303 276.485852417 45.401553489 11.629561063 120.787188975 5.868747343
2648 10.472226026 310.743159578 51.048006967 13.056951999 135.300350948 6.506740550
2882 11.372307203 337.916752377 55.526888709 14.189187521 146.812486208 7.012809738
3182 12.526257430 372.754691864 -1.000000000 15.640771524 161.571633977 7.661616390
3494 13.726365665 408.986148929 67.240887111 17.150418886 176.921147657 8.336375307
4096 16.041959120 478.894280832 78.763480311 20.063264118 206.537837514 9.638313988
501
0.000000000 227 42
0.000000000 165 4
0.000000000 2 2
0.000000000 18 43
0.000000000 1 32
0.000000000 3 45
0.000000000 7 9
0.000000000 1239 19
0.000000000 74 53
0.000000000 1 55
0.000000000 1761 36
0.000000000 8 62
0.000000000 48 17
0.000000000 194 20
0.000000000 13 27
0.000000000 1 9
0.000000000 8 3
0.000000000 11 49
0.000000000 123 45
0.000000000 115 23
0.000000000 4033 19
0.000000000 18 18
0.000000000 246 10
0.000000000 963 17
0.000000000 22 46
0.000000000 9 61
0.000000000 163 41
0.000000000 814 58
0.000000000 234 28
0.000000000 1 9
0.000000000 7 36
0.000000000 15 39
0.000000000 1743 25
0.000000000 2550 41
0.000000000 650 38
0.000000000 575 43
0.000000000 143 2
0.000000000 859 6
0.000000000 1395 38
0.000000000 93 22
0.000000000 498 40
0.000000000 1220 33
0.000000000 9 27
0.000000000 7 22
0.000000000 347 62
0.000000000 59 21
0.000000000 186 59
0.000000000 3455 9
0.000000000 2251 30
0.000000000 207 6
0.000000000 2 44
0.000000000 4 11
0.000000000 2492 7
0.000000000 32 42
0.000000000 23 52
0.000000000 87 25
0.000000000 526 35
0.000000000 1 42
0.000000000 1 14
0.000000000 29 2
0.000000000 803 42
0.000000000 957 24
0.000000000 3983 39
0.000000000 796 52
0.000000000 57 38
0.000000000 1429 23
0.000000000 4 63
0.000000000 1 64
0.000000000 19 13
0.000000000 488 32
0.000000000 69 49
0.000000000 981 60
0.000000000 46 16
0.000000000 1633 38
0.000000000 39 54
0.000000000 6 60
0.000000000 1342 64
0.000000000 1758 19
0.000000000 12 5
0.000000000 2 19
0.000000000 24 26
0.000000000 18 37
0.000000000 65 28
0.000000000 3913 29
0.000000000 3 41
0.000000000 254 8
0.000000000 34 11
0.000000000 115 34
0.000000000 90 62
0.000000000 3784 1
0.000000000 17 49
0.000000000 32 4
0.000000000 1070 13
0.000000000 2841 8
0.000000000 69 1
0.000000000 3 6
0.000000000 2 30
0.000000000 6 20
0.000000000 14 51
0.000000000 321 39
0.000000000 6 1
0.000000000 3309 23
0.000000000 129 34
0.000000000 16 29
0.000000000 10 22
0.000000000 551 29
0.000000000 122 20
0.000000000 52 9
0.000000000 1 35
0.000000000 42 35
0.000000000 2 43
0.000000000 58 35
0.000000000 1 31
0.000000000 19 41
0.000000000 2813 51
0.000000000 186 27
0.000000000 26 27
0.000000000 211 19
0.000000000 223 59
0.000000000 150 5
0.000000000 26 56
0.000000000 2435 44
0.000000000 2336 63
0.000000000 380 18
0.000000000 523 51
0.000000000 2842 3
0.000000000 10 63
0.000000000 9 41
0.000000000 1 39
0.000000000 47 1
0.000000000 367 59
0.000000000 902 56
0.000000000 119 17
0.000000000 55 39
0.000000000 768 4
0.000000000 56 3
0.000000000 64 4
0.000000000 163 58
0.000000000 9 43
0.000000000 1925 2
0.000000000 49 51
0.000000000 851 33
0.000000000 81 6
0.000000000 14 34
0.000000000 3 3
0.000000000 127 30
0.000000000 11 43
0.000000000 4 33
0.000000000 65 24
0.000000000 110 14
0.000000000 3 53
0.000000000 86 60
0.000000000 117 47
0.000000000 2073 9
0.000000000 12 54
0.000000000 274 64
0.000000000 159 11
0.000000000 204 30
0.000000000 108 29
0.000000000 3729 28
0.000000000 1794 41
0.000000000 1 15
0.000000000 19 44
0.000000000 29 20
0.000000000 6 10
0.000000000 38 31
0.000000000 1 39
0.000000000 57 47
0.000000000 331 64
0.000000000 35 23
0.000000000 564 27
0.000000000 1 28
0.000000000 2 27
0.000000000 199 15
0.000000000 2 56
0.000000000 3310 51
0.000000000 3 28
0.000000000 4 17
0.000000000 2 32
0.000000000 2 19
0.000000000 280 59
0.000000000 15 48
0.000000000 7 47
0.000000000 17 37
0.000000000 3609 8
0.000000000 199 29
0.000000000 11 34
0.000000000 21 16
0.000000000 92 54
0.000000000 2 40
0.000000000 1888 46
0.000000000 1 45
0.000000000 312 44
0.000000000 3165 30
0.000000000 527 2
0.000000000 29 11
0.000000000 11 51
0.000000000 43 63
0.000000000 2 51
0.000000000 14 54
0.000000000 2 64
0.000000000 770 32
0.000000000 44 52
0.000000000 2817 52
0.000000000 64 45
0.000000000 43 35
0.000000000 8 4
0.000000000 369 9
0.000000000 6 12
0.000000000 16 38
0.000000000 4 16
0.000000000 1281 63
0.000000000 20 44
0.000000000 1920 42
0.000000000 209 54
0.000000000 35 14
0.000000000 12 56
0.000000000 90 35
0.000000000 2 49
0.000000000 610 55
0.000000000 1163 25
0.000000000 2 18
0.000000000 56 29
0.000000000 2 47
0.000000000 687 52
0.000000000 4 56
0.000000000 111 50
0.000000000 2 51
0.000000000 51 31
0.000000000 3 18
0.000000000 637 39
0.000000000 2 6
0.000000000 4068 55
0.000000000 1158 26
0.000000000 2 35
0.000000000 49 27
0.000000000 773 29
0.000000000 85 24
0.000000000 4 42
0.000000000 91 15
0.000000000 298 5
0.000000000 26 9
0.000000000 291 57
0.000000000 733 8
0.000000000 102 16
0.000000000 9 56
0.000000000 72 2
0.000000000 114 25
0.000000000 11 32
0.000000000 2120 48
0.000000000 3078 43
0.000000000 44 18
0.000000000 12 32
0.000000000 1 53
0.000000000 39 41
0.000000000 56 30
0.000000000 2 9
0.000000000 681 23
0.000000000 321 45
0.000000000 25 60
0.000000000 206 21
0.000000000 10 26
0.000000000 33 45
0.000000000 48 47
0.000000000 12 18
0.000000000 10 39
0.000000000 18 28
0.000000000 2 14
0.000000000 175 8
0.000000000 1 52
0.000000000 29 57
0.000000000 7 60
0.000000000 516 34
0.000000000 7 36
0.000000000 3 48
0.000000000 556 6
0.000000000 97 27
0.000000000 115 17
0.000000000 3 46
0.000000000 5 10
0.000000000 190 57
0.000000000 1 26
0.000000000 275 59
0.000000000 30 51
0.000000000 16 28
0.000000000 6 14
0.000000000 2 5
0.000000000 59 44
0.000000000 39 46
0.000000000 4 42
0.000000000 2 41
0.000000000 14 42
0.000000000 3 24
0.000000000 458 14
0.000000000 304 50
0.000000000 321 51
0.000000000 20 64
0.000000000 72 22
0.000000000 128 25
0.000000000 139 50
0.000000000 2961 25
0.000000000 2068 54
0.000000000 1770 54
0.000000000 1 28
0.000000000 1063 53
0.000000000 24 10
0.000000000 2721 24
0.000000000 1448 19
0.000000000 207 38
0.000000000 1630 38
0.000000000 394 5
0.000000000 2400 38
0.000000000 20 11
0.000000000 3 63
0.000000000 1 53
0.000000000 3446 10
0.000000000 47 49
0.000000000 405 38
0.000000000 88 33
0.000000000 17 58
0.000000000 248 39
0.000000000 423 28
0.000000000 1381 15
0.000000000 19 58
0.000000000 678 16
0.000000000 330 57
0.000000000 28 26
0.000000000 1419 23
0.000000000 13 6
0.000000000 56 48
0.000000000 152 46
0.000000000 1346 32
0.000000000 1243 9
0.000000000 3754 2
0.000000000 6 64
0.000000000 207 4
0.000000000 232 55
0.000000000 10 11
0.000000000 2 8
0.000000000 3 47
0.000000000 75 49
0.000000000 2035 1
0.000000000 60 12
0.000000000 385 15
0.000000000 8 43
0.000000000 2321 33
0.000000000 8 64
0.000000000 12 60
0.000000000 190 25
0.000000000 194 9
0.000000000 1 54
0.000000000 434 24
0.000000000 3855 26
0.000000000 2 10
0.000000000 214 51
0.000000000 24 19
0.000000000 4 51
0.000000000 643 22
0.000000000 14 47
0.000000000 6 24
0.000000000 6 26
0.000000000 107 63
0.000000000 56 27
0.000000000 292 38
0.000000000 439 56
0.000000000 449 26
0.000000000 2703 38
0.000000000 3 12
0.000000000 71 43
0.000000000 37 59
0.000000000 1642 26
0.000000000 17 32
0.000000000 24 29
0.000000000 3883 19
0.000000000 5 17
0.000000000 33 52
0.000000000 229 64
0.000000000 3 40
0.000000000 1 47
0.000000000 2333 4
0.000000000 328 6
0.000000000 72 21
0.000000000 11 9
0.000000000 385 7
0.000000000 4 32
0.000000000 42 30
0.000000000 2 62
0.000000000 1 40
0.000000000 26 36
0.000000000 253 47
0.000000000 2 41
0.000000000 2 20
0.000000000 71 29
0.000000000 1 3
0.000000000 87 9
0.000000000 154 39
0.000000000 186 7
0.000000000 1131 57
0.000000000 15 64
0.000000000 1221 34
0.000000000 1 2
0.000000000 358 50
0.000000000 1170 36
0.000000000 3 3
0.000000000 2 10
0.000000000 179 20
0.000000000 641 7
0.000000000 59 56
0.000000000 123 36
0.000000000 3 56
0.000000000 367 60
0.000000000 499 24
0.000000000 2 57
0.000000000 2022 48
0.000000000 373 61
0.000000000 75 47
0.000000000 1 46
0.000000000 165 43
0.000000000 2 12
0.000000000 2 7
0.000000000 3064 51
0.000000000 95 26
0.000000000 243 37
0.000000000 602 36
0.000000000 23 36
0.000000000 34 25
0.000000000 13 29
0.000000000 8 43
0.000000000 613 50
0.000000000 1136 24
0.000000000 420 51
0.000000000 215 56
0.000000000 111 35
0.000000000 136 7
0.000000000 6 11
0.000000000 1332 5
0.000000000 38 17
0.000000000 426 13
0.000000000 199 42
0.000000000 133 33
0.000000000 2 51
0.000000000 1 27
0.000000000 268 63
0.000000000 1 24
0.000000000 4 37
0.000000000 119 20
0.000000000 19 57
0.000000000 653 47
0.000000000 1 64
0.000000000 2 18
0.000000000 108 5
0.000000000 1 37
0.000000000 95 17
0.000000000 1128 27
0.000000000 506 36
0.000000000 209 44
0.000000000 20 3
0.000000000 2684 36
0.000000000 7 6
0.000000000 37 25
0.000000000 241 45
0.000000000 2 14
0.000000000 325 18
0.000000000 1208 59
0.000000000 195 60
0.000000000 52 47
0.000000000 756 60
0.000000000 1 57
0.000000000 51 62
0.000000000 2 60
0.000000000 1 28
0.000000000 1 53
0.000000000 328 57
0.000000000 1 14
0.000000000 64 61
0.000000000 1 44
0.000000000 2 39
0.000000000 1 31
0.000000000 43 13
0.000000000 3 22
0.000000000 126 45
0.000000000 707 29
0.000000000 94 36
0.000000000 1168 27
0.000000000 2028 16
0.000000000 2549 54
0.000000000 2 35
0.000000000 36 19
0.000000000 6 39
0.000000000 1392 57
0.000000000 64 47
0.000000000 544 36
0.000000000 15 2
0.000000000 2255 37
0.000000000 94 1
0.000000000 36 44
0.000000000 7 56
0.000000000 690 22
0.000000000 1 2
0.000000000 2 44
0.000000000 1 41
