8 8.286710678 0.561928134 0.001795279 320337.691336677 28
148285.432342541 8037.604677806 0.000059871 0.000029893 283.711854807 0.500000000 0.500000000
21
1 0.165458254 4.161092620 0.277684600 0.876770647 17.960929885 0.534923716
2 0.184677626 4.306057399 0.295918132 0.885880307 18.002582585 0.539516255
4 0.223116372 4.595986959 0.332385196 0.904099628 18.085887985 0.548701334
8 0.299993863 5.175846077 -1.000000000 0.940538269 18.252498785 0.567071492
16 0.453748846 6.335564314 0.551187584 1.013415551 18.585720386 0.603811807
32 0.761258811 8.655000788 0.842924100 1.159170116 19.252163586 0.677292438
64 1.376278742 -1.000000000 1.426397133 1.450679246 20.585049988 0.824253700
128 2.606318603 22.571619631 2.593343199 -1.000000000 -1.000000000 1.118176223
256 5.066398325 41.127111421 4.927235330 3.199734024 28.582368396 1.706021270
509 -1.000000000 77.803200664 9.540318997 5.504478080 39.120501507 2.867933745
512 9.986557770 78.238095002 9.595019594 5.531807060 39.245459607 2.881711364
865 16.770996379 129.410662206 16.031456488 8.747517147 53.948862722 4.502877782
1024 19.826876659 152.460062165 18.930588120 10.195953134 60.571642029 5.233091551
1283 24.804694222 190.005940085 23.653072980 12.555355152 71.359691340 6.422559263
1713 33.069024538 252.340795319 31.493491859 16.472509082 89.270352358 8.397351217
2048 39.507514436 300.903996490 37.601725172 19.524245282 103.224006872 -1.000000000
2224 42.890124055 326.417797702 40.810826853 21.127545495 -1.000000000 10.744138865
2372 45.734591233 347.872585084 43.509389630 22.475775220 -1.000000000 11.423834700
3198 61.609793191 467.613493046 58.570287291 30.000354628 151.124611921 15.217272268
3809 73.352829990 556.186973390 -1.000000000 35.566357072 176.574411647 18.023313858
4096 78.868789992 597.791865139 74.943999277 38.180829578 188.528736559 19.341372674
60
0.000000000 112 43
0.000000000 3457 16
0.000000000 74 28
0.000000000 4 57
0.000000000 2 7
0.000000000 2 57
0.000000000 171 48
0.000000000 1472 2
0.000000000 20 63
0.000000000 618 27
0.000000000 13 10
0.000000000 2 44
0.000000000 13 45
0.000000000 3 64
0.000000000 3309 49
0.000000000 239 18
0.000000000 1442 50
0.000000000 5 23
0.000000000 8 37
0.000000000 395 59
0.000000000 2327 12
0.000000000 8 24
0.000000000 12 39
0.000000000 296 16
0.000000000 11 2
0.000000000 36 16
0.000000000 18 14
0.000000000 74 61
0.000000000 1 60
0.000000000 4 60
0.000000000 1442 31
0.000000000 76 31
0.000000000 5 45
0.000000000 423 19
0.000000000 720 37
0.000000000 3 63
0.000000000 322 18
0.000000000 1 25
0.000000000 707 34
0.000000000 38 15
0.000000000 3 52
0.000000000 34 42
0.000000000 18 42
0.000000000 4 55
0.000000000 7 31
0.000000000 503 2
0.000000000 74 42
0.000000000 2 54
0.000000000 12 60
0.000000000 1 40
0.000000000 8 4
0.000000000 1342 47
0.000000000 142 22
0.000000000 1 43
0.000000000 46 50
0.000000000 2212 35
0.000000000 3 4
0.000000000 22 3
0.000000000 43 53
0.000000000 24 42
