1 7.314451960 0.236715568 0.001506690 34941.541410653 41
132610.052693621 1062.026931583 0.000303344 0.000150609 347.178058802 0.500000000 0.500000000
21
1 0.135613728 3.632479951 0.147751177 0.333014932 18.065264343 0.101063885
2 0.150588821 3.902717017 0.154109337 0.336164123 -1.000000000 0.105509292
4 0.180539007 4.443191149 0.166825656 0.342462505 18.195482775 0.114400107
8 0.240439378 5.524139413 0.192258296 0.355059268 18.369107349 0.132181735
16 0.360240121 7.686035941 0.243123576 0.380252795 18.716356499 0.167744992
32 0.599841607 12.009828997 0.344854135 0.430639849 19.410854799 0.238871506
36 0.659741978 13.090777261 -1.000000000 0.443236613 19.584479374 -1.000000000
64 1.079044578 20.657415109 -1.000000000 -1.000000000 20.799851398 0.381124533
128 2.037450521 37.952587333 0.955237488 0.732962173 23.577844597 -1.000000000
256 -1.000000000 72.542931782 1.769081959 1.136058604 29.133830994 1.234642698
349 5.346946041 97.674978920 2.360390833 -1.000000000 33.170602360 1.648065559
512 7.787886176 141.723620678 3.396770901 1.942251467 40.245803788 2.372666918
1024 15.455133716 280.084998470 6.652148786 3.554637192 62.469749376 4.648715357
1578 23.751335157 429.796333034 10.174569387 5.299288934 86.516753001 7.111470895
1664 25.039193142 453.036720711 10.721371141 5.570119348 -1.000000000 7.493775906
1823 27.420232905 496.004414205 -1.000000000 6.070840697 97.151258214 8.200595636
2048 30.789628797 556.807754055 13.162904554 6.779408642 106.917640552 -1.000000000
2557 38.411951059 694.358420649 -1.000000000 -1.000000000 129.011367709 11.463524454
3013 45.240593400 -1.000000000 19.298528887 9.818377832 148.804569249 13.490630095
3209 -1.000000000 870.552987682 20.544728234 10.435619242 157.312173419 14.361929889
4096 61.458618959 1110.253265224 26.184416092 13.228951543 195.813422905 18.305005994
393
0.000000000 7 51
0.000000000 4 15
0.000000000 187 43
0.000000000 1 21
0.000000000 6 52
0.000000000 35 21
0.000000000 10 41
0.000000000 5 14
0.000000000 9 23
0.000000000 2 59
0.000000000 269 32
0.000000000 132 56
0.000000000 4013 41
0.000000000 5 38
0.000000000 4 32
0.000000000 1 45
0.000000000 32 25
0.000000000 9 20
0.000000000 550 42
0.000000000 25 25
0.000000000 25 36
0.000000000 1330 13
0.000000000 49 20
0.000000000 4 47
0.000000000 3330 28
0.000000000 1322 23
0.000000000 3536 52
0.000000000 3 3
0.000000000 7 4
0.000000000 1 49
0.000000000 2785 10
0.000000000 11 2
0.000000000 728 57
0.000000000 568 29
0.000000000 1009 37
0.000000000 19 52
0.000000000 15 22
0.000000000 2104 61
0.000000000 117 43
0.000000000 785 40
0.000000000 2957 64
0.000000000 25 53
0.000000000 99 41
0.000000000 7 62
0.000000000 5 60
0.000000000 89 38
0.000000000 37 61
0.000000000 30 17
0.000000000 358 51
0.000000000 37 12
0.000000000 2850 32
0.000000000 2403 54
0.000000000 612 5
0.000000000 15 23
0.000000000 30 50
0.000000000 108 22
0.000000000 183 9
0.000000000 802 14
0.000000000 600 15
0.000000000 1460 32
0.000000000 1 27
0.000000000 182 12
0.000000000 2 57
0.000000000 1029 45
0.000000000 1 14
0.000000000 19 1
0.000000000 100 39
0.000000000 7 37
0.000000000 20 43
0.000000000 236 64
0.000000000 3382 23
0.000000000 1107 49
0.000000000 1639 10
0.000000000 71 62
0.000000000 227 31
0.000000000 211 24
0.000000000 4 56
0.000000000 1 2
0.000000000 19 45
0.000000000 32 7
0.000000000 884 43
0.000000000 5 2
0.000000000 2874 22
0.000000000 2690 60
0.000000000 1 23
0.000000000 1 44
0.000000000 52 25
0.000000000 2 58
0.000000000 62 22
0.000000000 2473 49
0.000000000 1 33
0.000000000 56 7
0.000000000 2943 60
0.000000000 3477 61
0.000000000 4 6
0.000000000 54 19
0.000000000 4 64
0.000000000 1 58
0.000000000 8 30
0.000000000 252 33
0.000000000 2146 11
0.000000000 14 39
0.000000000 1139 49
0.000000000 32 38
0.000000000 122 57
0.000000000 9 11
0.000000000 48 57
0.000000000 1 23
0.000000000 29 47
0.000000000 4 43
0.000000000 1310 29
0.000000000 778 18
0.000000000 2 2
0.000000000 998 34
0.000000000 130 61
0.000000000 95 46
0.000000000 1711 57
0.000000000 1992 58
0.000000000 3 49
0.000000000 52 60
0.000000000 4 15
0.000000000 100 52
0.000000000 783 8
0.000000000 1 25
0.000000000 2590 23
0.000000000 1 14
0.000000000 3 12
0.000000000 4 7
0.000000000 1236 4
0.000000000 19 7
0.000000000 3180 33
0.000000000 168 44
0.000000000 3114 19
0.000000000 18 42
0.000000000 1137 26
0.000000000 28 33
0.000000000 2571 43
0.000000000 798 54
0.000000000 162 39
0.000000000 3181 52
0.000000000 136 63
0.000000000 2992 54
0.000000000 59 62
0.000000000 1426 24
0.000000000 7 29
0.000000000 1 47
0.000000000 173 56
0.000000000 2355 62
0.000000000 2057 2
0.000000000 1 4
0.000000000 325 17
0.000000000 51 50
0.000000000 2760 31
0.000000000 13 28
0.000000000 341 28
0.000000000 195 35
0.000000000 28 63
0.000000000 7 42
0.000000000 128 56
0.000000000 132 4
0.000000000 326 46
0.000000000 34 19
0.000000000 1325 57
0.000000000 3 8
0.000000000 1 40
0.000000000 92 37
0.000000000 254 51
0.000000000 1239 11
0.000000000 8 54
0.000000000 52 3
0.000000000 18 19
0.000000000 3068 58
0.000000000 220 45
0.000000000 1566 63
0.000000000 508 63
0.000000000 3648 57
0.000000000 172 13
0.000000000 540 21
0.000000000 7 32
0.000000000 353 40
0.000000000 606 21
0.000000000 1 47
0.000000000 5 64
0.000000000 1130 49
0.000000000 1590 17
0.000000000 25 2
0.000000000 336 19
0.000000000 6 18
0.000000000 11 13
0.000000000 319 49
0.000000000 1229 46
0.000000000 15 16
0.000000000 2 25
0.000000000 2 36
0.000000000 1 48
0.000000000 5 45
0.000000000 2098 34
0.000000000 39 12
0.000000000 15 60
0.000000000 126 42
0.000000000 48 54
0.000000000 30 55
0.000000000 371 7
0.000000000 441 22
0.000000000 1037 27
0.000000000 21 55
0.000000000 2 13
0.000000000 1 30
0.000000000 891 10
0.000000000 48 42
0.000000000 855 8
0.000000000 737 18
0.000000000 37 36
0.000000000 3688 10
0.000000000 6 58
0.000000000 1217 32
0.000000000 16 39
0.000000000 202 64
0.000000000 698 14
0.000000000 3 13
0.000000000 722 58
0.000000000 4 59
0.000000000 2683 28
0.000000000 4 30
0.000000000 1522 8
0.000000000 929 31
0.000000000 5 4
0.000000000 676 13
0.000000000 12 60
0.000000000 219 60
0.000000000 1716 43
0.000000000 139 47
0.000000000 110 53
0.000000000 22 36
0.000000000 174 20
0.000000000 1 55
0.000000000 552 64
0.000000000 337 35
0.000000000 876 55
0.000000000 152 50
0.000000000 2 2
0.000000000 14 58
0.000000000 19 17
0.000000000 39 19
0.000000000 12 1
0.000000000 518 10
0.000000000 29 18
0.000000000 567 29
0.000000000 19 5
0.000000000 18 55
0.000000000 2 27
0.000000000 1243 61
0.000000000 1825 31
0.000000000 1891 33
0.000000000 73 12
0.000000000 2346 14
0.000000000 23 59
0.000000000 16 30
0.000000000 2302 56
0.000000000 18 52
0.000000000 3332 64
0.000000000 1043 43
0.000000000 264 54
0.000000000 1 46
0.000000000 897 33
0.000000000 2 44
0.000000000 21 37
0.000000000 24 8
0.000000000 1041 11
0.000000000 329 53
0.000000000 3 31
0.000000000 1511 49
0.000000000 344 7
0.000000000 96 43
0.000000000 2577 41
0.000000000 10 17
0.000000000 17 16
0.000000000 130 12
0.000000000 75 59
0.000000000 229 42
0.000000000 4 34
0.000000000 1 54
0.000000000 29 64
0.000000000 431 20
0.000000000 1308 39
0.000000000 2 27
0.000000000 1 44
0.000000000 1 10
0.000000000 2186 14
0.000000000 4 16
0.000000000 1175 36
0.000000000 302 34
0.000000000 616 57
0.000000000 660 38
0.000000000 283 19
0.000000000 63 41
0.000000000 2 54
0.000000000 3 29
0.000000000 226 55
0.000000000 221 52
0.000000000 10 12
0.000000000 170 51
0.000000000 3562 52
0.000000000 16 10
0.000000000 1 52
0.000000000 2268 51
0.000000000 2798 38
0.000000000 215 53
0.000000000 12 14
0.000000000 3 58
0.000000000 2143 34
0.000000000 138 41
0.000000000 20 10
0.000000000 46 40
0.000000000 1 52
0.000000000 84 43
0.000000000 8 60
0.000000000 132 33
0.000000000 10 51
0.000000000 111 25
0.000000000 5 29
0.000000000 4 20
0.000000000 564 36
0.000000000 137 26
0.000000000 1 21
0.000000000 2252 2
0.000000000 8 58
0.000000000 1 35
0.000000000 103 42
0.000000000 439 2
0.000000000 22 26
0.000000000 31 6
0.000000000 151 32
0.000000000 8 3
0.000000000 20 37
0.000000000 1857 25
0.000000000 985 9
0.000000000 816 63
0.000000000 298 9
0.000000000 10 1
0.000000000 2 44
0.000000000 200 34
0.000000000 946 58
0.000000000 462 1
0.000000000 24 40
0.000000000 314 24
0.000000000 11 46
0.000000000 1 10
0.000000000 2 40
0.000000000 181 46
0.000000000 75 23
0.000000000 3 41
0.000000000 3324 17
0.000000000 2041 18
0.000000000 60 23
0.000000000 1410 21
0.000000000 2566 13
0.000000000 21 55
0.000000000 324 16
0.000000000 1500 26
0.000000000 10 53
0.000000000 965 59
0.000000000 1 45
0.000000000 9 18
0.000000000 1 62
0.000000000 45 17
0.000000000 381 31
0.000000000 1498 42
0.000000000 6 5
0.000000000 11 24
0.000000000 54 50
0.000000000 1 21
0.000000000 214 44
0.000000000 606 24
0.000000000 1635 54
0.000000000 1548 18
0.000000000 659 10
0.000000000 11 58
0.000000000 3 21
0.000000000 314 23
0.000000000 1942 53
0.000000000 24 53
0.000000000 2334 1
0.000000000 17 48
0.000000000 51 59
0.000000000 2563 19
0.000000000 187 38
0.000000000 37 53
0.000000000 2 60
0.000000000 389 32
0.000000000 408 27
0.000000000 1 47
0.000000000 1184 63
