3 7.200471548 18.134006925 18.302660863 88.833106573 52
360.755211075 98.617377326 0.558987883 0.014417881 1458.185657928 0.500000000 0.500000000
21
1 0.118341007 2.403279810 0.336624693 0.078997157 3.762575511 0.440341599
2 0.124220431 2.776536838 0.355380907 0.087672445 3.783888291 0.441523862
4 0.135979279 3.523050893 0.392893335 0.105023022 3.826513851 0.443888388
8 -1.000000000 5.016079004 0.467918192 0.139724175 3.911764970 0.448617441
16 0.206532369 8.002135225 0.617967906 0.209126481 4.082267209 0.458075545
32 0.300603156 13.974247667 0.918067333 0.347931093 4.423271687 0.476991753
64 0.488744730 25.918472551 1.518266188 0.625540316 5.105280642 0.514824171
128 0.865027877 -1.000000000 -1.000000000 -1.000000000 6.469298553 0.590489005
256 1.617594171 -1.000000000 5.119459316 2.291195658 -1.000000000 0.741818674
512 3.122726760 193.137620931 9.921050154 4.512069448 14.653406017 1.044478012
1024 6.132991937 384.245219079 19.524231830 8.953817027 -1.000000000 1.649796689
2037 12.088848625 762.354588072 -1.000000000 17.741884014 47.155395294 2.847429148
2048 12.153522291 766.460415376 38.730595182 -1.000000000 47.389835872 2.860434041
2677 -1.000000000 1001.239085757 -1.000000000 23.294068488 60.795574400 3.604077493
2752 16.292636909 1029.233362830 51.934969987 23.944715106 62.394032889 3.692747221
3125 18.485662126 1168.458234137 58.931037887 27.180597620 70.343699775 4.133731335
3491 20.637531374 1305.070306251 65.795812288 30.355753116 78.144177201 4.566439607
3864 22.830556591 1444.295177558 72.791880189 -1.000000000 86.093844087 5.007423721
3933 -1.000000000 1470.049912465 74.086058969 34.190230518 87.564425897 5.088999871
4078 24.088753364 1524.172181472 76.805710030 35.448147313 90.654778975 5.260428011
4096 24.194582999 1530.890807969 77.143321886 35.604302501 91.038409013 5.281708746
461
0.000000000 7 59
0.000000000 11 38
0.000000000 1 6
0.000000000 1 10
0.000000000 923 20
0.000000000 2 28
0.000000000 391 63
0.000000000 1 31
0.000000000 68 29
0.000000000 1256 57
0.000000000 472 16
0.000000000 7 6
0.000000000 11 33
0.000000000 82 11
0.000000000 20 2
0.000000000 20 10
0.000000000 4 33
0.000000000 33 35
0.000000000 20 44
0.000000000 6 8
0.000000000 1629 16
0.000000000 3 55
0.000000000 7 24
0.000000000 415 42
0.000000000 32 51
0.000000000 5 40
0.000000000 839 23
0.000000000 2 42
0.000000000 882 17
0.000000000 37 56
0.000000000 17 27
0.000000000 26 40
0.000000000 4 23
0.000000000 1 55
0.000000000 15 62
0.000000000 1273 63
0.000000000 1094 18
0.000000000 384 9
0.000000000 170 62
0.000000000 444 8
0.000000000 4 18
0.000000000 15 58
0.000000000 2 48
0.000000000 2671 62
0.000000000 7 35
0.000000000 66 35
0.000000000 1257 60
0.000000000 48 27
0.000000000 1 21
0.000000000 22 38
0.000000000 30 3
0.000000000 1 4
0.000000000 3 7
0.000000000 1 51
0.000000000 927 50
0.000000000 277 3
0.000000000 3254 36
0.000000000 7 26
0.000000000 9 60
0.000000000 1 59
0.000000000 290 40
0.000000000 615 2
0.000000000 31 28
0.000000000 2 45
0.000000000 171 10
0.000000000 708 26
0.000000000 1120 57
0.000000000 115 16
0.000000000 151 51
0.000000000 209 55
0.000000000 2001 38
0.000000000 20 23
0.000000000 2 32
0.000000000 49 15
0.000000000 916 3
0.000000000 2 59
0.000000000 1 51
0.000000000 6 41
0.000000000 3038 55
0.000000000 5 11
0.000000000 129 48
0.000000000 1 36
0.000000000 396 20
0.000000000 15 47
0.000000000 292 22
0.000000000 205 1
0.000000000 1 5
0.000000000 2 3
0.000000000 11 2
0.000000000 5 62
0.000000000 67 53
0.000000000 1634 16
0.000000000 67 57
0.000000000 598 45
0.000000000 304 9
0.000000000 1026 63
0.000000000 2300 49
0.000000000 13 4
0.000000000 39 22
0.000000000 478 55
0.000000000 291 13
0.000000000 930 26
0.000000000 1734 33
0.000000000 1296 54
0.000000000 21 34
0.000000000 4 41
0.000000000 2397 40
0.000000000 1305 37
0.000000000 575 2
0.000000000 164 53
0.000000000 5 28
0.000000000 1 54
0.000000000 1 3
0.000000000 2 35
0.000000000 8 19
0.000000000 598 9
0.000000000 977 12
0.000000000 2677 42
0.000000000 1733 20
0.000000000 1025 21
0.000000000 2294 14
0.000000000 1741 57
0.000000000 138 45
0.000000000 18 36
0.000000000 1 57
0.000000000 10 28
0.000000000 536 20
0.000000000 1 49
0.000000000 352 9
0.000000000 1 12
0.000000000 142 27
0.000000000 22 64
0.000000000 1 12
0.000000000 5 31
0.000000000 15 35
0.000000000 1 10
0.000000000 9 47
0.000000000 22 43
0.000000000 18 29
0.000000000 897 8
0.000000000 1206 32
0.000000000 65 40
0.000000000 796 59
0.000000000 2 52
0.000000000 66 50
0.000000000 67 46
0.000000000 32 19
0.000000000 1832 24
0.000000000 2404 51
0.000000000 263 23
0.000000000 57 42
0.000000000 1591 44
0.000000000 1 19
0.000000000 2 46
0.000000000 3 44
0.000000000 282 64
0.000000000 3726 48
0.000000000 485 53
0.000000000 1 10
0.000000000 1129 2
0.000000000 1051 63
0.000000000 211 50
0.000000000 589 50
0.000000000 18 8
0.000000000 1 1
0.000000000 2 34
0.000000000 2089 28
0.000000000 207 23
0.000000000 1 4
0.000000000 10 25
0.000000000 2 46
0.000000000 1712 22
0.000000000 1487 24
0.000000000 2063 9
0.000000000 8 24
0.000000000 1 32
0.000000000 18 38
0.000000000 45 56
0.000000000 206 61
0.000000000 54 15
0.000000000 2 28
0.000000000 20 32
0.000000000 1 56
0.000000000 2 39
0.000000000 72 19
0.000000000 106 38
0.000000000 1250 61
0.000000000 3260 40
0.000000000 10 57
0.000000000 1 42
0.000000000 173 48
0.000000000 1 51
0.000000000 487 26
0.000000000 217 57
0.000000000 1 28
0.000000000 25 56
0.000000000 130 9
0.000000000 1 23
0.000000000 103 24
0.000000000 3 31
0.000000000 178 43
0.000000000 3 14
0.000000000 223 3
0.000000000 240 33
0.000000000 1356 43
0.000000000 7 57
0.000000000 68 39
0.000000000 11 46
0.000000000 26 49
0.000000000 2174 17
0.000000000 77 33
0.000000000 76 19
0.000000000 35 38
0.000000000 19 32
0.000000000 1076 36
0.000000000 52 29
0.000000000 502 44
0.000000000 3 35
0.000000000 137 28
0.000000000 2 47
0.000000000 95 62
0.000000000 385 19
0.000000000 3 35
0.000000000 89 14
0.000000000 1070 57
0.000000000 42 51
0.000000000 29 51
0.000000000 50 14
0.000000000 2 28
0.000000000 700 28
0.000000000 2578 29
0.000000000 12 61
0.000000000 588 45
0.000000000 170 15
0.000000000 113 20
0.000000000 4 62
0.000000000 1881 20
0.000000000 45 37
0.000000000 63 52
0.000000000 503 61
0.000000000 1412 56
0.000000000 20 44
0.000000000 2208 19
0.000000000 6 47
0.000000000 14 40
0.000000000 38 22
0.000000000 3959 46
0.000000000 3242 8
0.000000000 42 51
0.000000000 2 1
0.000000000 749 45
0.000000000 2 63
0.000000000 324 15
0.000000000 1165 54
0.000000000 349 28
0.000000000 44 49
0.000000000 143 56
0.000000000 198 39
0.000000000 5 63
0.000000000 3 30
0.000000000 23 49
0.000000000 43 41
0.000000000 77 22
0.000000000 2 31
0.000000000 35 4
0.000000000 178 11
0.000000000 1977 32
0.000000000 1913 32
0.000000000 2121 54
0.000000000 46 35
0.000000000 517 31
0.000000000 24 5
0.000000000 64 4
0.000000000 1055 29
0.000000000 2 2
0.000000000 33 26
0.000000000 6 61
0.000000000 8 20
0.000000000 22 63
0.000000000 5 33
0.000000000 3 43
0.000000000 13 53
0.000000000 291 62
0.000000000 165 24
0.000000000 504 36
0.000000000 86 42
0.000000000 1 33
0.000000000 710 2
0.000000000 4 5
0.000000000 1 52
0.000000000 256 37
0.000000000 3 26
0.000000000 1 56
0.000000000 39 29
0.000000000 4 11
0.000000000 2029 4
0.000000000 1 26
0.000000000 21 10
0.000000000 321 1
0.000000000 888 51
0.000000000 826 56
0.000000000 30 41
0.000000000 2 8
0.000000000 2637 17
0.000000000 12 21
0.000000000 7 37
0.000000000 4081 12
0.000000000 576 51
0.000000000 1584 54
0.000000000 10 56
0.000000000 15 33
0.000000000 60 59
0.000000000 233 5
0.000000000 10 57
0.000000000 129 56
0.000000000 143 9
0.000000000 7 21
0.000000000 3 12
0.000000000 656 62
0.000000000 107 52
0.000000000 8 35
0.000000000 3607 17
0.000000000 3 3
0.000000000 2 53
0.000000000 35 43
0.000000000 3 63
0.000000000 1 16
0.000000000 2141 53
0.000000000 2 43
0.000000000 34 18
0.000000000 118 49
0.000000000 167 51
0.000000000 1028 19
0.000000000 15 18
0.000000000 1 57
0.000000000 1 27
0.000000000 202 15
0.000000000 4 47
0.000000000 33 37
0.000000000 1 48
0.000000000 1229 1
0.000000000 312 36
0.000000000 2598 28
0.000000000 1788 24
0.000000000 11 26
0.000000000 5 17
0.000000000 640 8
0.000000000 54 46
0.000000000 79 33
0.000000000 3 42
0.000000000 5 2
0.000000000 146 52
0.000000000 48 18
0.000000000 47 44
0.000000000 7 43
0.000000000 16 20
0.000000000 63 27
0.000000000 5 30
0.000000000 2 42
0.000000000 1 4
0.000000000 1 51
0.000000000 75 8
0.000000000 1 57
0.000000000 462 19
0.000000000 1561 19
0.000000000 106 20
0.000000000 354 39
0.000000000 152 64
0.000000000 4 25
0.000000000 33 1
0.000000000 33 64
0.000000000 6 58
0.000000000 96 38
0.000000000 328 49
0.000000000 12 49
0.000000000 377 41
0.000000000 10 7
0.000000000 2523 22
0.000000000 2 18
0.000000000 313 3
0.000000000 111 27
0.000000000 7 21
0.000000000 84 39
0.000000000 16 21
0.000000000 1 30
0.000000000 185 27
0.000000000 5 27
0.000000000 8 20
0.000000000 2431 35
0.000000000 65 17
0.000000000 2 8
0.000000000 5 43
0.000000000 640 4
0.000000000 5 16
0.000000000 3496 1
0.000000000 1249 50
0.000000000 3789 25
0.000000000 7 46
0.000000000 1176 16
0.000000000 57 57
0.000000000 364 29
0.000000000 843 35
0.000000000 59 61
0.000000000 19 7
0.000000000 438 40
0.000000000 289 54
0.000000000 54 26
0.000000000 11 57
0.000000000 1021 34
0.000000000 3 34
0.000000000 8 36
0.000000000 280 51
0.000000000 238 37
0.000000000 43 61
0.000000000 323 48
0.000000000 205 52
0.000000000 1 17
0.000000000 50 1
0.000000000 71 24
0.000000000 1 44
0.000000000 913 4
0.000000000 43 12
0.000000000 1516 7
0.000000000 407 2
0.000000000 23 9
0.000000000 5 19
0.000000000 3 2
0.000000000 2425 6
0.000000000 44 25
0.000000000 4 50
0.000000000 98 54
0.000000000 3307 15
0.000000000 1 16
0.000000000 16 41
0.000000000 4043 54
0.000000000 29 25
0.000000000 2 38
0.000000000 2352 27
0.000000000 882 27
0.000000000 131 2
0.000000000 32 48
0.000000000 14 26
0.000000000 32 13
0.000000000 645 28
0.000000000 35 38
0.000000000 2114 54
0.000000000 50 37
0.000000000 45 12
0.000000000 1787 64
0.000000000 674 10
0.000000000 46 24
0.000000000 24 20
0.000000000 39 32
0.000000000 13 54
0.000000000 1 6
0.000000000 3 6
0.000000000 21 7
0.000000000 5 39
0.000000000 2 28
0.000000000 11 42
0.000000000 3 45
