5 2.689165579 30.547820411 50.630369899 410.597562922 41
791.979232588 417.394208000 0.524270863 0.011453814 767.236600313 0.500000000 0.500000000
20
1 0.437360828 3.989001843 0.117147048 0.730152499 4.978779827 0.503832258
2 0.456620216 4.645122116 0.122173046 -1.000000000 5.005148914 0.508953053
4 0.495138990 5.957362662 0.132225042 0.748493443 5.057887086 0.519194643
8 0.572176540 8.581843754 0.152329035 0.772948036 5.163363432 0.539677822
16 0.726251638 13.830805939 0.192537019 0.821857222 5.374316123 0.580644181
32 1.034401835 24.328730308 0.272952988 0.919675593 5.796221506 0.662576899
64 1.650702229 45.324579047 0.433784927 1.115312336 6.640032271 0.826442334
128 2.883303017 87.316276524 0.755448804 1.506585821 8.327653800 1.154173204
256 5.348504593 171.299671478 1.398776557 2.289132791 11.702896860 1.809634945
386 7.852224944 256.595306979 2.052156307 3.083907058 15.130878092 2.475338276
512 10.278907745 339.266461387 2.685432065 3.854226732 18.453382979 3.120558427
1024 20.139714049 675.200041204 5.258743080 6.984414614 31.954355217 5.742405390
1859 36.221302455 1223.060469227 9.455451473 12.089310866 53.972542362 -1.000000000
2048 39.861326657 1347.067200839 10.405365109 13.244790377 58.956299692 10.986099316
2090 40.670220924 1374.624252309 10.616457028 13.501563602 60.063801321 11.201172700
2144 -1.000000000 1410.054747055 10.887860925 13.831700605 61.487731987 11.477695622
2810 54.536979789 1847.030848927 14.235175643 17.903390310 79.049543530 14.888144992
3745 72.544506926 2460.503304257 18.934483844 -1.000000000 103.704639316 19.676088177
3935 76.203790516 -1.000000000 19.889423478 24.781244542 108.714765733 20.649039198
4096 79.304551873 2690.801520108 20.698609168 25.765541903 112.960188643 21.473487169
438
0.000000000 8 64
0.000000000 24 52
0.000000000 2175 46
0.000000000 13 4
0.000000000 1 50
0.000000000 2503 29
0.000000000 6 46
0.000000000 11 26
0.000000000 1 2
0.000000000 144 27
0.000000000 21 28
0.000000000 1 62
0.000000000 1493 59
0.000000000 11 11
0.000000000 3729 58
0.000000000 1 47
0.000000000 133 4
0.000000000 95 62
0.000000000 629 35
0.000000000 34 11
0.000000000 68 33
0.000000000 705 28
0.000000000 101 4
0.000000000 68 8
0.000000000 30 20
0.000000000 70 28
0.000000000 36 60
0.000000000 687 51
0.000000000 357 44
0.000000000 173 30
0.000000000 6 23
0.000000000 106 63
0.000000000 4041 32
0.000000000 10 29
0.000000000 547 5
0.000000000 23 41
0.000000000 535 15
0.000000000 4 6
0.000000000 3205 14
0.000000000 37 3
0.000000000 3150 12
0.000000000 224 15
0.000000000 10 5
0.000000000 49 19
0.000000000 376 55
0.000000000 12 5
0.000000000 162 6
0.000000000 519 31
0.000000000 1439 17
0.000000000 3903 1
0.000000000 56 2
0.000000000 76 35
0.000000000 897 42
0.000000000 10 53
0.000000000 2 42
0.000000000 5 6
0.000000000 1599 2
0.000000000 211 45
0.000000000 16 23
0.000000000 1 2
0.000000000 1 46
0.000000000 98 18
0.000000000 148 53
0.000000000 7 37
0.000000000 474 37
0.000000000 37 58
0.000000000 1690 15
0.000000000 128 25
0.000000000 1 55
0.000000000 1807 32
0.000000000 47 17
0.000000000 43 5
0.000000000 1945 33
0.000000000 398 33
0.000000000 75 22
0.000000000 1065 2
0.000000000 2592 6
0.000000000 27 31
0.000000000 16 20
0.000000000 377 3
0.000000000 442 10
0.000000000 2 60
0.000000000 710 32
0.000000000 8 32
0.000000000 2457 49
0.000000000 20 33
0.000000000 91 2
0.000000000 7 60
0.000000000 1 8
0.000000000 14 12
0.000000000 1 18
0.000000000 196 20
0.000000000 5 40
0.000000000 3285 29
0.000000000 3440 46
0.000000000 3224 18
0.000000000 84 31
0.000000000 1840 10
0.000000000 1 29
0.000000000 686 38
0.000000000 1701 23
0.000000000 97 29
0.000000000 1431 24
0.000000000 1 4
0.000000000 1670 44
0.000000000 307 12
0.000000000 48 35
0.000000000 1040 14
0.000000000 251 63
0.000000000 954 37
0.000000000 22 47
0.000000000 98 31
0.000000000 68 21
0.000000000 422 34
0.000000000 164 24
0.000000000 3 26
0.000000000 25 32
0.000000000 7 16
0.000000000 34 33
0.000000000 1905 15
0.000000000 254 19
0.000000000 228 19
0.000000000 3 45
0.000000000 1168 17
0.000000000 121 19
0.000000000 711 7
0.000000000 718 48
0.000000000 40 42
0.000000000 3184 5
0.000000000 9 63
0.000000000 3403 60
0.000000000 885 18
0.000000000 339 61
0.000000000 526 23
0.000000000 1 7
0.000000000 2868 15
0.000000000 3 46
0.000000000 100 47
0.000000000 3 4
0.000000000 13 43
0.000000000 1 50
0.000000000 2 47
0.000000000 1 9
0.000000000 1350 46
0.000000000 18 5
0.000000000 670 44
0.000000000 3 2
0.000000000 393 55
0.000000000 142 13
0.000000000 7 61
0.000000000 137 47
0.000000000 402 56
0.000000000 30 54
0.000000000 66 51
0.000000000 3 36
0.000000000 1747 47
0.000000000 192 22
0.000000000 130 29
0.000000000 22 64
0.000000000 1773 43
0.000000000 45 4
0.000000000 29 46
0.000000000 7 55
0.000000000 3168 59
0.000000000 1658 56
0.000000000 205 49
0.000000000 172 3
0.000000000 23 54
0.000000000 205 45
0.000000000 96 15
0.000000000 465 32
0.000000000 1 56
0.000000000 150 31
0.000000000 5 16
0.000000000 70 55
0.000000000 194 35
0.000000000 13 47
0.000000000 46 28
0.000000000 3476 54
0.000000000 2 40
0.000000000 78 42
0.000000000 2374 16
0.000000000 8 17
0.000000000 972 24
0.000000000 351 63
0.000000000 732 32
0.000000000 1027 42
0.000000000 13 52
0.000000000 5 27
0.000000000 2 40
0.000000000 279 15
0.000000000 23 33
0.000000000 1072 33
0.000000000 13 59
0.000000000 13 49
0.000000000 63 35
0.000000000 11 6
0.000000000 679 36
0.000000000 10 24
0.000000000 27 40
0.000000000 144 58
0.000000000 10 22
0.000000000 826 31
0.000000000 79 14
0.000000000 140 13
0.000000000 82 64
0.000000000 36 9
0.000000000 91 10
0.000000000 112 23
0.000000000 10 53
0.000000000 4 15
0.000000000 2584 63
0.000000000 666 8
0.000000000 173 58
0.000000000 85 35
0.000000000 336 9
0.000000000 481 41
0.000000000 691 59
0.000000000 182 10
0.000000000 51 57
0.000000000 46 34
0.000000000 43 59
0.000000000 3795 31
0.000000000 367 2
0.000000000 17 6
0.000000000 11 22
0.000000000 290 41
0.000000000 41 60
0.000000000 1933 35
0.000000000 1 22
0.000000000 34 42
0.000000000 1481 46
0.000000000 2 22
0.000000000 6 15
0.000000000 9 18
0.000000000 2050 17
0.000000000 375 28
0.000000000 1 61
0.000000000 2530 19
0.000000000 3676 9
0.000000000 1271 62
0.000000000 1 15
0.000000000 195 7
0.000000000 423 8
0.000000000 9 61
0.000000000 1 60
0.000000000 2153 62
0.000000000 11 45
0.000000000 8 56
0.000000000 3 46
0.000000000 4 55
0.000000000 2 45
0.000000000 293 6
0.000000000 4 17
0.000000000 4 22
0.000000000 2 39
0.000000000 17 34
0.000000000 332 34
0.000000000 1 13
0.000000000 18 58
0.000000000 65 56
0.000000000 502 35
0.000000000 3 64
0.000000000 192 2
0.000000000 294 35
0.000000000 5 15
0.000000000 25 59
0.000000000 4 16
0.000000000 9 57
0.000000000 4 37
0.000000000 272 51
0.000000000 1922 8
0.000000000 22 31
0.000000000 1826 41
0.000000000 16 38
0.000000000 106 48
0.000000000 2 63
0.000000000 12 4
0.000000000 600 12
0.000000000 2137 47
0.000000000 290 59
0.000000000 4 57
0.000000000 665 2
0.000000000 138 43
0.000000000 17 49
0.000000000 3 58
0.000000000 3 56
0.000000000 83 26
0.000000000 1 47
0.000000000 310 62
0.000000000 4 55
0.000000000 33 51
0.000000000 8 33
0.000000000 19 50
0.000000000 1 63
0.000000000 1 45
0.000000000 20 23
0.000000000 61 36
0.000000000 7 13
0.000000000 2 26
0.000000000 146 45
0.000000000 18 64
0.000000000 7 28
0.000000000 668 16
0.000000000 139 12
0.000000000 47 30
0.000000000 30 8
0.000000000 11 24
0.000000000 5 10
0.000000000 510 5
0.000000000 3 18
0.000000000 8 12
0.000000000 1 57
0.000000000 2197 50
0.000000000 85 32
0.000000000 203 38
0.000000000 863 52
0.000000000 2 14
0.000000000 119 55
0.000000000 45 3
0.000000000 1106 21
0.000000000 7 26
0.000000000 670 3
0.000000000 43 24
0.000000000 590 24
0.000000000 7 33
0.000000000 4 9
0.000000000 859 6
0.000000000 1985 1
0.000000000 116 6
0.000000000 2 1
0.000000000 85 63
0.000000000 292 44
0.000000000 237 53
0.000000000 29 61
0.000000000 20 12
0.000000000 1204 9
0.000000000 5 48
0.000000000 392 1
0.000000000 17 12
0.000000000 269 43
0.000000000 148 43
0.000000000 86 33
0.000000000 32 4
0.000000000 53 30
0.000000000 56 45
0.000000000 5 61
0.000000000 3419 3
0.000000000 520 14
0.000000000 1095 48
0.000000000 14 14
0.000000000 3 51
0.000000000 118 49
0.000000000 14 56
0.000000000 601 15
0.000000000 27 11
0.000000000 76 38
0.000000000 76 8
0.000000000 210 31
0.000000000 3 47
0.000000000 13 27
0.000000000 173 9
0.000000000 283 43
0.000000000 192 26
0.000000000 154 54
0.000000000 594 8
0.000000000 78 8
0.000000000 1227 1
0.000000000 20 46
0.000000000 32 8
0.000000000 8 62
0.000000000 26 51
0.000000000 25 42
0.000000000 23 7
0.000000000 4062 25
0.000000000 1 60
0.000000000 43 33
0.000000000 110 26
0.000000000 1 63
0.000000000 1169 62
0.000000000 229 11
0.000000000 64 45
0.000000000 85 41
0.000000000 129 27
0.000000000 9 33
0.000000000 564 5
0.000000000 3 10
0.000000000 6 33
0.000000000 1 41
0.000000000 13 7
0.000000000 2526 50
0.000000000 5 7
0.000000000 145 51
0.000000000 47 58
0.000000000 4 5
0.000000000 1 57
0.000000000 4 38
0.000000000 3602 28
0.000000000 2194 12
0.000000000 4 43
0.000000000 599 48
0.000000000 41 7
0.000000000 1 21
0.000000000 21 20
0.000000000 16 43
0.000000000 53 43
0.000000000 95 29
0.000000000 103 34
0.000000000 365 45
0.000000000 3 52
0.000000000 1796 22
0.000000000 3490 52
0.000000000 1 48
0.000000000 2 8
0.000000000 3 30
0.000000000 232 3
0.000000000 2 43
0.000000000 24 55
0.000000000 16 39
0.000000000 1 15
0.000000000 2091 26
0.000000000 122 34
0.000000000 272 12
0.000000000 314 18
0.000000000 188 60
0.000000000 32 64
0.000000000 1 36
0.000000000 23 8
0.000000000 2 61
0.000000000 3 41
0.000000000 179 19
0.000000000 2 58
0.000000000 3 18
0.000000000 74 13
0.000000000 59 46
0.000000000 13 35
0.000000000 91 3
0.000000000 3 19
