2 4.995585078 1.804631608 30.794786451 41.308204781 52
378.466097914 179.296070443 0.320220458 0.024239874 652.756828045 0.500000000 0.500000000
21
1 0.349382021 4.712766696 0.217667944 0.622731696 14.644017000 0.287843985
2 0.362780980 5.057896659 0.234598166 0.629380423 14.656888924 0.296272984
4 0.389578897 5.748156583 0.268458611 0.642677876 14.682632773 0.313130983
8 0.443174731 7.128676432 0.336179501 -1.000000000 14.734120471 0.346846982
16 0.550366399 9.889716129 0.471621280 0.722462592 14.837095866 0.414278978
32 0.764749736 15.411795524 0.742504839 0.828842215 -1.000000000 0.549142972
64 1.193516409 26.455954313 1.284271956 1.041601460 -1.000000000 0.818870959
128 2.051049754 48.544271892 2.367806190 1.467119950 16.278751402 1.358326933
256 3.766116446 92.720907050 4.534874659 2.318156930 17.926357729 2.437238881
512 7.196249829 181.074177365 8.869011597 4.020230890 21.221570383 4.595062777
1024 14.056516596 357.780717996 17.537285472 7.424378809 27.811995691 -1.000000000
1945 26.396957400 675.645413154 33.130020314 13.547855828 39.667038090 16.673819193
2048 27.777050128 711.193799257 -1.000000000 -1.000000000 40.992846306 17.542006151
2239 30.336251207 777.113622031 38.107505703 15.502581392 43.451383872 19.151945074
2250 30.483639751 780.910051615 38.293738150 15.575717382 43.592975041 19.244664069
2520 34.101358554 874.095141401 42.864898201 17.370873512 -1.000000000 21.520493959
3630 48.974202520 1257.189399409 61.657445079 24.750959822 61.356230754 30.876683507
3648 49.215383774 1263.401738728 61.962189082 24.870636897 61.587925393 31.028405500
3706 49.992523368 1283.419276534 62.944141982 25.256263028 62.334497010 31.517287476
4062 54.762552604 1406.285543066 68.971301161 -1.000000000 66.916902107 34.518011332
4096 55.218117194 1418.019961780 69.546928723 27.849266326 67.354547538 34.804597318
374
0.000000000 37 46
0.000000000 161 63
0.000000000 297 3
0.000000000 5 31
0.000000000 27 30
0.000000000 15 1
0.000000000 3782 35
0.000000000 2 42
0.000000000 264 31
0.000000000 3162 32
0.000000000 4 22
0.000000000 38 16
0.000000000 182 14
0.000000000 1 4
0.000000000 1202 56
0.000000000 1139 61
0.000000000 4 38
0.000000000 2 60
0.000000000 377 52
0.000000000 44 40
0.000000000 1013 58
0.000000000 108 54
0.000000000 34 64
0.000000000 96 31
0.000000000 2 21
0.000000000 98 32
0.000000000 26 50
0.000000000 16 11
0.000000000 202 36
0.000000000 1 54
0.000000000 5 26
0.000000000 1 40
0.000000000 179 42
0.000000000 2 4
0.000000000 160 16
0.000000000 1186 20
0.000000000 7 17
0.000000000 1718 40
0.000000000 2 41
0.000000000 31 19
0.000000000 36 5
0.000000000 2034 28
0.000000000 2 45
0.000000000 1522 21
0.000000000 233 3
0.000000000 24 54
0.000000000 2 51
0.000000000 139 24
0.000000000 962 38
0.000000000 3 30
0.000000000 1 57
0.000000000 581 22
0.000000000 2277 57
0.000000000 11 46
0.000000000 286 48
0.000000000 118 21
0.000000000 2674 59
0.000000000 7 39
0.000000000 23 23
0.000000000 47 26
0.000000000 299 2
0.000000000 1 29
0.000000000 25 6
0.000000000 4 4
0.000000000 3637 53
0.000000000 2 40
0.000000000 2 28
0.000000000 2 51
0.000000000 89 18
0.000000000 3312 33
0.000000000 8 30
0.000000000 7 26
0.000000000 57 53
0.000000000 1 56
0.000000000 1959 35
0.000000000 2 18
0.000000000 4020 32
0.000000000 457 26
0.000000000 192 53
0.000000000 552 50
0.000000000 1 13
0.000000000 182 10
0.000000000 57 9
0.000000000 490 20
0.000000000 1701 51
0.000000000 28 32
0.000000000 2436 6
0.000000000 1427 27
0.000000000 26 3
0.000000000 857 16
0.000000000 76 45
0.000000000 3900 55
0.000000000 1071 13
0.000000000 2 25
0.000000000 17 59
0.000000000 187 36
0.000000000 2069 35
0.000000000 1 24
0.000000000 159 16
0.000000000 264 12
0.000000000 3425 35
0.000000000 9 29
0.000000000 1 8
0.000000000 3 48
0.000000000 137 12
0.000000000 8 9
0.000000000 115 53
0.000000000 101 14
0.000000000 86 3
0.000000000 320 23
0.000000000 2 36
0.000000000 228 16
0.000000000 137 33
0.000000000 2 34
0.000000000 49 7
0.000000000 23 59
0.000000000 53 32
0.000000000 1543 10
0.000000000 1 31
0.000000000 3 58
0.000000000 677 10
0.000000000 174 22
0.000000000 5 1
0.000000000 26 19
0.000000000 1446 25
0.000000000 22 37
0.000000000 3653 4
0.000000000 9 54
0.000000000 446 53
0.000000000 12 50
0.000000000 4 46
0.000000000 6 61
0.000000000 21 46
0.000000000 2113 59
0.000000000 35 51
0.000000000 44 50
0.000000000 6 63
0.000000000 77 20
0.000000000 275 49
0.000000000 755 26
0.000000000 8 29
0.000000000 2 33
0.000000000 7 7
0.000000000 3 16
0.000000000 5 35
0.000000000 392 54
0.000000000 84 28
0.000000000 8 53
0.000000000 99 55
0.000000000 552 37
0.000000000 8 47
0.000000000 169 50
0.000000000 1574 8
0.000000000 15 27
0.000000000 237 39
0.000000000 4 49
0.000000000 2108 53
0.000000000 24 50
0.000000000 10 19
0.000000000 104 25
0.000000000 216 27
0.000000000 5 34
0.000000000 295 38
0.000000000 603 52
0.000000000 197 48
0.000000000 895 36
0.000000000 70 64
0.000000000 2868 5
0.000000000 463 8
0.000000000 76 12
0.000000000 236 23
0.000000000 1954 33
0.000000000 599 3
0.000000000 3 48
0.000000000 1445 24
0.000000000 2 8
0.000000000 1371 40
0.000000000 3397 36
0.000000000 171 25
0.000000000 17 22
0.000000000 334 19
0.000000000 158 37
0.000000000 329 27
0.000000000 9 57
0.000000000 2594 19
0.000000000 409 49
0.000000000 92 52
0.000000000 178 24
0.000000000 18 43
0.000000000 1554 1
0.000000000 968 41
0.000000000 5 42
0.000000000 146 35
0.000000000 88 29
0.000000000 278 7
0.000000000 1 32
0.000000000 26 22
0.000000000 18 63
0.000000000 12 35
0.000000000 180 56
0.000000000 23 11
0.000000000 1095 34
0.000000000 54 6
0.000000000 39 10
0.000000000 440 45
0.000000000 3 3
0.000000000 292 45
0.000000000 81 24
0.000000000 593 41
0.000000000 532 46
0.000000000 5 9
0.000000000 1376 34
0.000000000 1312 15
0.000000000 832 55
0.000000000 49 56
0.000000000 4062 42
0.000000000 2638 64
0.000000000 680 9
0.000000000 3002 38
0.000000000 16 42
0.000000000 40 29
0.000000000 548 28
0.000000000 1 40
0.000000000 13 55
0.000000000 29 26
0.000000000 279 23
0.000000000 1 62
0.000000000 222 18
0.000000000 2 6
0.000000000 385 42
0.000000000 24 35
0.000000000 124 50
0.000000000 48 4
0.000000000 129 1
0.000000000 1235 39
0.000000000 2887 34
0.000000000 172 2
0.000000000 1039 20
0.000000000 3928 45
0.000000000 57 18
0.000000000 783 39
0.000000000 14 60
0.000000000 1037 43
0.000000000 33 8
0.000000000 1 37
0.000000000 2 9
0.000000000 46 34
0.000000000 985 45
0.000000000 661 60
0.000000000 2977 39
0.000000000 5 16
0.000000000 193 6
0.000000000 1188 30
0.000000000 311 43
0.000000000 3825 1
0.000000000 225 21
0.000000000 132 56
0.000000000 653 54
0.000000000 1 48
0.000000000 509 11
0.000000000 16 28
0.000000000 3 39
0.000000000 677 46
0.000000000 4 33
0.000000000 1039 45
0.000000000 1728 9
0.000000000 25 19
0.000000000 68 64
0.000000000 1286 60
0.000000000 73 19
0.000000000 1846 62
0.000000000 1606 39
0.000000000 24 37
0.000000000 3 51
0.000000000 1 1
0.000000000 8 14
0.000000000 6 17
0.000000000 3454 5
0.000000000 5 23
0.000000000 2819 40
0.000000000 10 64
0.000000000 43 31
0.000000000 44 43
0.000000000 16 11
0.000000000 73 29
0.000000000 163 62
0.000000000 928 30
0.000000000 1886 45
0.000000000 15 5
0.000000000 1 48
0.000000000 24 4
0.000000000 1 10
0.000000000 46 13
0.000000000 811 40
0.000000000 7 28
0.000000000 16 56
0.000000000 6 25
0.000000000 1150 1
0.000000000 54 8
0.000000000 1874 10
0.000000000 2 57
0.000000000 8 32
0.000000000 963 48
0.000000000 3 64
0.000000000 39 27
0.000000000 60 17
0.000000000 3 7
0.000000000 148 38
0.000000000 1 26
0.000000000 1 22
0.000000000 2739 31
0.000000000 18 54
0.000000000 3 64
0.000000000 4 11
0.000000000 74 44
0.000000000 2406 57
0.000000000 204 38
0.000000000 432 60
0.000000000 2 55
0.000000000 6 15
0.000000000 1132 16
0.000000000 7 7
0.000000000 139 29
0.000000000 89 21
0.000000000 1051 31
0.000000000 2515 46
0.000000000 511 24
0.000000000 363 20
0.000000000 3498 50
0.000000000 875 54
0.000000000 2974 55
0.000000000 3 46
0.000000000 5 50
0.000000000 6 15
0.000000000 18 41
0.000000000 46 20
0.000000000 195 45
0.000000000 578 35
0.000000000 144 59
0.000000000 87 56
0.000000000 1883 23
0.000000000 3026 18
0.000000000 1930 55
0.000000000 2 45
0.000000000 125 44
0.000000000 78 5
0.000000000 3 43
0.000000000 4076 55
0.000000000 1449 50
0.000000000 149 1
0.000000000 1662 12
0.000000000 170 34
0.000000000 23 38
0.000000000 2 13
0.000000000 1763 63
0.000000000 33 36
0.000000000 4 7
0.000000000 42 22
0.000000000 253 20
0.000000000 341 29
0.000000000 296 50
0.000000000 248 43
0.000000000 1654 62
0.000000000 99 19
0.000000000 1 49
0.000000000 41 21
0.000000000 702 21
0.000000000 130 43
0.000000000 18 53
0.000000000 1067 40
0.000000000 80 18
0.000000000 1997 51
0.000000000 7 63
0.000000000 149 60
