3 5.793372133 0.001007993 17.909645917 5.198818334 31
121.229699250 325.438756707 0.314531816 0.012604641 2703.874130079 0.500000000 0.500000000
21
1 0.325639475 3.519179356 0.403902743 0.433838842 51.107343892 0.588918759
2 0.331736645 -1.000000000 0.406716385 0.442172071 51.140720472 -1.000000000
4 0.343930986 5.092124068 0.412343668 0.458838529 51.207473632 0.599686417
8 -1.000000000 7.189383685 0.423598235 0.492171446 51.340979951 -1.000000000
16 0.417097032 -1.000000000 0.446107368 0.558837280 51.607992590 0.642757051
32 0.514651759 19.772941382 0.491125634 0.692168947 52.142017866 -1.000000000
64 0.709761214 36.551018312 0.581162168 0.958832282 53.210068420 0.815039586
125 1.081688612 68.534227459 0.752794309 1.467159263 55.246039788 1.033981974
128 1.099980123 70.107172171 0.761235234 1.492158951 55.346169528 -1.000000000
256 1.880417942 -1.000000000 1.121381367 2.558812290 -1.000000000 -1.000000000
512 3.441293579 271.444095329 1.841673632 4.692118967 68.162776173 2.423009913
845 5.471651341 446.040958380 -1.000000000 7.467084294 79.277177249 3.618220000
1024 6.563044853 539.893326206 3.282258163 8.958732322 85.251585034 4.260690287
2048 12.806547402 1076.791787959 6.163427224 17.491959031 119.429202755 7.936051034
2097 13.105308755 1102.483218258 6.301295665 17.900287263 121.064655166 8.111922789
2539 15.800258097 1334.230405851 7.544925280 21.583574573 135.817103440 9.698357799
2541 15.812452438 1335.279035659 7.550552563 21.600241031 135.883856600 9.705536238
2570 15.989270381 1350.484167877 -1.000000000 21.841904678 136.851777414 9.809623603
2803 -1.000000000 1472.649540522 8.287726678 23.783547084 144.628520509 10.645911742
3608 22.318133317 1894.723038287 10.552708216 30.491796597 171.496667253 13.535233423
4096 25.293552500 2150.588711466 11.925765347 34.558412450 187.784438198 15.286772529
264
0.000000000 289 3
0.000000000 802 28
0.000000000 1052 27
0.000000000 2 27
0.000000000 885 50
0.000000000 124 43
0.000000000 12 11
0.000000000 2986 27
0.000000000 35 44
0.000000000 1 57
0.000000000 37 44
0.000000000 339 64
0.000000000 247 24
0.000000000 8 39
0.000000000 444 8
0.000000000 2 9
0.000000000 56 40
0.000000000 1 8
0.000000000 2 31
0.000000000 5 58
0.000000000 1769 35
0.000000000 204 55
0.000000000 18 25
0.000000000 45 54
0.000000000 1 13
0.000000000 1556 36
0.000000000 1205 37
0.000000000 6 5
0.000000000 2520 30
0.000000000 7 7
0.000000000 1005 46
0.000000000 24 13
0.000000000 372 26
0.000000000 3 42
0.000000000 134 19
0.000000000 57 39
0.000000000 14 54
0.000000000 2 28
0.000000000 767 28
0.000000000 25 38
0.000000000 68 26
0.000000000 228 28
0.000000000 695 45
0.000000000 11 3
0.000000000 2309 54
0.000000000 1611 23
0.000000000 2 29
0.000000000 747 4
0.000000000 704 22
0.000000000 89 3
0.000000000 164 6
0.000000000 197 17
0.000000000 1 11
0.000000000 11 27
0.000000000 45 31
0.000000000 1107 14
0.000000000 1 31
0.000000000 3861 25
0.000000000 134 56
0.000000000 9 41
0.000000000 6 42
0.000000000 2 36
0.000000000 582 37
0.000000000 1001 59
0.000000000 1906 29
0.000000000 7 25
0.000000000 3074 49
0.000000000 5 24
0.000000000 83 58
0.000000000 2005 14
0.000000000 74 32
0.000000000 2311 49
0.000000000 6 1
0.000000000 3973 9
0.000000000 4 55
0.000000000 7 29
0.000000000 30 54
0.000000000 861 11
0.000000000 5 6
0.000000000 58 16
0.000000000 63 21
0.000000000 3064 22
0.000000000 31 47
0.000000000 168 41
0.000000000 1914 13
0.000000000 211 24
0.000000000 18 64
0.000000000 326 23
0.000000000 2 54
0.000000000 8 6
0.000000000 14 58
0.000000000 639 39
0.000000000 98 62
0.000000000 2 31
0.000000000 1 15
0.000000000 664 14
0.000000000 1937 13
0.000000000 2048 55
0.000000000 69 24
0.000000000 1 56
0.000000000 244 19
0.000000000 162 61
0.000000000 3 27
0.000000000 1925 28
0.000000000 850 24
0.000000000 218 60
0.000000000 905 17
0.000000000 282 47
0.000000000 133 49
0.000000000 251 12
0.000000000 4 17
0.000000000 154 45
0.000000000 1 31
0.000000000 21 35
0.000000000 72 38
0.000000000 2 46
0.000000000 23 19
0.000000000 19 4
0.000000000 12 4
0.000000000 3 43
0.000000000 13 28
0.000000000 3310 61
0.000000000 47 61
0.000000000 1388 55
0.000000000 1687 3
0.000000000 1 62
0.000000000 1016 15
0.000000000 1218 57
0.000000000 2892 59
0.000000000 38 7
0.000000000 29 36
0.000000000 67 27
0.000000000 957 21
0.000000000 1063 14
0.000000000 163 50
0.000000000 1 6
0.000000000 2455 60
0.000000000 335 44
0.000000000 276 17
0.000000000 2 49
0.000000000 30 29
0.000000000 104 36
0.000000000 114 16
0.000000000 11 44
0.000000000 184 32
0.000000000 39 12
0.000000000 254 23
0.000000000 1212 41
0.000000000 80 55
0.000000000 24 62
0.000000000 1987 6
0.000000000 3107 29
0.000000000 31 15
0.000000000 3 48
0.000000000 187 26
0.000000000 1354 49
0.000000000 668 16
0.000000000 168 61
0.000000000 3 10
0.000000000 157 62
0.000000000 1 37
0.000000000 98 39
0.000000000 738 38
0.000000000 6 56
0.000000000 3 19
0.000000000 135 7
0.000000000 27 27
0.000000000 1 27
0.000000000 8 58
0.000000000 1 13
0.000000000 28 4
0.000000000 10 20
0.000000000 802 8
0.000000000 262 2
0.000000000 345 51
0.000000000 5 22
0.000000000 442 34
0.000000000 92 49
0.000000000 3303 61
0.000000000 3 57
0.000000000 46 33
0.000000000 14 29
0.000000000 2 17
0.000000000 3601 26
0.000000000 992 57
0.000000000 43 64
0.000000000 24 30
0.000000000 1 9
0.000000000 162 18
0.000000000 1294 6
0.000000000 12 30
0.000000000 327 54
0.000000000 3342 63
0.000000000 123 34
0.000000000 3183 35
0.000000000 7 12
0.000000000 639 19
0.000000000 1262 1
0.000000000 164 23
0.000000000 203 5
0.000000000 30 37
0.000000000 5 51
0.000000000 475 21
0.000000000 161 19
0.000000000 3 47
0.000000000 559 7
0.000000000 2 46
0.000000000 35 3
0.000000000 3740 23
0.000000000 33 29
0.000000000 1013 37
0.000000000 14 48
0.000000000 21 56
0.000000000 271 9
0.000000000 1624 30
0.000000000 3350 48
0.000000000 33 18
0.000000000 54 61
0.000000000 2034 6
0.000000000 142 51
0.000000000 14 13
0.000000000 3 6
0.000000000 1203 11
0.000000000 590 7
0.000000000 47 15
0.000000000 834 11
0.000000000 332 43
0.000000000 266 18
0.000000000 106 24
0.000000000 1641 55
0.000000000 3 3
0.000000000 2762 58
0.000000000 1477 44
0.000000000 2 31
0.000000000 442 27
0.000000000 1297 14
0.000000000 88 34
0.000000000 12 17
0.000000000 213 60
0.000000000 570 3
0.000000000 42 27
0.000000000 29 34
0.000000000 65 46
0.000000000 297 55
0.000000000 194 28
0.000000000 1 50
0.000000000 341 13
0.000000000 351 53
0.000000000 1 24
0.000000000 53 7
0.000000000 11 11
0.000000000 12 35
0.000000000 2465 48
0.000000000 1 29
0.000000000 109 64
0.000000000 945 59
0.000000000 732 54
0.000000000 2217 56
0.000000000 218 63
0.000000000 36 41
0.000000000 45 12
0.000000000 6 30
0.000000000 86 37
0.000000000 43 49
