2 2.112392898 1.541741950 99.268591636 7.728058719 38
274.297263657 145.211385683 0.377209100 0.013326237 2254.991758002 0.500000000 0.500000000
21
1 0.476480234 2.958919624 0.422675893 0.860412845 58.600675777 0.609188349
2 0.481759716 3.313852194 0.427225375 0.867274400 58.631165604 -1.000000000
4 0.492318680 4.023717334 0.436324339 0.880997512 58.692145259 0.625644914
8 0.513436609 5.443447614 0.454522266 0.908443735 58.814104569 0.647587002
16 0.555672467 8.282908173 0.490918120 -1.000000000 59.058023189 0.691471177
32 0.640144182 13.961829293 0.563709829 1.073121075 59.545860429 0.779239526
64 0.809087613 -1.000000000 -1.000000000 1.292690861 60.521534908 0.954776226
128 1.146974475 48.035356010 1.000460083 1.731830433 62.472883866 1.305849625
256 1.822748198 93.466724966 1.582793754 2.610109578 66.375581782 2.007996422
299 2.049765933 108.728825474 1.778421472 2.905156478 67.686644363 2.243873862
403 2.598832084 145.641812751 2.251567580 3.618758283 70.857586420 2.814368136
512 3.174295645 -1.000000000 2.747461098 4.366667867 74.180977614 3.412290018
1024 5.877390538 366.054938701 5.076795784 7.879784446 89.791769279 6.220877209
1044 5.982980183 373.153590100 5.167785420 8.017015562 90.401565828 6.330587647
1498 8.379865108 534.292976866 7.233250161 11.132161903 104.243947499 8.821014570
1743 9.673338250 621.251456508 8.347873205 12.813243079 111.713955229 10.164967425
2048 -1.000000000 729.505890348 9.735465157 14.906017603 121.013352608 11.838051592
2222 12.202210230 791.264157523 10.527074991 16.099928315 126.318582587 12.792532395
2381 13.041647902 847.698436148 11.250442599 17.190915690 131.166465155 13.664730371
3207 17.402500211 1140.872738941 15.008314573 22.858560796 156.351062645 -1.000000000
4096 22.095959899 1456.407793643 19.052803902 28.958483917 183.456519266 23.072400357
521
0.000000000 29 7
0.000000000 1 37
0.000000000 200 49
0.000000000 2372 21
0.000000000 1 7
0.000000000 141 5
0.000000000 7 38
0.000000000 1452 7
0.000000000 127 56
0.000000000 5 62
0.000000000 7 61
0.000000000 31 49
0.000000000 21 14
0.000000000 995 50
0.000000000 60 3
0.000000000 2459 63
0.000000000 38 42
0.000000000 497 7
0.000000000 314 62
0.000000000 43 12
0.000000000 20 37
0.000000000 1 49
0.000000000 34 25
0.000000000 4 62
0.000000000 1 7
0.000000000 2 64
0.000000000 21 3
0.000000000 183 59
0.000000000 6 2
0.000000000 9 16
0.000000000 1 21
0.000000000 903 54
0.000000000 33 30
0.000000000 142 40
0.000000000 76 9
0.000000000 2523 39
0.000000000 5 47
0.000000000 83 15
0.000000000 3 27
0.000000000 11 11
0.000000000 14 24
0.000000000 3 5
0.000000000 1 36
0.000000000 14 24
0.000000000 1159 35
0.000000000 83 29
0.000000000 8 41
0.000000000 1195 49
0.000000000 777 18
0.000000000 655 29
0.000000000 20 31
0.000000000 535 22
0.000000000 3 20
0.000000000 375 54
0.000000000 72 57
0.000000000 23 9
0.000000000 1227 52
0.000000000 511 29
0.000000000 79 33
0.000000000 3 19
0.000000000 1668 37
0.000000000 2 19
0.000000000 2 63
0.000000000 754 34
0.000000000 2876 45
0.000000000 70 9
0.000000000 215 48
0.000000000 10 6
0.000000000 2 45
0.000000000 9 25
0.000000000 323 55
0.000000000 2 41
0.000000000 958 56
0.000000000 183 7
0.000000000 205 27
0.000000000 7 63
0.000000000 12 55
0.000000000 81 15
0.000000000 156 58
0.000000000 40 64
0.000000000 15 37
0.000000000 367 11
0.000000000 355 27
0.000000000 10 21
0.000000000 9 27
0.000000000 452 64
0.000000000 1 49
0.000000000 236 54
0.000000000 903 62
0.000000000 493 32
0.000000000 280 13
0.000000000 649 13
0.000000000 15 21
0.000000000 7 56
0.000000000 275 33
0.000000000 2320 17
0.000000000 318 26
0.000000000 59 39
0.000000000 36 22
0.000000000 1988 14
0.000000000 457 12
0.000000000 5 58
0.000000000 183 8
0.000000000 5 18
0.000000000 1033 35
0.000000000 8 19
0.000000000 149 63
0.000000000 10 60
0.000000000 162 30
0.000000000 3 19
0.000000000 124 1
0.000000000 7 52
0.000000000 1 1
0.000000000 29 33
0.000000000 3676 62
0.000000000 41 8
0.000000000 10 38
0.000000000 47 18
0.000000000 1 23
0.000000000 998 60
0.000000000 2606 7
0.000000000 447 19
0.000000000 3 14
0.000000000 1 36
0.000000000 2608 49
0.000000000 2 43
0.000000000 162 11
0.000000000 14 54
0.000000000 216 38
0.000000000 4 14
0.000000000 3 23
0.000000000 2605 7
0.000000000 245 44
0.000000000 1 60
0.000000000 2482 47
0.000000000 160 15
0.000000000 352 14
0.000000000 2 55
0.000000000 162 10
0.000000000 203 3
0.000000000 1808 18
0.000000000 65 3
0.000000000 2 20
0.000000000 261 32
0.000000000 5 11
0.000000000 73 7
0.000000000 1 44
0.000000000 27 49
0.000000000 3 28
0.000000000 106 35
0.000000000 1 49
0.000000000 398 21
0.000000000 9 11
0.000000000 8 45
0.000000000 9 53
0.000000000 2 57
0.000000000 394 33
0.000000000 87 37
0.000000000 3838 31
0.000000000 750 64
0.000000000 14 8
0.000000000 67 7
0.000000000 21 15
0.000000000 418 9
0.000000000 118 7
0.000000000 851 43
0.000000000 3 17
0.000000000 8 4
0.000000000 8 47
0.000000000 16 46
0.000000000 17 10
0.000000000 130 58
0.000000000 12 22
0.000000000 2191 8
0.000000000 288 55
0.000000000 195 47
0.000000000 1011 31
0.000000000 44 20
0.000000000 8 12
0.000000000 3265 25
0.000000000 21 33
0.000000000 19 29
0.000000000 201 37
0.000000000 15 44
0.000000000 9 46
0.000000000 398 39
0.000000000 20 11
0.000000000 1 57
0.000000000 64 8
0.000000000 24 11
0.000000000 3 16
0.000000000 1912 60
0.000000000 20 35
0.000000000 25 49
0.000000000 36 14
0.000000000 5 21
0.000000000 317 18
0.000000000 4 14
0.000000000 748 11
0.000000000 1 51
0.000000000 260 10
0.000000000 113 17
0.000000000 131 3
0.000000000 4 20
0.000000000 4 30
0.000000000 128 20
0.000000000 945 39
0.000000000 542 27
0.000000000 1 46
0.000000000 289 36
0.000000000 1 31
0.000000000 844 5
0.000000000 1 11
0.000000000 12 27
0.000000000 1959 34
0.000000000 1217 58
0.000000000 2 59
0.000000000 878 27
0.000000000 900 39
0.000000000 3073 54
0.000000000 1 36
0.000000000 553 11
0.000000000 369 43
0.000000000 751 62
0.000000000 1048 56
0.000000000 2458 37
0.000000000 21 26
0.000000000 3 19
0.000000000 2018 6
0.000000000 19 18
0.000000000 1 44
0.000000000 1 63
0.000000000 590 44
0.000000000 909 37
0.000000000 348 23
0.000000000 5 24
0.000000000 1169 45
0.000000000 22 37
0.000000000 69 37
0.000000000 11 26
0.000000000 2000 30
0.000000000 1446 53
0.000000000 3 57
0.000000000 2 61
0.000000000 673 64
0.000000000 2441 5
0.000000000 2787 9
0.000000000 2689 43
0.000000000 59 26
0.000000000 750 49
0.000000000 13 20
0.000000000 220 44
0.000000000 661 36
0.000000000 6 42
0.000000000 4 60
0.000000000 2 29
0.000000000 87 43
0.000000000 18 39
0.000000000 235 19
0.000000000 1 28
0.000000000 83 59
0.000000000 40 33
0.000000000 29 36
0.000000000 18 33
0.000000000 1 13
0.000000000 573 53
0.000000000 83 47
0.000000000 54 51
0.000000000 835 25
0.000000000 357 41
0.000000000 344 38
0.000000000 2047 9
0.000000000 152 26
0.000000000 50 47
0.000000000 26 59
0.000000000 7 20
0.000000000 143 56
0.000000000 3948 16
0.000000000 12 61
0.000000000 548 2
0.000000000 69 51
0.000000000 78 6
0.000000000 1 14
0.000000000 4 11
0.000000000 22 18
0.000000000 14 53
0.000000000 1 10
0.000000000 1311 21
0.000000000 2 33
0.000000000 296 35
0.000000000 61 14
0.000000000 360 8
0.000000000 300 63
0.000000000 6 59
0.000000000 70 34
0.000000000 113 44
0.000000000 1 44
0.000000000 208 61
0.000000000 97 53
0.000000000 18 43
0.000000000 1 53
0.000000000 283 60
0.000000000 3 45
0.000000000 2 32
0.000000000 54 33
0.000000000 611 34
0.000000000 106 25
0.000000000 2 33
0.000000000 448 61
0.000000000 1 5
0.000000000 170 20
0.000000000 1 15
0.000000000 1601 38
0.000000000 5 56
0.000000000 1017 17
0.000000000 1139 19
0.000000000 69 59
0.000000000 270 13
0.000000000 195 12
0.000000000 20 63
0.000000000 119 6
0.000000000 2012 57
0.000000000 7 8
0.000000000 25 62
0.000000000 23 44
0.000000000 6 37
0.000000000 1022 59
0.000000000 1695 17
0.000000000 431 1
0.000000000 710 18
0.000000000 1 11
0.000000000 9 55
0.000000000 2 45
0.000000000 5 29
0.000000000 20 38
0.000000000 34 46
0.000000000 2 42
0.000000000 1 5
0.000000000 14 26
0.000000000 7 18
0.000000000 414 31
0.000000000 91 25
0.000000000 1 36
0.000000000 80 62
0.000000000 470 14
0.000000000 61 48
0.000000000 3252 45
0.000000000 714 11
0.000000000 2 15
0.000000000 340 16
0.000000000 9 14
0.000000000 2 36
0.000000000 9 33
0.000000000 926 14
0.000000000 5 56
0.000000000 1446 55
0.000000000 2933 39
0.000000000 2467 30
0.000000000 18 40
0.000000000 168 40
0.000000000 3465 53
0.000000000 1164 55
0.000000000 40 13
0.000000000 907 8
0.000000000 102 34
0.000000000 39 24
0.000000000 309 42
0.000000000 15 2
0.000000000 21 40
0.000000000 36 31
0.000000000 17 26
0.000000000 10 15
0.000000000 10 39
0.000000000 330 45
0.000000000 71 35
0.000000000 1002 37
0.000000000 14 8
0.000000000 2280 9
0.000000000 99 41
0.000000000 54 49
0.000000000 3 5
0.000000000 5 60
0.000000000 38 45
0.000000000 269 10
0.000000000 10 29
0.000000000 176 5
0.000000000 2 9
0.000000000 241 28
0.000000000 11 10
0.000000000 197 3
0.000000000 30 56
0.000000000 1917 33
0.000000000 33 24
0.000000000 1036 23
0.000000000 40 49
0.000000000 1 44
0.000000000 2 22
0.000000000 26 15
0.000000000 10 3
0.000000000 928 63
0.000000000 7 54
0.000000000 3543 33
0.000000000 54 10
0.000000000 3294 6
0.000000000 2740 24
0.000000000 1118 47
0.000000000 718 17
0.000000000 20 14
0.000000000 3 18
0.000000000 1 23
0.000000000 2302 43
0.000000000 8 19
0.000000000 1 14
0.000000000 106 8
0.000000000 1 56
0.000000000 4 19
0.000000000 339 46
0.000000000 282 24
0.000000000 1 41
0.000000000 4 12
0.000000000 942 18
0.000000000 31 30
0.000000000 458 56
0.000000000 586 48
0.000000000 2526 24
0.000000000 8 11
0.000000000 216 31
0.000000000 12 15
0.000000000 2009 55
0.000000000 2199 12
0.000000000 1411 27
0.000000000 183 59
0.000000000 2623 50
0.000000000 1050 8
0.000000000 1 19
0.000000000 1535 9
0.000000000 1 20
0.000000000 16 50
0.000000000 46 11
0.000000000 3374 61
0.000000000 1 46
0.000000000 12 57
0.000000000 1 29
0.000000000 837 6
0.000000000 176 55
0.000000000 4 63
0.000000000 1456 19
0.000000000 186 12
0.000000000 659 41
0.000000000 3981 22
0.000000000 90 17
0.000000000 118 40
0.000000000 3 49
0.000000000 2 34
0.000000000 33 6
0.000000000 1 34
0.000000000 204 16
0.000000000 243 11
0.000000000 17 53
0.000000000 2 33
0.000000000 1378 63
0.000000000 5 19
0.000000000 2708 59
0.000000000 13 15
0.000000000 7 55
0.000000000 27 36
0.000000000 280 52
0.000000000 1 1
0.000000000 132 49
0.000000000 403 7
0.000000000 1 16
0.000000000 5 63
0.000000000 25 36
0.000000000 77 42
0.000000000 3 32
0.000000000 4 41
0.000000000 38 3
0.000000000 2 4
0.000000000 3971 51
0.000000000 265 14
0.000000000 3 6
0.000000000 552 24
0.000000000 783 13
0.000000000 258 15
0.000000000 1374 55
0.000000000 4 52
0.000000000 417 38
0.000000000 50 30
0.000000000 136 50
0.000000000 461 26
0.000000000 6 45
0.000000000 13 30
0.000000000 669 39
0.000000000 4 42
0.000000000 10 1
0.000000000 14 47
0.000000000 3 35
0.000000000 162 37
0.000000000 1 49
0.000000000 140 5
0.000000000 7 6
0.000000000 10 48
0.000000000 5 11
0.000000000 3133 19
0.000000000 338 52
0.000000000 3 43
0.000000000 131 54
0.000000000 195 29
0.000000000 33 9
0.000000000 15 44
0.000000000 841 28
0.000000000 263 59
0.000000000 9 45
0.000000000 182 58
0.000000000 3474 29
0.000000000 3678 26
0.000000000 12 43
0.000000000 5 23
0.000000000 964 21
0.000000000 335 28
0.000000000 4 61
