6 9.857455132 4.009334590 16.045772770 7.032142537 29
454.576127708 603.823125462 0.788078361 0.011670504 568.743057845 0.500000000 0.500000000
21
1 0.125136343 5.084365929 0.361031897 0.534594763 43.175032791 0.573147868
2 0.137890459 5.213820153 0.377465209 -1.000000000 43.184300533 0.575264822
4 0.163398691 5.472728602 0.410331832 0.553917013 -1.000000000 0.579498729
8 0.214415155 5.990545500 0.476065077 0.579680013 43.239906985 0.587966544
15 0.303693967 -1.000000000 0.591098257 0.624765264 43.304781179 0.602785219
16 0.316448083 7.026179296 -1.000000000 0.631206014 43.314048921 0.604902173
32 0.520513938 9.097446887 0.870464551 0.734258014 43.462332794 -1.000000000
64 0.928645650 13.239982069 -1.000000000 0.940362015 43.758900538 0.706515946
111 1.528089101 19.324330617 2.168696154 -1.000000000 44.194484413 0.806012766
128 1.744909073 21.525052432 2.448062448 1.352570017 44.352036027 0.842000977
256 3.377435919 38.095193160 4.551526310 2.176986021 45.538307005 1.112971039
472 -1.000000000 66.057305639 8.101121576 3.568188027 47.540139280 1.570233019
512 6.642489611 71.235474616 8.758454033 3.825818028 47.910848960 1.654911164
937 12.062988904 126.253520002 15.742611387 6.563136790 51.849639316 2.554616448
1024 13.172596995 137.516037528 17.172309480 7.123482043 52.655932871 2.738791412
1926 24.676809612 254.283747970 31.995156382 12.933038569 61.015436168 -1.000000000
2048 26.232811762 270.077163351 34.000020375 13.718810073 62.146100693 -1.000000000
2149 27.520977477 283.152040020 35.659784828 14.369325826 63.082142637 -1.000000000
2691 34.433708340 353.316229664 44.566639618 17.860212342 68.105258808 6.267753082
2765 -1.000000000 -1.000000000 45.782704663 18.336827844 68.791071717 -1.000000000
4096 52.353241298 535.199414998 67.655442164 26.909466133 81.126436338 9.242072905
204
0.000000000 4 54
0.000000000 4 2
0.000000000 89 58
0.000000000 6 36
0.000000000 7 52
0.000000000 11 4
0.000000000 3761 23
0.000000000 36 8
0.000000000 358 41
0.000000000 6 46
0.000000000 580 36
0.000000000 9 14
0.000000000 19 21
0.000000000 151 25
0.000000000 259 19
0.000000000 46 19
0.000000000 124 39
0.000000000 66 19
0.000000000 24 48
0.000000000 10 59
0.000000000 21 2
0.000000000 1 2
0.000000000 441 7
0.000000000 353 31
0.000000000 25 37
0.000000000 3264 48
0.000000000 2594 24
0.000000000 162 1
0.000000000 7 44
0.000000000 1 53
0.000000000 1779 53
0.000000000 3 16
0.000000000 2201 22
0.000000000 25 11
0.000000000 14 1
0.000000000 485 4
0.000000000 85 32
0.000000000 94 8
0.000000000 449 6
0.000000000 4 29
0.000000000 9 36
0.000000000 777 39
0.000000000 3 33
0.000000000 8 58
0.000000000 53 21
0.000000000 3 52
0.000000000 45 9
0.000000000 1 41
0.000000000 2 55
0.000000000 1089 37
0.000000000 956 18
0.000000000 108 27
0.000000000 211 34
0.000000000 2515 64
0.000000000 769 32
0.000000000 134 27
0.000000000 117 27
0.000000000 2009 63
0.000000000 2384 14
0.000000000 77 54
0.000000000 1127 40
0.000000000 2490 10
0.000000000 2658 3
0.000000000 23 28
0.000000000 723 48
0.000000000 219 7
0.000000000 7 14
0.000000000 47 38
0.000000000 4 20
0.000000000 1156 2
0.000000000 4 17
0.000000000 195 28
0.000000000 8 37
0.000000000 137 47
0.000000000 3 34
0.000000000 98 54
0.000000000 2304 16
0.000000000 683 61
0.000000000 1 27
0.000000000 10 53
0.000000000 10 24
0.000000000 14 23
0.000000000 1141 24
0.000000000 2 19
0.000000000 77 29
0.000000000 8 1
0.000000000 2 18
0.000000000 946 22
0.000000000 25 53
0.000000000 289 30
0.000000000 2 18
0.000000000 16 17
0.000000000 89 63
0.000000000 2 63
0.000000000 318 51
0.000000000 417 36
0.000000000 1 16
0.000000000 4 18
0.000000000 649 34
0.000000000 2 4
0.000000000 171 9
0.000000000 113 9
0.000000000 3855 20
0.000000000 1722 17
0.000000000 14 57
0.000000000 198 54
0.000000000 1018 8
0.000000000 4 37
0.000000000 2376 60
0.000000000 17 54
0.000000000 221 16
0.000000000 82 31
0.000000000 509 30
0.000000000 736 15
0.000000000 8 43
0.000000000 564 15
0.000000000 10 26
0.000000000 1679 28
0.000000000 199 30
0.000000000 8 61
0.000000000 1312 6
0.000000000 4 5
0.000000000 2 50
0.000000000 466 4
0.000000000 134 15
0.000000000 48 8
0.000000000 444 19
0.000000000 359 24
0.000000000 5 31
0.000000000 2333 63
0.000000000 116 42
0.000000000 1 52
0.000000000 111 28
0.000000000 1140 43
0.000000000 17 55
0.000000000 326 11
0.000000000 62 61
0.000000000 175 4
0.000000000 3 18
0.000000000 2625 34
0.000000000 176 11
0.000000000 80 61
0.000000000 2197 24
0.000000000 2 52
0.000000000 129 62
0.000000000 1318 17
0.000000000 16 3
0.000000000 1986 58
0.000000000 533 3
0.000000000 117 27
0.000000000 23 54
0.000000000 4 32
0.000000000 3 30
0.000000000 43 49
0.000000000 12 20
0.000000000 32 43
0.000000000 3249 2
0.000000000 26 15
0.000000000 1 5
0.000000000 49 8
0.000000000 985 59
0.000000000 16 48
0.000000000 1165 62
0.000000000 472 48
0.000000000 1 17
0.000000000 10 64
0.000000000 9 11
0.000000000 826 32
0.000000000 226 58
0.000000000 234 20
0.000000000 1 24
0.000000000 6 17
0.000000000 219 10
0.000000000 222 63
0.000000000 41 21
0.000000000 157 41
0.000000000 1821 4
0.000000000 648 36
0.000000000 25 50
0.000000000 1 38
0.000000000 25 25
0.000000000 1961 59
0.000000000 58 21
0.000000000 18 36
0.000000000 777 15
0.000000000 19 17
0.000000000 5 63
0.000000000 56 44
0.000000000 568 51
0.000000000 430 4
0.000000000 137 63
0.000000000 134 41
0.000000000 1 35
0.000000000 1394 44
0.000000000 2003 39
0.000000000 1 30
0.000000000 570 43
0.000000000 986 16
0.000000000 32 33
0.000000000 1 22
0.000000000 1652 33
0.000000000 267 51
0.000000000 16 29
0.000000000 194 62
