1 9.859740711 30.841781492 0.585120808 250.428913307 1
536.762306141 415.027481296 0.206977260 0.008955772 51.169001544 0.500000000 0.500000000
21
1 0.234706664 5.210491015 0.463069345 0.245590849 15.843954845 0.574049704
2 0.251032360 5.483904399 0.481222943 0.251115582 15.871340066 0.580970428
4 -1.000000000 -1.000000000 0.517530138 0.262165048 15.926110508 -1.000000000
8 0.348986534 7.124384704 0.590144529 0.284263980 16.035651393 0.622494767
16 -1.000000000 9.311691777 0.735373311 0.328461843 16.254733162 0.677860554
32 0.740803231 13.686305922 1.025830874 0.416857570 16.692896700 0.788592127
64 1.263225492 22.435534214 1.606745999 0.593649024 17.569223777 1.010055273
128 2.308070016 39.933990797 2.768576251 -1.000000000 19.321877931 1.452981566
256 -1.000000000 74.930903962 5.092236755 1.654397749 22.827186238 2.338834151
287 4.903855630 83.406718870 5.654998283 1.825664470 23.676128094 -1.000000000
347 5.883397371 99.811521916 6.744214144 2.157148446 25.319241363 2.968619973
512 8.577137159 144.924730293 9.739557762 3.068729381 29.837802853 4.110539321
916 -1.000000000 255.383737472 17.073611226 5.300721489 40.901432197 -1.000000000
1024 16.935893349 284.912382956 19.034199775 5.897392646 43.859036082 7.653949661
1066 17.621572568 296.395745088 19.796650878 6.129431429 45.009215370 -1.000000000
1345 22.176441664 372.678079254 24.861504632 7.670831920 52.649692071 9.875501847
1870 -1.000000000 516.220105910 -1.000000000 10.571316713 -1.000000000 13.508881590
1941 -1.000000000 535.632456181 35.681048851 10.963572751 68.971283876 14.000252946
2048 33.653405730 564.887688281 37.623483803 11.554719176 -1.000000000 14.740770341
3080 50.501523676 847.050300678 56.357996612 17.256243569 -1.000000000 21.882956807
4096 67.088430491 1124.838298930 74.802051858 22.869372235 127.986435455 28.914411701
14
33.394253193 1 57
48.620027628 18 38
53.326240815 7 24
66.275131155 2 50
93.107260270 5 35
109.988633777 116 32
181.939313084 68 39
190.862564049 32 1
247.200088872 9 33
252.985448767 109 59
312.602367451 22 51
331.444498931 1988 56
381.798311926 310 54
400.460238000 2 62
