1 7.003524648 10.838515069 1.149464578 301224.828162583 1
575.368189932 203.445424677 0.043210044 0.014844552 0.000000000 0.500000000 0.500000000
21
1 0.136213293 4.154752639 0.075575421 0.174804994 15.815483385 0.400116085
2 -1.000000000 4.345664503 0.086324228 0.178169227 -1.000000000 0.408320337
4 0.184439454 4.727488231 -1.000000000 0.184897691 -1.000000000 0.424728841
8 0.248741001 5.491135686 0.150817069 -1.000000000 16.148349534 0.457545850
16 0.377344096 7.018430597 0.236807524 0.225268479 16.528767990 -1.000000000
32 0.634550285 10.073020420 0.408788434 0.279096195 17.289604902 0.654447902
64 1.148962663 16.182200065 0.752750252 0.386751629 18.811278726 0.916983972
128 2.177787420 28.400559354 1.440673890 0.602062496 21.854626374 1.442056112
256 4.235436933 52.837277933 2.816521166 1.032684230 27.941321669 2.492200391
367 6.019804870 74.028494826 4.009638726 1.406114016 33.219627745 3.402872384
512 -1.000000000 101.710715092 5.568215718 1.893927699 40.114712259 4.592488950
771 12.514261146 151.156887842 8.352156690 2.765263864 52.430759770 6.717390266
1024 16.581334012 199.457589408 11.071604821 3.616414636 64.461493439 8.793066068
1295 20.937763840 251.194704525 13.984531476 4.528121589 77.348168633 11.016418410
1603 25.888982981 309.995558606 17.295163983 5.564305137 91.994279187 13.543328082
2048 33.042530117 394.951338042 22.078383028 7.061388510 113.155055799 17.194220304
2541 40.967695820 489.070886944 27.377544802 8.719955033 136.598343146 21.238916630
2610 42.076897510 502.243805553 28.119212474 8.952087062 139.879452328 21.805010031
2851 45.951065734 548.253564753 30.709674923 9.762867046 151.339558313 23.782234807
3165 50.998737196 -1.000000000 -1.000000000 10.819235987 166.270982709 26.358369992
4096 65.964922327 785.938835308 44.091939442 13.951336258 210.542180519 33.996528775
1
1.809255572 46 61
