1 4.102661840 7.597104529 0.011875561 30.064229505 1
284.854649603 165.469598113 0.203455867 0.026109763 10.720531949 0.500000000 0.500000000
20
1 0.401127105 4.046889644 0.391268074 0.380002261 3.528296698 0.581531452
2 0.420503040 4.307470000 -1.000000000 0.384614200 3.557168054 0.584046615
4 0.459254910 4.828630711 0.408406440 0.393838076 -1.000000000 0.589076942
8 0.536758649 5.870952134 0.431257595 0.412285829 3.730396191 0.599137595
16 0.691766128 7.955594979 0.476959904 0.449181334 3.961367041 0.619258900
32 1.001781085 12.124880669 0.568364521 0.522972345 4.423308740 0.659501512
64 1.621811000 20.463452049 0.751173757 0.670554368 5.347192137 -1.000000000
128 2.861870831 37.140594809 1.116792228 0.965718412 7.194958932 0.900957179
256 5.341990491 70.494880329 -1.000000000 1.556046501 -1.000000000 1.222898069
512 10.302229811 137.203451368 -1.000000000 2.736702678 18.281559701 1.866779850
1024 20.222708453 270.620593448 6.235450828 5.098015033 33.063694060 -1.000000000
1629 31.945149034 428.271708601 9.691687940 -1.000000000 -1.000000000 4.676217149
1641 32.177660253 431.398672868 9.760241403 7.943580899 50.877320817 4.706399108
1888 36.963516160 495.762020707 11.171300191 -1.000000000 58.008545791 5.327644419
2048 40.063665735 537.454877607 12.085346369 9.820639744 62.627962778 5.730070532
2364 46.186461146 619.798269985 13.890587572 11.278012213 -1.000000000 6.524862105
2731 53.297429235 715.431260499 15.987180994 12.970593530 82.347099042 7.447927001
3127 60.970299434 -1.000000000 18.249445285 14.796921055 93.780156085 8.443931630
3885 75.657258047 1016.140990889 22.579739055 18.292770205 115.664644062 10.350425339
4096 79.745580300 1071.123445926 23.785137453 19.265889164 121.756500214 10.881124775
11
21.304021299 1506 6
31.553689554 182 25
131.780704200 117 36
156.782505670 16 2
215.729680946 269 8
238.616248597 1 3
245.783799789 195 37
250.454971282 32 33
317.698547246 29 8
361.307385260 49 2
388.695699646 20 22
