1 5.418367404 0.004235347 0.009089612 1.004420687 1
709.104519444 94.816568250 0.081304663 0.024454561 7.825593334 0.500000000 0.500000000
21
1 0.202632469 2.565433566 0.062129124 0.740883438 12.435177549 0.288131493
2 0.209911587 -1.000000000 0.072504055 0.748645712 12.474594892 0.293561358
4 0.224469824 3.317330049 0.093253918 -1.000000000 12.553429577 0.304421087
8 -1.000000000 4.319858692 -1.000000000 0.795219353 12.711098947 0.326140546
16 0.311819244 6.324915977 0.217753096 0.857317541 13.026437687 0.369579463
32 0.428285137 10.335030549 0.383752000 0.981513917 13.657115167 0.456457298
64 -1.000000000 18.355259693 0.715749808 1.229906669 14.918470128 0.630212968
128 1.127080494 34.395717979 1.379745424 1.726692173 -1.000000000 0.977724307
256 2.058807638 66.476634553 2.707736655 2.720263180 22.486599893 1.672746986
462 3.558306009 118.106859664 4.844972544 4.319291521 30.606572453 2.791299109
512 3.922261924 130.638467700 5.363719119 4.707405196 32.577439579 3.062792343
908 6.804792774 229.888803350 9.472191992 7.781265502 48.186707219 5.213018755
1024 7.649170498 258.962133995 -1.000000000 8.681689228 52.759118952 5.842883057
1093 8.151429661 276.255753085 11.391554319 9.217286099 55.478915586 6.217543720
1461 10.830145198 368.488388235 -1.000000000 12.073802747 69.984497635 -1.000000000
1575 11.659964686 397.060454558 16.392271301 12.958701926 74.478074683 8.834738494
2048 15.102987645 515.609466584 -1.000000000 16.630257291 93.122477697 11.403064486
3604 26.429295732 905.593108683 37.443007309 28.708354855 154.455862665 19.851933923
3919 -1.000000000 984.542239313 40.711110731 31.153471007 -1.000000000 21.562341296
4051 29.683061616 1017.625684530 42.080601689 32.178091109 172.075414774 22.279083434
4096 30.010621939 1028.904131763 42.547473606 32.527393416 173.849195187 22.523427344
11
34.269038837 1533 39
45.987331154 1189 51
55.869258964 498 1
178.336211509 591 25
185.328667230 221 58
188.702303713 44 24
230.954607215 1 18
245.691339215 2661 44
273.448585270 2615 10
278.343479802 3435 14
323.093629521 3 44
