1 7.333856673 0.003557663 0.026222708 15503.598842733 1
552.761870671 72.262374732 0.031175684 0.010067875 35.112626692 1.000000000 0.000000000
21
1 0.341400963 4.871365708 0.425190335 0.892478816 10.245725217 0.182590279
2 0.344301096 5.009685459 0.428255394 0.894306273 10.286140128 0.190639234
4 0.350101361 5.286324963 0.434385514 0.897961188 10.366969950 0.206737145
8 0.361701891 5.839603970 0.446645753 0.905271018 10.528629593 0.238932966
16 0.384902950 6.946161984 0.471166230 0.919890677 10.851948879 0.303324609
32 0.431305070 -1.000000000 0.520207186 0.949129995 11.498587452 0.432107894
64 0.524109309 13.585510068 0.618289097 1.007608632 -1.000000000 0.689674465
128 0.709717787 22.437974181 0.814452919 1.124565906 -1.000000000 -1.000000000
256 1.080934744 40.142902406 1.206780564 1.358480454 20.551527474 2.235073891
512 1.823368657 75.552758855 1.991435853 1.826309549 -1.000000000 4.295606459
1024 3.308236484 146.372471755 3.560746430 2.761967740 51.590178976 8.416671596
1228 3.899863509 174.589701113 4.186018614 3.134769050 59.834820782 10.058658486
1811 5.590640741 255.230116387 5.972948432 4.200176716 83.396713784 14.751199451
2048 6.277972137 288.011897554 6.699367586 4.633284121 92.975047646 16.658801868
2132 6.521583265 -1.000000000 -1.000000000 4.786790543 96.369900154 17.334914117
2491 7.562730823 349.287547582 8.057189043 5.442847751 110.878853135 20.224489085
2570 7.791841288 360.214807971 8.299328761 -1.000000000 114.071631090 20.860356557
3165 9.517420110 442.515060266 10.123039296 6.674554041 138.118503022 -1.000000000
3722 11.132793898 519.559161995 -1.000000000 7.692447815 160.629608343 30.132753114
3905 11.663518141 544.871676566 12.391183490 8.026872520 168.025537022 31.605711942
4096 12.217443444 571.290749152 12.976609897 8.375916884 175.744784986 33.143062412
18
16.543504523 7 29
72.523703427 4 7
72.963176376 4 39
136.070935928 4 8
181.392098492 679 13
188.610604223 38 49
209.094713626 19 6
274.796702157 81 21
281.065334252 25 43
288.112122807 3 14
304.271104821 15 15
323.412789311 1 58
338.779460283 872 47
342.654607706 1 63
352.707536680 5 13
382.836522617 951 8
397.008101551 1 52
400.704561651 123 5
