1 3.172940779 2.214493509 0.046985076 3243.626594825 1
1465.832931282 153.853483698 0.112483893 0.022548657 2.979361258 0.500000000 0.500000000
21
1 0.054284279 3.079207454 0.190455127 0.094786632 11.027835984 0.593279385
2 0.057527692 3.189766561 0.193254254 0.096941450 11.042661874 0.602236502
4 0.064014517 3.410884774 0.198852509 0.101251087 11.072313654 0.620150736
8 -1.000000000 3.853121201 0.210049018 0.109870360 11.131617213 0.655979204
16 0.102935467 4.737594054 0.232442037 0.127108906 11.250224333 0.727636141
32 0.154830067 -1.000000000 0.277228074 0.161585999 11.487438571 0.870950014
64 0.258619267 -1.000000000 0.366800149 0.230540184 11.961867047 1.157577761
128 -1.000000000 17.120213996 0.545944298 0.368448554 -1.000000000 1.730833255
256 0.881354470 31.271779643 0.904232597 0.644265294 14.808437907 2.877344242
284 -1.000000000 34.367434629 0.982608162 0.704600206 15.223562824 3.128143521
512 1.711668074 59.574910939 1.620809194 1.195898775 18.603865720 5.170366217
863 2.850105867 98.381157363 2.603302888 1.952239992 23.807753072 8.314314316
965 3.180933943 109.658186239 2.888813876 2.172031457 25.319993841 9.227940259
1024 3.372295282 116.181173530 3.053962389 2.299165736 26.194721345 9.756410167
1107 -1.000000000 125.357579379 3.286289957 2.478015653 27.425270206 10.499850886
2048 -1.000000000 229.393698711 5.920268778 4.505699658 41.376432596 18.928498067
2585 8.435262217 288.763938968 7.423400156 5.662837076 49.337935469 23.738469945
2810 9.165030033 313.639737958 8.053203806 6.147671190 52.673760695 25.753821290
3129 10.199678625 348.908092971 8.946125425 -1.000000000 57.403219571 28.611141641
4085 -1.000000000 454.602598902 11.622091156 8.895064502 71.576770309 -1.000000000
4096 13.336058526 455.818749075 11.652881557 8.918767503 71.739855098 37.272673867
7
1.351401529 556 50
4.784605327 1218 54
8.989280849 136 47
10.875387081 18 14
11.206926075 1 51
12.528153718 14 1
16.888639740 1313 16
