3 8.411874553 0.379084918 0.004207193 68172.331844588 30
105795.069546679 467.925644399 0.002808774 0.001321503 48.909195097 0.500000000 0.500000000
21
1 0.365032282 1.371995941 0.452384064 0.544296402 17.227484363 0.739527751
2 0.372171764 1.394469984 0.465971972 0.553569181 17.266767229 0.740364580
4 0.386450727 1.439418070 0.493147789 0.572114738 17.345332962 0.742038240
8 0.415008654 1.529314242 0.547499422 0.609205854 17.502464428 0.745385559
16 -1.000000000 1.709106587 0.656202687 0.683388084 17.816727358 0.752080196
32 0.586356214 2.068691276 0.873609219 0.831752545 18.445253220 -1.000000000
64 0.814819627 2.787860654 1.308422282 1.128481466 19.702304944 0.792248021
128 1.271746454 4.226199410 2.178048407 1.721939310 22.216408390 0.845805122
189 1.707254835 5.597116038 -1.000000000 2.287578816 24.612663238 0.896851733
256 2.185600107 7.102876923 3.917300658 2.908854996 27.244615284 -1.000000000
405 3.249382876 10.451509340 -1.000000000 -1.000000000 33.097762371 1.077606947
512 -1.000000000 12.856231948 7.395805160 5.282686369 37.301029071 -1.000000000
1024 7.668722027 24.362941999 14.352814164 10.030349115 57.413856646 1.595604528
1105 -1.000000000 26.183339488 15.453434729 10.781444198 60.595768821 1.663387734
2022 14.793924731 46.792036981 27.913546559 19.284582358 96.618157270 2.430760564
2048 14.979551254 47.376362100 28.266832172 19.525674607 97.639511796 2.452518136
2121 15.500733416 49.016967244 29.258749471 20.202587459 100.507161040 2.513606703
2175 15.886265426 50.230565570 29.992496515 20.703317515 102.628435823 2.558795507
2962 21.505037498 67.917637464 40.686180277 28.000994431 133.544051646 3.217380477
3801 27.495062616 86.773359598 52.086435266 35.780855844 -1.000000000 -1.000000000
4096 29.601209708 93.403202303 56.094868188 38.516325591 178.090822095 4.166345351
52
0.000000000 1 351
0.000000000 18 508
0.000000000 3126 60
0.000000000 52 158
0.000000000 2 195
0.000000000 3 160
0.000000000 55 223
0.000000000 5 97
0.000000000 293 453
0.000000000 3 378
0.000000000 48 318
0.000000000 2426 211
0.000000000 91 492
0.000000000 201 182
0.000000000 2 506
0.000000000 741 97
0.000000000 19 264
0.000000000 2782 249
0.000000000 97 263
0.000000000 20 383
0.000000000 561 329
0.000000000 19 511
0.000000000 31 197
0.000000000 131 336
0.000000000 21 29
0.000000000 976 504
0.000000000 1 509
0.000000000 460 334
0.000000000 103 19
0.000000000 1 501
0.000000000 11 277
0.000000000 280 324
0.000000000 728 65
0.000000000 35 437
0.000000000 2710 269
0.000000000 1 368
0.000000000 591 385
0.000000000 1 160
0.000000000 23 58
0.000000000 1020 168
0.000000000 2700 159
0.000000000 10 481
0.000000000 327 207
0.000000000 1 390
0.000000000 27 105
0.000000000 1 304
0.000000000 71 134
0.000000000 403 161
0.000000000 3 227
0.000000000 142 209
0.000000000 2736 54
0.000000000 39 69
