4 6.272514446 0.154989021 0.001530832 22.841194205 51
286.353764080 207.707099243 1.050170919 0.036449325 220.763160389 1.000000000 0.000000000
21
1 0.113134813 0.988788510 0.222999013 0.975914735 5.366724663 0.434369666
2 0.118334752 1.216609548 0.225894202 0.980484247 5.379809981 0.444108865
4 0.128734628 1.672251625 -1.000000000 0.989623271 -1.000000000 0.463587264
8 -1.000000000 2.583535778 0.243265335 1.007901319 5.458321891 0.502544061
16 -1.000000000 4.406104084 0.266426845 1.044457415 5.563004438 0.580457656
32 0.274332894 8.051240696 0.312749866 1.117569607 5.772369532 0.736284845
64 0.440730913 -1.000000000 0.405395907 1.263793992 6.191099721 1.047939223
112 0.690327941 26.276923758 0.544364969 1.483130569 6.819195003 1.515420789
113 0.695527879 26.504744796 0.547260158 1.487700081 6.832280321 1.525159989
128 0.773526951 29.922060370 0.590687990 1.556242761 7.028560097 1.671247978
256 1.439119026 -1.000000000 0.961272155 -1.000000000 -1.000000000 2.917865490
512 2.770303177 117.405339066 1.702440486 3.310935375 12.053322354 5.411100513
1024 5.432671478 234.049710660 3.184777148 5.650525528 18.753005364 10.397570559
1139 6.030664358 260.249130061 3.517723859 6.176019410 20.257816978 -1.000000000
1231 6.509058662 281.208665581 -1.000000000 6.596414516 21.461666269 12.413584815
1885 9.909818172 430.203624610 5.677534698 9.584875375 30.019464488 18.783021163
1952 10.258214023 445.467634174 5.871512348 9.891032680 30.896180820 19.435547517
2048 10.757408080 467.338453847 6.149450472 10.329705834 32.152371384 20.370510650
3514 18.380517317 801.324095950 10.393797242 -1.000000000 -1.000000000 34.648176836
3797 19.852099796 865.797449781 -1.000000000 18.321782352 55.038593229 37.404370240
4096 21.406881285 933.915940223 12.078797119 19.688066445 58.951103424 40.316390834
19
0.000000000 43 26
0.000000000 48 455
0.000000000 942 128
0.000000000 2 466
0.000000000 9 50
0.000000000 1185 242
0.000000000 3284 420
0.000000000 333 143
0.000000000 12 179
0.000000000 8 160
0.000000000 82 490
0.000000000 10 289
0.000000000 2218 438
0.000000000 1086 332
0.000000000 2655 443
0.000000000 1 35
0.000000000 60 221
0.000000000 22 356
0.000000000 1730 468
