6 4.316298544 15.860775848 0.014493617 5401.219339345 7
1523.973556384 382.745476373 0.097235650 0.012995204 256.341778665 0.500000000 0.500000000
21
1 0.406751708 1.750980480 0.388624622 0.214929883 11.537760632 0.275975471
2 0.413870699 1.997377613 0.407084372 0.224631234 11.575245796 0.280147747
4 0.428108683 2.490171879 0.444003872 0.244033937 -1.000000000 0.288492299
8 0.456584649 3.475760412 0.517842871 0.282839342 11.800156780 0.305181402
16 0.513536582 5.446937477 0.665520869 0.360450154 12.100038091 0.338559610
32 0.627440448 -1.000000000 0.960876865 0.515671776 12.699800714 0.405316024
64 0.855248179 17.273999866 1.551588858 0.826115021 13.899325959 -1.000000000
122 1.268149693 31.565033587 2.622254346 1.388793402 16.073465467 0.780820857
128 1.310863642 33.043416386 2.733012844 1.447001510 16.298376450 0.805854512
256 2.222094569 64.582249426 5.095860816 2.688774489 21.096477432 1.339905829
512 4.044556421 -1.000000000 9.821556759 5.172320447 30.692679397 2.408008463
536 4.215412220 133.573446699 10.264590754 5.405152881 31.592323331 2.508143085
1024 -1.000000000 253.815247662 19.272948645 10.139412363 49.885083325 4.544213731
1310 -1.000000000 324.284827735 24.552437082 12.913998863 60.605840206 5.737484643
1735 12.751083163 429.003609311 32.397830737 17.037073207 76.537034873 -1.000000000
1809 13.277888542 447.236997162 -1.000000000 17.754973210 79.310937003 -1.000000000
2048 14.979327537 506.125911978 38.175732418 20.073596194 88.269891181 8.816624267
2662 -1.000000000 657.413751714 -1.000000000 26.030225953 111.285781829 11.378401678
2716 19.734813934 -1.000000000 50.506845270 26.554098928 113.309980681 11.603704578
3384 24.490300330 835.312481827 62.837958121 33.034601662 138.350070181 14.390784888
4096 29.559022358 1010.747240609 75.981299963 39.941963857 165.039506893 17.361445339
44
0.000000000 440 28
0.000000000 883 444
0.000000000 9 128
0.000000000 1 198
0.000000000 295 421
0.000000000 21 268
0.000000000 171 269
0.000000000 46 52
0.000000000 1112 423
0.000000000 23 81
0.000000000 47 155
0.000000000 64 68
0.000000000 3698 146
0.000000000 46 84
0.000000000 1739 181
0.000000000 1 276
0.000000000 316 327
0.000000000 34 277
0.000000000 3022 297
0.000000000 3 380
0.000000000 122 288
0.000000000 1079 362
0.000000000 797 20
0.000000000 2112 124
0.000000000 150 495
0.000000000 26 55
0.000000000 201 312
0.000000000 21 495
0.000000000 13 155
0.000000000 3566 53
0.000000000 20 212
0.000000000 87 488
0.000000000 13 187
0.000000000 3 124
0.000000000 3 266
0.000000000 9 330
0.000000000 686 387
0.000000000 11 458
0.000000000 5 358
0.000000000 86 5
0.000000000 131 453
0.000000000 586 440
0.000000000 3228 279
0.000000000 450 367
