3 4.347253564 3.451674212 0.037950232 1.523285384 45
151.102667158 160.162226911 2.652483552 0.033847361 1453.878147714 0.250000000 0.750000000
21
1 0.144836237 2.972439146 0.086126569 0.320803627 8.297009831 0.792414683
2 0.163353731 3.051740651 0.095485952 0.323437449 8.304717980 0.801511251
4 -1.000000000 3.210343663 0.114204719 0.328705091 8.320134280 0.819704386
8 0.274458695 3.527549685 0.151642252 0.339240376 8.350966878 0.856090656
16 -1.000000000 4.161961731 0.226517319 -1.000000000 8.412632075 0.928863197
32 0.718878550 5.430785822 -1.000000000 0.402452086 8.535962468 -1.000000000
64 1.311438357 7.968434003 -1.000000000 0.486734367 8.782623255 -1.000000000
128 2.496557971 13.043730367 -1.000000000 0.655298927 9.275944829 1.947678765
224 4.274237391 20.656674912 2.173269052 0.908145768 10.015927190 2.820949252
256 4.866797198 23.194323093 2.472769318 0.992428048 10.262587977 -1.000000000
512 9.607275652 43.495508547 4.868771452 1.666686291 12.235874272 5.440760712
701 13.107082011 58.483493120 6.637694902 2.164478509 13.692714545 7.160011983
1024 19.088232561 84.097879453 9.660775718 3.015202775 16.182446863 10.098203309
2048 38.050146379 165.302621267 19.244784251 5.712235744 24.075592044 19.413088502
2258 41.938820111 181.955937459 21.210254750 6.265338209 25.694303458 21.323367693
2518 46.753368541 -1.000000000 23.643694417 6.950131736 27.698422352 23.688475261
2723 -1.000000000 218.831137599 25.562368000 7.490065094 29.278593018 25.553271613
3064 56.863920244 245.872951035 -1.000000000 8.388198143 31.907072028 28.655201155
3366 62.456203421 269.822005749 31.580451483 9.183612163 -1.000000000 31.402364562
3449 -1.000000000 276.404030721 32.357280300 9.402219328 34.874709621 32.157379670
4096 75.973974014 327.712104894 38.412801316 11.106301682 39.861882407 38.042858889
51
0.000000000 299 443
0.000000000 25 12
0.000000000 46 180
0.000000000 9 466
0.000000000 57 156
0.000000000 1066 451
0.000000000 2 205
0.000000000 5 203
0.000000000 17 137
0.000000000 17 508
0.000000000 24 496
0.000000000 1177 313
0.000000000 7 207
0.000000000 28 486
0.000000000 140 148
0.000000000 207 142
0.000000000 6 420
0.000000000 4 311
0.000000000 31 359
0.000000000 84 345
0.000000000 2 478
0.000000000 5 298
0.000000000 46 503
0.000000000 17 321
0.000000000 42 296
0.000000000 3 460
0.000000000 39 362
0.000000000 20 244
0.000000000 13 442
0.000000000 19 302
0.000000000 72 67
0.000000000 1446 246
0.000000000 27 58
0.000000000 206 390
0.000000000 2 59
0.000000000 784 287
0.000000000 169 407
0.000000000 15 186
0.000000000 2795 275
0.000000000 79 408
0.000000000 6 36
0.000000000 33 385
0.000000000 1362 127
0.000000000 429 156
0.000000000 17 213
0.000000000 49 87
0.000000000 15 330
0.000000000 62 157
0.000000000 2820 6
0.000000000 279 348
0.000000000 93 450
