3 7.036194750 0.017492828 7.853504939 1.504350372 14
129.172739855 237.554562599 0.497761161 0.027787698 347.571271379 0.500000000 0.500000000
21
1 0.222578491 3.612259629 0.290638559 0.422799995 13.274301901 0.918352404
2 -1.000000000 3.761810521 0.306924367 0.428574046 13.295755414 0.922148852
4 -1.000000000 4.060912303 -1.000000000 0.440122149 13.338662439 0.929741748
8 0.257811157 4.659115868 0.404639211 -1.000000000 13.424476489 0.944927541
16 0.298077061 5.855522998 -1.000000000 -1.000000000 13.596104588 0.975299126
32 0.378608868 8.248337259 0.795498589 0.601795588 13.939360788 -1.000000000
64 0.539672484 -1.000000000 1.316644427 0.786565233 -1.000000000 1.157528637
128 0.861799716 -1.000000000 -1.000000000 1.156104522 15.998897986 1.400501318
256 1.506054179 41.747736905 4.443519451 1.895183101 18.744947583 1.886446680
512 2.794563106 80.032765071 -1.000000000 -1.000000000 24.237046778 2.858337405
605 3.262654240 93.940997960 10.127266241 3.910327039 26.232223439 -1.000000000
1024 5.371580960 156.602821405 16.951019550 -1.000000000 35.221245167 4.802118853
1181 6.161799325 180.082311335 -1.000000000 7.236180644 38.589446627 5.398161211
1454 7.535873298 220.909704653 23.953916740 8.812496675 44.446255533 6.434591554
1500 7.767402246 227.789045652 24.703063882 9.078103039 45.433117107 6.609228169
1687 8.708617751 -1.000000000 -1.000000000 10.157850651 49.444923941 7.319163971
2048 10.525616667 309.742934071 33.627686348 12.242283205 57.189641946 8.689681751
2954 15.085730291 445.236041568 48.382627870 17.473573771 76.626524252 12.129263767
3041 15.523621996 458.246969109 49.799493116 17.975916243 78.492979838 -1.000000000
3231 16.479937215 486.661638451 52.893796525 19.072986008 82.569147209 13.180879902
4096 20.833688081 616.023159405 66.981019943 24.067540467 101.126435503 16.464807545
11
0.000000000 183 295
0.000000000 385 244
0.000000000 60 321
0.000000000 129 343
0.000000000 98 238
0.000000000 181 134
0.000000000 6 194
0.000000000 771 39
0.000000000 6 136
0.000000000 23 366
0.000000000 235 456
