8 7.769000033 0.001271447 0.055310916 2.387174397 15
186.729499825 286.266585300 0.889243436 0.024905354 510.216267118 0.500000000 0.500000000
21
1 0.357313693 4.775776809 0.144561824 0.779470895 15.592091716 0.280615011
2 0.365850446 4.849923227 -1.000000000 0.788932314 15.615769668 -1.000000000
4 0.382923952 4.998216062 0.168077515 0.807855154 15.663125573 0.296070601
8 0.417070964 5.294801733 0.199431771 0.845700832 15.757837382 -1.000000000
16 -1.000000000 5.887973074 0.262140281 0.921392189 15.947261001 0.357892960
23 0.545122260 6.406997997 0.317010227 0.987622126 -1.000000000 0.393956003
32 0.621953037 7.074315756 0.387557302 1.072774903 16.326108238 0.440322773
64 0.895129134 9.447001121 0.638391343 1.375540330 17.083802713 0.605182398
85 1.074400948 11.004075892 0.803001183 1.574230142 17.581039712 0.713371527
128 1.441481329 -1.000000000 1.140059426 1.981071185 18.599191662 0.934901649
256 2.534185719 23.683113311 2.143395592 -1.000000000 21.629969560 -1.000000000
512 4.719594498 42.664596231 4.150067923 5.614256314 27.691525356 2.913217151
659 5.974497196 53.564119626 5.302336801 7.005084997 31.172184349 3.670541055
1001 8.894066737 78.922194464 7.983125619 10.240890503 39.270044045 -1.000000000
1024 9.090412057 80.627562070 8.163412587 -1.000000000 39.814636949 5.550971155
2048 17.832047174 156.553493749 16.190101913 20.146996832 64.060860133 10.826479162
2335 20.282095298 -1.000000000 18.439769723 22.862424260 -1.000000000 -1.000000000
2741 23.748017034 207.936961184 21.622226624 26.703760621 80.469681097 14.396720421
3725 32.148182029 280.897036157 29.335373398 36.013797515 103.768786189 -1.000000000
3899 33.633577059 293.798512829 30.699283499 37.660084527 107.888749894 20.362578109
4096 35.315317409 308.405357107 32.243480566 39.523984189 112.553306503 21.377495177
18
0.000000000 53 114
0.000000000 1 489
0.000000000 1 385
0.000000000 45 103
0.000000000 1412 171
0.000000000 18 509
0.000000000 646 140
0.000000000 128 316
0.000000000 1 190
0.000000000 5 349
0.000000000 204 314
0.000000000 1 312
0.000000000 200 232
0.000000000 4 292
0.000000000 10 397
0.000000000 1829 146
0.000000000 37 392
0.000000000 131 128
