8 2.209077347 8.716214748 0.009231895 120.590289737 54
243.556780793 175.895839146 0.074500562 0.014801214 507.531754653 0.500000000 0.500000000
21
1 0.489412654 4.137172600 0.154420727 0.866808191 5.284147017 0.879384206
2 0.499071608 4.174772699 0.172718236 -1.000000000 -1.000000000 0.887740255
4 0.518389516 4.249972897 -1.000000000 0.878314768 5.375486829 0.904452352
8 0.557025331 4.400373294 0.282503292 0.893656871 5.497273246 0.937876546
16 0.634296962 4.701174088 0.428883366 0.924341076 5.740846079 1.004724934
32 0.788840223 5.302775677 -1.000000000 0.985709486 6.227991745 1.138421710
64 1.097926746 6.505978853 1.307163809 1.108446306 7.202283077 1.405815263
128 1.716099792 8.912385205 2.478204400 1.353919946 -1.000000000 1.940602368
256 -1.000000000 13.725197910 4.820285582 1.844867226 13.048031072 3.010176578
384 4.188791976 -1.000000000 7.162366764 2.335814507 16.945196401 4.079750789
512 5.425138068 23.350823319 9.504447946 2.826761787 20.842361731 5.149324999
633 6.593871483 27.900435329 11.718446564 3.290860389 24.526400831 6.160406870
868 8.863725636 36.736458654 16.018361234 4.192208911 31.681352803 -1.000000000
1024 10.370522436 42.602074137 18.872772674 4.790550909 36.431023049 9.427621841
1780 17.672691542 71.027749174 32.705689656 7.690208285 59.448655776 -1.000000000
2048 20.261291172 81.104575774 37.609422131 8.718129153 -1.000000000 -1.000000000
2808 27.602096093 109.680651208 51.515529150 11.633128631 90.747764829 24.334812398
3190 31.291816461 124.043889123 58.505177678 13.098299422 102.378367610 27.526822932
3278 32.141804399 127.352697858 60.115358490 13.435825677 105.057668774 28.262155202
3823 37.405934244 147.844751952 70.087501024 15.526187145 -1.000000000 32.816201644
4096 40.042828643 158.109579048 75.082721045 16.573285641 129.962990958 35.097402890
829
4.825366536 136 2
9.135763379 1812 1
14.924539517 119 1
22.566247856 22 4
23.972887991 129 3
30.548969712 23 1
32.547689918 103 7
36.853495037 29 8
44.997071603 4019 7
51.267517662 23 8
52.486404958 7 6
55.835533187 4 3
76.026015663 1696 1
82.897641243 270 7
87.110917175 3502 1
90.039942315 3 7
103.908860887 1 1
107.610125704 766 7
108.979318761 20 3
112.624051945 10 5
120.809896236 337 6
124.770582235 203 1
127.218376054 314 2
129.531899776 4 4
142.186057585 39 8
145.482794868 3 2
154.897949618 351 5
177.186151624 531 8
183.195319195 806 3
190.387649467 2661 8
190.470977894 2483 2
192.291976636 32 8
194.317963875 334 2
209.820889683 7 3
212.929045674 2566 6
223.440732396 1751 8
232.990629772 2037 6
238.398959722 136 8
244.850601415 1170 5
246.679895396 62 2
248.821678351 1454 1
249.446164903 6 8
253.485252753 3 1
253.909886045 1284 2
264.751266033 144 3
265.105865062 2 8
268.676995141 125 3
282.963623012 1 1
313.492462710 1521 7
323.268310795 2 2
326.139197141 2 4
327.425937809 8 4
329.449324840 48 6
330.995399182 406 4
337.674166105 9 5
339.075409550 73 1
341.040270343 8 2
341.093400743 2122 4
373.559262236 4 8
375.118511101 11 5
379.208829840 4 2
379.886566727 1 6
382.859285860 203 6
382.906984220 8 7
385.136981349 3088 1
388.347889420 25 7
408.619452983 224 7
410.889681085 1 4
448.299951706 468 6
453.516889914 42 1
455.243807535 2604 4
456.197772471 18 6
460.773074318 1 8
465.961361369 3260 4
468.150439816 259 2
472.638650360 3220 7
476.468977356 14 6
478.467698715 25 4
495.983424437 107 1
496.522029659 58 1
500.821012204 1 7
513.012015689 461 4
514.435256659 2 7
518.413316868 2 2
525.559056429 59 4
533.459019331 310 1
538.302693594 5 2
541.014972274 3187 1
543.543148021 34 5
549.351862673 1653 6
551.477822844 98 3
551.557531837 10 8
556.238394615 3 7
556.798413131 2349 7
584.152129154 3 7
589.417634757 46 4
592.486675976 2 5
601.901223415 2170 5
602.391246768 102 8
603.650556554 3 5
605.199799136 6 3
636.921820235 5 5
641.433062697 985 2
641.459199168 7 8
649.381269369 3 7
658.625201612 191 6
659.068254155 3616 5
663.715861147 1 3
678.182247214 329 7
680.475199692 113 1
687.570401132 2597 1
690.795690226 24 4
691.295550642 8 6
693.129408802 698 8
700.030906135 29 8
702.863095085 18 5
711.863256607 407 4
716.907216234 23 4
716.975008480 381 2
717.289041243 6 2
718.891125099 3331 2
727.580728523 77 7
735.027558475 406 4
741.553171303 10 3
772.535989514 3 5
775.101514771 12 1
788.128478585 58 1
788.406070698 1980 3
794.594606948 3 8
801.108401008 2 5
804.920543101 54 1
816.819280949 795 2
837.126238456 1 7
842.759962658 6 2
845.442179811 152 5
852.366917297 3027 1
863.015047734 495 7
871.307940846 179 3
874.285378616 63 4
879.963877605 2 3
883.639329227 73 6
886.133097114 77 8
887.857430453 654 1
899.879934944 138 1
902.068953274 796 2
905.009667169 345 1
906.100523753 9 5
907.100279623 268 4
907.565290722 2245 8
911.671410918 11 7
928.661184428 2 3
929.908853605 9 8
953.291968479 256 7
958.814966526 45 1
983.803998516 1 7
996.648305315 576 3
1002.167824708 51 3
1006.630834911 3 8
1020.456522293 1 6
1027.004029787 1 6
1042.328452246 50 7
1043.879510217 462 6
1045.825365700 2009 3
1059.714915735 11 7
1061.665467310 1936 1
1067.492071652 84 7
1078.376639811 102 1
1087.597183765 191 6
1090.739598173 73 7
1096.346599695 245 5
1101.982442562 848 8
1102.230949419 96 3
1107.194898854 188 4
1113.495247607 2 6
1115.922510859 320 3
1119.737327219 3608 5
1122.199872325 11 4
1147.515032033 1851 2
1158.886246196 208 2
1164.085973998 136 1
1170.504778519 38 1
1173.654742489 3 1
1181.604538040 2 3
1197.777406939 5 5
1214.321679104 20 4
1223.581864615 1386 1
1226.059624174 243 3
1246.804015049 41 5
1257.062097009 14 8
1264.260245503 2193 7
1269.960436534 610 7
1272.635611654 59 2
1274.532471338 16 1
1275.369012145 3 3
1290.857804865 63 7
1293.059039608 37 5
1294.660112481 582 7
1295.339530334 25 5
1301.143490060 7 7
1302.599458190 930 4
1309.608024094 1 2
1313.700786801 150 5
1315.853142472 237 2
1323.705001717 1031 1
1334.401668009 196 3
1355.361634186 570 5
1361.164078916 1 5
1361.962977341 23 4
1369.583914954 2361 4
1392.267730558 361 5
1393.985076102 1 7
1400.435841489 326 8
1405.128980989 5 2
1408.951539789 15 8
1456.400832718 2098 4
1473.961693070 196 3
1477.641004012 2 7
1483.903899800 604 3
1491.566484019 3480 3
1495.794777684 155 3
1496.814789875 250 3
1520.836671970 78 3
1523.765159234 4 5
1526.966771736 77 2
1539.017033817 4 2
1547.871801089 1 3
1550.582428329 3071 6
1565.468224139 1290 6
1566.464564001 1430 7
1575.733013157 3165 6
1580.328358599 176 7
1581.076610544 3 2
1588.708254452 217 4
1592.655302451 1 7
1593.632804919 173 8
1605.734805304 335 7
1611.740886862 1755 4
1617.546429794 1426 1
1626.123225410 13 2
1628.880253545 3131 5
1646.402104575 24 2
1667.118399724 209 5
1675.434870447 2 3
1677.767673004 46 2
1690.487112660 346 3
1695.680308888 45 5
1718.858956981 1 7
1729.921665280 916 3
1730.470613416 32 3
1734.541006052 2061 8
1740.771139035 673 8
1741.773463665 11 4
1743.726636702 8 1
1744.013216457 109 8
1753.681654128 2218 7
1755.243271154 8 6
1759.850401949 3388 4
1759.890642853 103 2
1778.124561180 1 4
1790.006960650 321 3
1790.882646811 802 2
1800.180184048 12 6
1801.670110632 1799 5
1804.514010654 82 8
1816.677130386 636 3
1817.877621950 106 5
1825.918714400 425 4
1843.026300250 2 4
1852.348916239 176 7
1859.713765149 15 6
1879.380073475 186 3
1879.497348678 8 2
1884.732658060 4 1
1886.041465048 96 2
1887.717527734 248 7
1890.948295250 1 8
1892.055935807 22 4
1895.431101457 3 4
1899.463024614 43 6
1909.742187962 1511 4
1914.820182669 321 7
1915.938390413 2 2
1919.188084265 697 1
1932.441699926 1169 3
1951.449075092 197 7
1957.274612871 14 6
1958.786229085 132 8
1959.409823321 355 1
1966.906727757 1 2
1971.420467287 100 1
1979.221498289 50 7
1996.319137072 37 6
2007.315724348 407 7
2011.202297872 324 3
2017.679225778 4 5
2025.516544765 1722 4
2044.782732428 194 7
2050.871860779 1465 6
2054.519386051 92 7
2077.999025374 987 4
2098.634568719 48 8
2109.607998732 14 4
2115.881821671 945 8
2122.505528566 171 7
2125.259925351 1601 1
2125.423760385 321 7
2125.614751223 5 2
2126.623001888 777 8
2129.456664630 52 5
2130.507084035 3722 5
2133.365012867 875 6
2135.452851446 408 3
2137.435290944 6 2
2138.163778124 3737 2
2146.012898396 282 6
2149.872285303 93 6
2167.023833918 674 7
2168.850624558 4 1
2173.695274612 1 8
2181.203225835 83 8
2181.821680744 46 8
2182.189967366 3 3
2191.413046559 1 3
2194.663203254 6 3
2216.928370749 1 3
2230.511462568 78 6
2237.572408230 515 1
2238.427737925 56 2
2247.183902932 8 3
2264.859726168 373 8
2273.285851808 15 6
2273.985619290 4 6
2282.695768426 984 3
2285.110465784 47 8
2286.157960091 2250 2
2287.543071059 3 6
2290.723343068 248 4
2293.638702450 1 2
2294.618185783 18 4
2302.400926686 1 2
2308.775780690 108 3
2314.660620789 27 7
2314.914165539 1366 5
2316.987664978 179 8
2324.702945021 43 6
2337.038579522 1 4
2340.700502615 3 5
2345.901819657 112 7
2363.324893643 1 5
2367.622611200 24 2
2382.113948788 61 4
2383.402267465 11 8
2386.705814165 4 3
2393.775322965 55 8
2400.857411282 1 1
2405.203002179 17 7
2420.176027792 1963 5
2425.814916315 275 4
2427.258284280 183 7
2437.970779553 873 6
2449.000212753 61 4
2452.516650349 2 1
2462.331036173 22 3
2478.456963278 61 7
2480.837813415 4 8
2485.419302826 46 3
2485.785226653 1 2
2488.099379058 3731 7
2488.256552934 4 6
2489.411824493 1 6
2492.634518492 9 4
2496.078060314 18 3
2497.073003526 10 6
2499.575893852 68 5
2507.345408758 127 6
2520.070467258 1362 2
2532.523571750 21 2
2537.492133051 1 1
2541.027687925 10 7
2543.072280429 2060 5
2554.711548855 2 7
2600.125689905 52 2
2607.648343805 26 1
2611.215937522 42 7
2614.551487747 190 6
2623.136084271 2106 4
2623.766758802 84 7
2626.552352677 249 6
2627.021360151 172 5
2631.073588345 1 7
2652.286806755 3 1
2653.222810058 1636 6
2657.113538524 156 7
2664.997387698 14 6
2669.422426088 49 3
2681.558806677 1079 5
2682.946701872 3 3
2698.484829552 23 6
2726.806510586 815 8
2744.680171029 3437 4
2755.600300817 14 3
2768.429219813 33 3
2772.251624607 2 3
2775.321999953 370 3
2792.257182108 335 4
2802.703139144 581 4
2814.105059247 27 3
2816.655898016 1 4
2819.380041803 6 3
2822.267392709 63 2
2828.741298766 4 5
2832.771985001 152 8
2843.270478795 2 4
2849.599354325 79 5
2859.226111890 4 1
2860.823345821 1 1
2875.856592709 4 3
2890.475595072 26 5
2891.811929507 251 1
2892.061064020 181 3
2911.719367478 1 1
2913.750645018 19 2
2913.814861381 43 5
2917.628657600 11 4
2927.638969864 57 6
2931.739649972 1 7
2934.435867759 19 7
2936.881564617 1775 8
2937.920373367 831 5
2939.631305314 660 6
2939.900790261 1 7
2941.837127135 11 8
2942.684703938 740 5
2943.002087932 1007 1
2945.008631573 333 1
2950.905775226 2 6
2956.855768649 12 7
2961.778731185 26 3
2963.996282589 3730 4
2965.527197401 3341 1
2966.160980101 1 7
2968.644310034 12 1
2976.829462486 46 4
2977.629037644 1170 1
2982.109943931 3507 7
2990.145396751 3197 4
2998.613306631 3 5
3001.203524203 7 2
3014.329324287 3 5
3017.632964511 921 5
3032.806267535 276 2
3040.042546815 2871 3
3040.394883925 26 6
3054.295587112 371 6
3055.424097943 1311 5
3059.680488781 8 8
3063.713801818 171 3
3067.986637636 1 4
3071.966674220 45 6
3080.297713491 1 8
3091.240639604 9 8
3092.356630785 2 8
3096.686404521 64 4
3101.095889855 3 8
3103.767998859 43 4
3111.832169972 310 7
3120.284578273 3 2
3126.383324763 389 4
3131.493273797 636 5
3137.528814128 90 2
3144.869232515 17 3
3148.279756142 160 1
3155.063782878 413 5
3162.553997770 234 4
3162.982716191 1 7
3164.386088791 652 6
3168.734595428 1 2
3177.403310117 1 8
3202.625761786 132 5
3205.217967858 1496 6
3208.393755011 4 8
3211.492322685 358 8
3226.301523661 19 5
3236.732892937 48 1
3241.111865209 340 4
3242.848074174 23 1
3246.377165862 798 2
3265.361631575 1 8
3272.757427632 1151 6
3282.054960079 458 3
3301.216454157 128 4
3301.486185100 2 4
3305.159041194 266 6
3308.080574063 63 3
3327.624017491 1806 4
3330.565091501 1 2
3344.397813115 1886 2
3345.796534194 8 8
3349.868544693 1363 3
3359.591987073 2 3
3385.366758326 19 2
3394.836345980 34 2
3404.817438328 3 3
3408.924463949 306 8
3409.838137007 189 7
3415.078673769 3 6
3421.250335681 239 8
3423.311214370 2 8
3428.867424147 859 7
3432.472926403 2 7
3438.602137794 205 3
3439.685793284 1247 4
3446.435829992 1 5
3457.286634956 1 4
3462.244218458 289 8
3465.572807007 10 8
3485.383555543 249 5
3485.474635644 567 5
3491.607954123 553 3
3494.908150867 243 4
3496.273781447 5 3
3497.551845095 1 6
3506.344872349 113 4
3509.860927080 11 8
3518.379153695 53 8
3518.911522080 34 1
3524.351659775 1171 3
3527.958805202 68 6
3538.166460512 39 6
3544.873801771 890 7
3545.182079534 1887 5
3558.414711390 7 5
3559.746048102 89 4
3567.620844922 1067 4
3570.442609354 6 2
3571.149138642 96 2
3578.043402628 201 3
3595.915764294 1 2
3597.528631484 89 8
3598.073975339 11 1
3611.587789907 728 5
3614.998461133 89 2
3617.566850934 82 3
3626.565299597 26 1
3640.412988052 2512 4
3651.323752732 482 3
3651.463948213 14 1
3667.626222051 43 3
3671.275723864 600 2
3682.033298648 1385 8
3684.398825972 1021 2
3688.116787114 3421 6
3699.951967096 194 3
3702.071162954 182 4
3714.121613675 207 4
3717.697495052 481 5
3721.867281787 3512 7
3723.086024461 263 1
3736.887184441 113 6
3745.392295693 1 1
3755.626125210 753 1
3758.557252114 204 2
3761.166804177 61 7
3761.686728600 359 1
3773.328141345 944 3
3773.496548388 239 1
3774.233435617 1913 2
3778.378083824 45 2
3781.060552598 928 7
3782.238822328 126 3
3782.634595350 1520 2
3788.195841667 4 1
3791.389198607 128 4
3798.437530984 1 6
3801.724805348 310 7
3804.935500380 102 3
3808.546398268 7 4
3808.714948475 11 3
3819.115897034 1 8
3822.704231162 1484 8
3825.216258392 18 1
3828.721493512 136 5
3837.944863360 802 6
3846.755476028 15 3
3853.602099957 1366 5
3890.121386238 35 3
3894.939393157 3 6
3910.542878905 943 5
3922.271616185 381 2
3928.635412325 307 1
3944.764206700 35 5
3975.564994806 61 8
3977.368304776 6 3
3981.995008326 3 7
4003.697160887 1 1
4011.152934238 1238 4
4018.364278392 10 3
4018.908554377 258 6
4047.746587265 749 4
4050.542761981 2 2
4069.501535192 380 4
4070.650540382 11 2
4071.404505466 1590 4
4086.394428975 520 8
4091.750540237 776 3
4093.471409562 3086 5
4126.556736438 436 7
4128.403840464 3666 6
4129.205131411 2208 8
4130.055647228 492 3
4135.455904297 190 8
4141.185658871 1352 1
4158.129617888 24 4
4158.331044305 7 8
4160.404398302 107 5
4164.645236015 2546 8
4173.608679433 61 1
4188.362099724 1337 5
4199.256012888 155 1
4215.687886753 192 5
4220.535834467 84 5
4227.446452796 1 8
4244.094783286 4001 8
4245.938252265 2 4
4249.172728050 1336 2
4253.008835786 1 3
4254.648254200 1888 7
4257.468855919 1659 4
4258.506964754 1 3
4259.184785541 2947 3
4261.930999699 200 6
4263.629758782 1 7
4268.781764409 42 8
4284.057354307 16 3
4294.538143427 53 1
4295.619602306 4 6
4304.704697484 507 3
4311.041140155 2 7
4317.056307635 28 3
4321.033667431 1071 8
4329.843502279 511 3
4331.896076240 128 8
4337.772210515 20 5
4339.669046354 45 3
4343.079567070 1 5
4355.142052891 7 1
4369.640110459 428 3
4370.369537172 50 6
4372.958482866 1208 6
4380.006859539 3107 2
4393.752463003 405 4
4402.318564257 4 2
4404.091594098 1 8
4414.280916736 1131 7
4417.145109648 1112 6
4420.983602417 12 7
4422.649496175 83 2
4440.982068133 11 6
4441.747753872 2048 6
4449.629251413 1778 5
4450.350165802 3 5
4454.981132547 231 1
4458.799295605 1377 5
4464.669258954 1 1
4477.364428558 3 4
4478.608199981 2818 4
4479.921186148 21 3
4484.232425274 2121 3
4486.135978882 1793 3
4487.553231610 1 7
4487.723520168 136 5
4497.164836688 1 4
4500.338329889 2931 5
4500.891058756 5 3
4502.929328361 21 3
4505.172938057 168 7
4508.326393964 1 7
4510.675219871 1350 3
4521.233480365 247 4
4524.936588566 9 5
4533.484020022 10 5
4554.051119212 1 8
4559.891813994 19 3
4560.838733551 631 5
4565.676269749 84 1
4566.801920477 221 2
4576.833795645 458 7
4581.406080118 151 6
4586.929265374 657 8
4587.061010308 222 6
4587.610610107 1415 8
4591.103777783 173 4
4600.071862986 56 6
4603.470674531 93 6
4616.846154934 24 4
4622.209600037 158 8
4628.648580427 59 4
4633.037612380 7 1
4643.703243166 1350 2
4643.775018590 17 8
4646.606455893 2235 4
4651.217361507 105 6
4662.785322563 186 6
4672.077438813 283 5
4672.490886942 92 6
4676.135574740 3313 1
4703.164413476 786 8
4705.912046179 1816 4
4710.032140905 650 3
4711.535547349 12 2
4714.979346691 5 2
4716.200098795 5 8
4731.359409753 2 2
4739.837314833 2694 2
4741.345356509 25 5
4743.915776272 30 8
4746.534274507 53 7
4746.600072535 7 4
4763.819725998 6 2
4765.938345381 1 3
4767.673397271 394 7
4771.405276283 1 1
4774.470281972 93 6
4791.537155892 278 2
4794.270582243 61 3
4794.889993943 1 3
4797.683845231 5 3
4797.859693954 336 7
4803.685779970 114 3
4817.521152079 4 1
4819.477533850 28 1
4819.522378986 71 4
4819.966048595 3733 2
4823.676778530 1 7
4830.497842640 2844 7
4845.639270016 77 4
4856.019401929 4 3
4862.910688756 78 7
4866.201190746 1 5
4871.943205005 15 7
4883.704790540 946 7
4890.772844101 291 4
4893.790922538 1259 4
4903.065824623 3 2
4914.574986398 952 3
4916.174118357 49 5
4916.185697813 140 6
4917.254367765 54 1
4933.272330027 39 4
4933.473697871 1190 2
4934.017338133 891 4
4952.910872825 66 2
4954.024570473 92 1
4961.941939950 742 7
4964.317460707 47 1
4973.202659544 742 2
4978.350679188 68 1
4992.924126345 2864 5
4999.228238288 44 6
5023.650748820 541 3
5026.610330387 1448 3
5029.114679505 3 2
5033.751154792 2 2
5041.668818841 6 1
5051.337761580 590 8
5065.425700296 1 6
5074.892735666 2 6
5097.749721301 347 3
5100.910196712 788 3
5107.505311801 545 7
5110.489669978 4 4
5120.993729451 7 1
5136.036980978 2726 5
5136.154648511 1 2
5140.743780020 2 8
5144.479681974 170 4
5155.550984366 788 8
5155.631296669 1141 8
5163.647979095 244 8
5166.075391832 2 1
5166.141025123 155 2
5170.113511809 16 7
5172.565076519 12 1
5175.128627510 236 3
5183.653066625 613 3
5184.035061257 10 3
5185.787381039 25 5
5186.372818066 53 5
5192.231836204 2 4
5200.681755717 7 3
5201.453383858 475 8
5202.764004590 6 4
5205.992926847 139 6
5207.682159829 5 5
5208.098112712 2 5
5211.303036881 90 7
5217.172908492 998 4
5228.280287498 1 1
5228.463987208 98 2
5234.830929504 24 1
5245.006917369 272 2
5253.627636129 34 4
5254.562963642 804 8
5254.705367917 38 4
5274.148267436 1113 6
5279.612415075 1980 8
5279.886827501 111 3
5282.307869704 39 1
5293.205354621 3 4
5295.064416053 760 2
5300.805341239 3294 4
5301.846627178 1 7
5304.847206541 13 6
5306.033819953 10 6
5307.333060898 46 8
5309.058992516 7 5
5312.966690124 11 3
5319.279303038 1 8
5324.312118236 18 7
5325.700923762 125 7
5326.987779703 61 6
5327.208748359 11 7
5331.993054958 3 1
5363.725125545 2345 5
5365.481558299 61 4
5382.235568540 24 5
5385.321723951 4 1
5390.077325960 44 8
5390.323301980 224 8
