2 8.515013610 1.210237472 0.006204204 229.390501197 32
262.869237391 304.763788633 0.031172473 0.007106582 2369.359092707 0.500000000 0.500000000
21
1 0.114794225 2.086737063 0.401638365 0.854656226 17.687714425 0.960950718
2 0.129793731 2.283002939 0.405060276 -1.000000000 17.690779316 0.962309473
4 0.159792743 2.675534691 0.411904098 0.861303546 17.696909098 0.965026984
8 0.219790768 3.460598194 0.425591742 0.870166639 17.709168663 0.970462006
16 -1.000000000 5.030725200 0.452967030 0.887892825 17.733687793 -1.000000000
18 0.369785831 5.423256952 0.459810852 0.892324372 17.739817576 0.984049560
32 0.579778918 8.170979213 0.507717605 0.923345198 17.782726053 1.003072135
64 1.059763118 -1.000000000 -1.000000000 -1.000000000 17.880802573 1.046552308
128 2.019731518 27.012503291 0.836221060 1.136059431 18.076955612 1.133512654
256 3.939668317 52.134535395 1.274225667 1.419678408 18.469261691 1.307433345
421 6.414586847 84.518404904 1.838840980 1.785280996 18.974968746 1.531627986
512 7.779541915 102.378599603 2.150234880 1.986916363 19.253873849 1.655274728
677 10.254460446 134.762469112 2.714850194 2.352518951 19.759580904 1.879469369
891 -1.000000000 176.763366536 3.447139145 2.826694428 20.415467630 2.170243025
1024 15.459289112 202.866728019 3.902253307 3.121392272 20.823098165 2.350957493
1370 20.649118273 270.774721050 -1.000000000 3.888049820 21.883550534 2.821086862
1860 27.998876332 -1.000000000 -1.000000000 4.973778718 23.385347243 3.486877008
2048 30.818783506 403.842984851 -1.000000000 5.390344091 -1.000000000 3.742323024
2097 31.553759312 413.460012766 7.573963799 5.498916981 24.111726467 3.808902038
3083 46.343272469 606.978166317 10.947968035 7.683669416 27.133709231 5.148634864
4096 61.537772294 805.795498515 14.414363867 9.928247729 30.238444059 6.525054085
1997
1.366457970 1 2
2.421877095 11 2
2.448204820 41 7
6.072335982 16 8
7.316538872 63 6
7.717151097 4 1
7.726494798 1249 7
8.554524942 1 5
9.073728844 1 1
10.397422794 9 1
11.298560704 43 3
11.799687626 242 5
12.314862874 94 2
13.525050715 6 7
14.474190446 45 6
15.111860349 4 2
17.459952331 1413 7
19.367741482 1309 3
22.828525181 16 4
24.420892577 3 5
24.492227938 3584 2
26.548084040 11 6
27.990505052 1156 2
28.674867532 1 3
29.854105938 2 2
31.460238608 12 7
31.933814418 5 6
38.017059703 37 3
43.273234822 4 8
45.742555947 7 7
47.801590639 2 7
49.301336052 172 8
49.352644372 62 8
52.173263635 45 6
52.276490019 2370 5
52.721830652 47 6
55.818586019 12 1
57.065775233 52 8
57.144239790 92 7
58.694946443 5 8
59.881054853 2991 3
60.530738088 30 7
61.520638910 27 8
62.169483585 6 1
62.352394428 531 7
62.790887863 152 3
64.102771437 26 5
67.276984352 4 3
67.450102399 70 5
69.369747381 49 4
71.122686838 50 8
72.778411945 366 2
74.805853845 2 7
74.924952394 1 5
74.965685462 1 2
75.028596155 19 4
75.917234135 16 6
76.826145673 131 3
76.848658753 26 1
77.896446167 202 7
78.575806795 215 3
84.806455734 287 2
85.951041283 6 6
86.505190823 209 5
87.012497401 1 2
88.611959376 43 6
90.249314673 66 4
90.776258331 1064 1
91.527879393 112 1
94.882141772 1 7
98.587315082 25 4
99.598394688 22 8
102.326256348 43 8
102.909655575 1062 5
103.396601945 16 1
104.039204641 172 2
104.126746690 1193 2
104.146532742 1 8
104.608455935 8 6
105.209138876 24 3
105.238854547 7 1
105.655256817 13 4
106.422655854 17 2
106.922585766 3703 7
107.944628759 24 8
109.214342761 10 4
109.214713348 1564 3
111.239973089 389 5
111.473636852 188 4
111.776765603 14 4
112.084674450 1 7
112.978781990 1086 6
114.582250701 681 2
114.724271479 41 5
116.467475345 177 6
118.362987237 232 7
118.508441873 8 2
119.653888130 369 8
120.778481104 3440 7
121.886967299 315 1
124.029858182 1459 4
124.596218438 4 7
125.136067647 36 1
126.158223253 4 3
128.530741331 237 3
128.964161025 1 1
129.247077326 22 4
131.184027498 108 1
133.268835522 1 4
133.275727133 296 4
133.896582499 42 3
136.803882152 985 8
137.052320726 1678 6
137.438491174 14 8
139.811267844 6 6
140.065604098 18 3
140.629396117 24 3
141.802889119 4 3
142.060549924 4 8
143.103700094 5 1
143.115965997 17 3
143.698430470 2215 3
144.915542998 1 8
145.978476694 895 4
146.228559127 2995 3
149.447438042 3 5
151.168272558 72 7
151.495709079 388 7
151.583170510 7 1
153.033961776 474 8
153.245299810 387 8
155.648074132 4 8
156.184342683 16 6
157.628780159 11 1
158.163070311 2 8
158.362814401 623 1
159.084297239 1 7
160.555740848 524 3
160.964137813 11 4
161.517554445 534 4
164.258496442 66 3
165.022772545 88 6
169.405101370 1 5
169.670881411 130 2
172.098618576 7 6
173.626982554 9 8
174.080231102 86 5
174.304379472 91 2
180.479281708 282 4
180.916764494 857 2
182.538303631 1111 8
182.893693332 335 8
184.807440258 925 8
186.385115133 2321 2
187.944997284 9 8
191.512863391 3859 3
192.361425455 438 6
192.743541759 41 1
194.135165715 1 8
197.355838215 1 3
197.463777346 50 7
198.397084393 6 2
198.568281368 198 8
201.476247592 4 5
202.191925609 3 4
202.912872018 85 1
205.273865789 37 5
206.294230591 743 7
206.773320155 9 4
210.248547579 2 7
210.495863766 3995 6
212.150072329 2 6
214.209282150 10 4
214.686604803 4 7
214.848733989 8 6
215.385560443 254 6
218.112523241 2 6
219.386456964 50 7
219.646714379 77 8
220.011382797 928 4
220.216960312 2 6
220.753226168 2184 5
224.633950310 34 1
224.689426193 1413 7
224.707311593 1050 7
224.921039106 1 8
226.123251956 1 5
227.334752583 3 6
227.436363333 13 7
227.519612968 531 2
229.212596882 67 5
229.251416827 10 5
231.063062546 10 3
234.227290978 433 3
235.639265254 3538 2
239.164952794 149 7
239.767469059 766 8
240.001512995 1 1
240.363021230 959 1
241.136704515 2 2
241.720088595 79 4
242.253786563 3611 4
244.074849288 232 1
244.531432675 2327 7
248.209234189 4 4
248.616585605 9 1
249.576784897 2 3
251.068793605 2669 8
251.776448757 121 1
251.924124961 9 7
253.392537867 2934 4
255.094902593 1362 1
256.216530109 27 3
256.236987723 3 1
256.865884068 28 3
258.528145238 533 3
259.662084854 446 4
259.691230158 22 7
260.773993857 3 5
262.649403527 5 7
263.757848781 432 7
267.702452621 2 5
267.716291197 4 2
268.153040122 259 8
268.292110465 2272 6
273.461261329 3482 8
277.537236660 1 7
278.069523278 1202 4
279.702882551 24 7
279.759218540 33 6
284.773006565 61 7
285.333265079 97 8
286.281921868 69 7
286.985815605 148 4
288.100380973 8 3
295.542424144 1253 3
296.846533137 594 3
297.198470167 19 2
298.270276756 7 8
299.153427496 9 2
299.332605788 91 8
299.403879434 528 3
299.567323858 86 2
300.119923801 179 8
302.076445990 3300 1
304.265838295 2392 1
304.442499942 1816 5
304.465314497 2 5
304.897875526 1 4
308.848820442 3 2
309.932456045 7 6
310.582728248 1374 4
312.249110418 1 4
312.348289029 14 6
313.048085719 1661 5
313.079240464 963 7
313.482341622 1229 3
314.451862459 710 5
316.899606821 257 3
317.801537915 471 8
317.925792553 138 8
319.692273224 2386 1
319.738869809 395 2
321.613740020 14 8
321.833423355 1 3
322.536993779 2803 4
324.032457381 119 7
324.799960098 247 4
325.460440260 3 3
326.595699155 45 3
328.173509179 3 8
328.555042020 2 2
329.002612401 538 4
332.255342772 118 7
332.329761675 35 3
333.316713573 94 7
334.026962391 7 1
335.786091406 1 3
338.448177661 2517 2
338.551650871 2827 3
339.365385922 19 2
341.490853613 1 5
342.298553183 9 4
342.619349608 4 4
344.134047824 55 5
344.768928171 3 2
344.775629398 2 1
349.086545439 21 8
349.722630704 88 4
351.439469587 14 7
355.063268644 3809 2
367.084963123 44 3
367.172620164 7 8
367.326818084 106 5
367.476817125 121 5
367.718702252 3 7
368.479568022 211 2
368.835288011 32 7
369.745045121 3144 6
371.942432736 504 2
373.733509828 10 6
374.588100375 196 4
375.480002966 9 7
378.493143853 102 3
380.384434163 3806 2
381.826731886 218 6
383.405498013 5 5
383.815922619 2 4
384.434768391 719 4
384.810809719 2505 7
386.836793866 148 8
389.614302731 542 6
393.936533811 11 5
395.202920937 4 1
399.458982455 316 7
401.290633213 2353 5
401.373303130 2021 4
407.346943439 17 3
408.902813086 29 4
410.313598911 48 5
411.890151166 16 2
412.461435380 642 8
414.555164050 58 7
415.303167237 7 2
416.234326779 3920 7
417.281449166 81 7
418.731775606 697 4
421.058703333 41 6
423.036878127 2991 3
426.402637657 670 3
427.303380980 5 1
428.130137419 1366 7
428.284311783 255 8
428.482884283 2 8
429.529885781 2 2
429.590516210 42 8
431.058683097 27 1
433.090547578 1 2
433.510339157 1 2
434.760569566 3554 5
439.126294772 2428 6
439.618626651 1671 1
439.845197709 8 3
439.934867221 5 3
440.964859731 46 5
442.556503485 1949 6
443.240767209 130 8
445.430098467 376 6
448.702241414 8 1
450.071858099 91 8
451.058435532 4 1
451.510674505 4 1
453.212806521 670 6
456.270493425 1 2
456.409312726 60 2
456.847430387 813 3
458.913973642 306 2
459.769916212 3 6
460.397630049 47 1
462.550920217 24 1
463.096605867 402 3
463.638955191 896 5
463.714705158 1 6
463.917026835 563 5
463.933736257 591 6
464.344891938 10 4
465.260565800 711 4
465.484696334 1161 5
466.517432038 7 6
466.568351556 52 3
471.463064279 233 5
471.680809324 5 6
472.433570477 398 2
474.369137820 22 6
475.375108963 1 6
476.322213324 34 8
476.987543076 2254 5
477.168041382 1 2
477.772036546 812 1
480.058021069 7 6
480.731462526 12 4
481.501605894 2960 8
487.268722110 31 3
488.483461056 7 4
488.775214912 535 3
490.388110184 5 3
490.403568303 2 2
490.459603368 3065 6
493.738626737 3 8
494.522615886 10 7
494.844181713 534 4
497.083328296 5 3
497.399675282 218 6
498.201383353 1 7
501.141494546 636 4
504.368855808 104 3
507.157691541 2 4
508.354844203 103 1
508.548460644 185 8
509.842190615 3 1
511.622004270 50 2
512.270029236 155 1
512.440208091 176 3
512.567784611 206 4
512.846507796 128 2
517.227369054 3 7
517.330012014 8 8
517.434558670 640 8
519.729507119 1535 1
521.274367413 752 8
521.724585142 4 8
521.727307940 12 2
524.244182939 703 7
524.859240581 70 2
527.362499272 49 6
529.579451518 1 8
533.826690799 365 3
534.598471983 1940 2
536.055860091 51 6
536.428439655 3848 5
537.513971673 111 5
538.674445830 430 1
540.073260748 252 3
542.168557356 732 6
544.304072203 19 8
544.490984195 428 7
548.385044903 60 1
551.807810048 15 5
552.243226879 44 8
552.421248554 44 6
555.096534309 45 2
555.782138244 1170 7
556.387630841 5 1
557.569037015 223 5
560.009047507 61 1
562.314756969 231 6
563.011519113 5 5
563.485799202 1 2
565.480876064 39 5
569.501995810 14 5
570.576386335 74 7
570.914111173 959 8
571.006352142 41 1
571.194645543 46 6
573.235257912 2 7
573.286727952 653 8
574.185564725 58 5
574.709825158 10 1
574.885931163 5 6
577.419015239 4 3
579.045421005 3 8
581.454145392 6 2
581.770381866 196 4
582.137579005 210 7
585.523604976 2390 3
586.137204688 71 2
586.663155869 1 8
587.313687931 1 2
588.096134567 31 2
594.736396429 977 6
595.009712901 12 3
597.168995051 2669 7
597.817966996 2 2
598.615719570 348 4
603.895465354 164 1
604.184459533 1300 2
604.998604853 519 1
605.712648633 196 6
607.615154204 29 3
607.772830002 3112 4
613.757343383 2475 8
614.256769288 219 1
615.580708562 8 4
617.243037752 21 6
618.210529204 268 5
620.211556341 663 2
621.127015353 4 4
622.284309082 7 6
622.503245544 186 1
623.570546956 67 5
623.584697328 4 4
625.291257886 77 5
628.043855122 81 2
630.240384917 1 2
632.690290892 154 6
634.524124240 17 4
635.321052793 9 8
636.006210021 129 3
636.770358403 110 3
637.172933685 8 1
638.016366003 2165 1
638.707482091 271 7
641.739173166 26 2
645.060453321 6 8
648.571616836 633 8
649.865815646 1088 6
655.575007208 3 8
656.484904700 123 4
657.112799279 108 1
657.269820988 28 6
658.972639258 76 5
661.229182894 130 7
665.041873414 76 2
665.863650147 1757 2
665.912293801 290 8
666.181744714 7 5
670.530481451 56 3
671.461141924 70 3
675.800693798 214 8
676.314705970 1 8
676.560718763 13 1
678.294993968 1555 3
678.303125066 139 6
678.635972464 63 4
679.601074565 92 7
681.927598437 32 3
683.259917842 9 8
684.017528114 50 2
684.128597166 338 3
685.264603318 4 7
685.999257460 2 4
688.160067868 2 1
689.577403901 207 6
689.867437732 2 6
690.610326401 17 8
691.413991620 60 5
691.635259529 37 3
692.059168024 3503 4
692.699886031 13 5
694.021735191 5 6
695.268294236 9 2
696.837118041 109 4
697.148835134 61 8
697.929305786 144 8
698.492826210 77 1
698.800984191 21 8
699.705986154 3 6
700.514041420 198 5
700.865929412 213 2
701.618936817 481 5
704.536067767 154 8
706.096615722 2 5
706.522411675 3613 1
707.324069806 3162 4
709.411154144 284 4
711.976514766 5 4
712.687726289 429 5
712.711593311 21 3
714.461768001 23 8
718.457087553 782 6
719.486903580 8 4
722.374492418 475 7
723.867270816 8 6
726.958623019 4 4
727.282006019 2572 4
729.504123324 393 5
729.664571470 12 5
730.873452441 11 2
731.716327393 769 3
731.868893946 23 1
733.684444435 3 5
734.495417162 4060 8
738.650905645 11 5
739.147162793 11 6
742.176403312 7 8
742.471562068 24 5
743.961091725 590 6
744.618137397 3 6
745.726394824 1363 2
746.496086987 53 2
753.586125107 49 5
756.573062771 241 1
758.713742862 2410 4
760.134473959 20 5
763.034771600 226 1
765.421751033 139 6
766.790646968 1141 5
767.410368429 2 8
767.694407212 1071 8
768.262307944 16 2
768.592562800 746 4
771.578461361 649 4
772.380994455 508 1
773.006165307 55 2
773.167012609 10 5
774.592904354 374 5
776.380745261 61 2
776.608016143 1 4
778.147307556 24 4
779.155739033 87 2
779.482878645 249 2
780.540811616 29 3
781.671631372 2284 8
784.404004531 538 4
787.259428279 2390 3
787.923788482 807 3
788.121452854 521 3
789.430193511 2 5
789.590640985 1817 7
790.245921744 2 4
792.301132388 4 4
793.915388647 379 8
796.399154152 289 8
797.141480207 83 8
798.688746719 2606 7
800.253859619 191 6
800.953565905 52 2
801.514216368 80 8
804.391330437 1357 2
805.409409904 152 7
806.810337197 2494 5
807.129763849 1519 6
811.213410579 26 1
816.985998547 8 5
819.657931207 4 1
821.266446770 4048 2
822.897393859 3317 1
823.814237855 899 7
827.300116154 246 7
827.543489933 124 2
830.081599503 718 1
834.134307129 11 8
836.377074475 85 2
837.193671717 5 8
838.395063480 23 2
839.385940958 22 4
840.026648927 706 8
840.654279219 724 7
841.060058066 18 5
841.217897586 1286 4
842.586729499 44 3
842.696298214 1899 3
843.532285460 995 7
843.801603436 35 1
843.884092509 96 4
844.041884663 915 5
845.044518682 2311 6
845.708156996 204 7
846.057565089 1119 3
846.155377170 2 7
846.268326627 430 7
847.190861450 41 4
847.598937159 52 2
850.538309760 240 5
851.218312546 1487 5
852.729508731 471 2
856.164297145 2050 4
856.476331185 472 5
857.442186890 139 5
858.247610280 6 1
860.244963682 3 8
862.778474074 4 3
863.365740792 9 7
865.178130005 12 8
865.965296353 115 4
868.196628967 160 7
868.365245497 1513 1
870.276865321 927 3
871.901832373 54 6
873.500895460 7 8
873.966784246 83 5
874.090033035 2255 7
874.237363689 1 4
875.548543699 650 6
876.162182478 25 6
878.574832508 899 2
879.147140288 1792 2
881.322346628 1 3
881.564806306 9 4
881.868059889 30 2
882.942479731 409 3
882.991758383 2 1
886.258058045 2119 4
888.082767771 1033 4
888.225443679 2 6
889.654664589 226 6
890.193793733 2877 3
890.281588969 372 1
892.783034715 1 1
896.640037217 1 6
897.944404075 1 4
902.256142214 35 5
903.183046062 1 3
904.967094191 1629 3
905.533786361 63 3
908.074386582 4 1
908.176659835 670 6
909.790280177 686 3
909.832755045 370 5
910.006358815 2 6
910.735563335 22 5
910.741743408 221 6
916.353526259 33 2
917.553404022 3840 2
919.313579919 157 8
920.158229665 4 6
920.540792598 400 2
923.005819021 2 2
923.925238634 49 5
923.954262412 93 5
926.665512801 697 1
930.652259780 1 6
932.504354706 287 5
933.515319674 18 6
933.745520735 37 1
934.033853600 115 2
934.289912111 3559 8
936.341263311 1 8
939.945150755 1 8
939.989628218 37 4
940.907728741 6 1
940.923213037 30 5
942.057836442 871 6
942.169108405 2193 4
945.647524611 1 4
949.390514005 58 1
949.668442588 5 7
950.629594461 22 2
952.859543302 1 6
958.908376965 628 6
960.449074664 23 5
962.132924913 365 4
962.815576409 26 4
964.875613079 1880 2
965.247016486 4 7
966.239009563 5 2
966.371673981 1735 5
966.528294635 1864 6
967.735178674 3004 8
970.059785073 2 8
970.115490117 535 1
972.571342041 97 8
973.880718159 8 1
974.004764945 834 5
975.614015517 10 2
977.653890388 8 2
979.789024588 44 3
979.813930534 674 7
980.534353452 34 6
982.711893089 19 2
986.245310571 31 7
986.834415397 156 6
987.384006184 55 4
993.107923781 677 6
997.336919144 161 4
998.412312107 78 8
998.700910961 62 7
998.950998455 3 5
1001.020711679 895 8
1001.618724089 1329 7
1002.125430832 53 1
1003.312596793 76 2
1006.285054228 45 7
1007.409447258 1 7
1007.601534888 1442 6
1008.305390289 11 8
1008.423083329 2466 4
1010.552920478 13 6
1010.786402877 3617 7
1012.183579391 2 6
1012.728362490 1252 3
1013.197550515 118 7
1013.981068757 3484 7
1014.043938116 1320 3
1016.122653668 21 2
1018.068480409 131 8
1019.275479082 12 7
1020.074117138 78 2
1020.721157504 3 2
1022.824136922 87 3
1022.969869223 41 7
1026.205479968 261 8
1026.521215507 210 2
1026.685676555 3068 1
1027.288309983 2 1
1029.031386570 3283 4
1029.694301447 32 7
1032.147973623 1 2
1033.623101748 417 2
1034.141774117 1846 3
1034.768700827 4 1
1041.502273081 3 4
1042.183411890 211 8
1042.766647371 10 3
1043.276299629 209 4
1044.440790207 120 6
1045.331963988 5 7
1048.524357118 104 5
1048.921296045 19 6
1051.066011063 76 7
1051.220811601 972 6
1051.686060963 57 1
1052.081041894 10 5
1052.093682859 1078 5
1053.206625935 123 8
1053.454036701 21 2
1054.330716988 14 1
1054.451140616 109 2
1054.573332816 3 3
1054.619027065 2 2
1055.700913001 1249 5
1057.011364239 3 3
1057.490541575 10 1
1059.872359246 252 7
1061.896340424 3 8
1065.313042079 148 4
1065.693237030 52 7
1066.042211426 16 5
1068.872857408 1765 2
1069.783555396 11 8
1071.399819533 1485 8
1074.843715705 1311 3
1074.849278037 722 2
1075.083438240 3 7
1076.779681476 2058 3
1079.964737333 17 4
1086.874764689 641 4
1087.990604753 5 4
1089.196468679 23 3
1090.953535338 3 2
1091.590529940 59 2
1093.346665150 793 8
1095.381029286 9 4
1100.935031467 209 1
1103.376916593 39 2
1103.803063310 29 6
1104.681661978 6 8
1105.409647314 10 6
1107.272979282 52 7
1110.759806854 1 3
1112.082901938 250 4
1114.702703699 26 4
1116.177783671 472 2
1117.382384580 285 4
1118.325747438 3071 2
1118.441811223 9 6
1118.875579666 92 6
1123.398137775 323 5
1124.120497542 226 8
1124.287161998 12 6
1124.494808770 1888 3
1124.524949398 27 3
1125.415224429 533 2
1127.334490516 25 8
1128.682706901 9 5
1129.498820817 73 7
1129.812427735 10 2
1132.622646741 393 4
1134.379573960 96 1
1134.693432311 54 6
1136.517565763 81 1
1136.635154945 3 7
1138.781341619 6 2
1140.799531368 436 5
1141.627887497 13 1
1141.999104112 3530 8
1143.810879485 5 7
1144.842169508 20 7
1145.622225735 32 8
1146.452582408 1 6
1148.517362389 2 2
1155.013117726 587 2
1156.278654820 1 1
1163.348188935 1603 5
1164.369667847 404 2
1165.447600443 6 4
1166.016933048 1 3
1166.717871394 282 3
1167.568620769 1 3
1169.248295667 18 1
1170.175702776 162 4
1170.933275674 11 2
1171.206158280 2 4
1171.325675563 27 6
1171.533573977 38 2
1172.798265587 3 1
1172.863715642 56 6
1172.896857159 13 7
1173.702645506 707 3
1173.747468901 9 1
1177.965933527 67 2
1178.334689490 106 4
1179.139835405 1045 4
1181.851303557 3023 7
1182.906664289 28 1
1186.402896356 7 8
1188.795786505 3 5
1192.043236539 1880 8
1192.584710354 8 7
1198.621785980 92 6
1198.631420602 37 7
1199.445828616 20 1
1201.204275813 2 7
1202.114633589 76 8
1203.879324608 7 5
1205.007852860 555 1
1206.698735073 3338 4
1206.883721169 1233 3
1207.549953789 64 2
1207.754629185 21 3
1208.991051149 23 5
1210.532755700 2145 2
1212.831456070 272 5
1215.988106154 96 8
1216.340352501 3 3
1218.852009363 2479 8
1221.295501096 1 3
1224.371601925 65 6
1226.331134460 2 8
1226.502873525 12 3
1227.440403793 244 3
1227.955330817 22 4
1228.091270563 89 7
1228.816855035 555 2
1230.495784712 235 6
1231.054508022 182 2
1233.584371119 2 6
1234.474368577 1110 4
1234.918137407 921 5
1235.233622447 24 2
1236.037104977 7 7
1237.067096394 7 1
1237.177249157 4 1
1237.952536285 626 6
1238.849512284 236 7
1239.613095836 1540 8
1239.650977548 2172 7
1239.721480467 6 4
1239.730174847 1 3
1241.198156993 3 6
1241.336470862 274 3
1242.288942079 3 6
1243.482009989 253 5
1243.637562699 24 2
1243.974765081 136 8
1249.589563036 3785 1
1250.795552210 1424 1
1252.113486373 2 2
1252.509648132 1 8
1253.236794699 87 3
1257.505293938 233 8
1258.029536663 82 8
1260.887012864 3 5
1261.027868977 79 3
1263.348850645 3 4
1263.888091376 1589 1
1265.535616264 1 8
1265.537406741 9 3
1268.227482723 12 1
1268.447643941 6 8
1270.549267418 18 5
1271.155114793 1912 3
1275.830388891 36 2
1276.116909273 15 8
1278.474529685 94 3
1280.320636145 1291 5
1280.651123893 8 2
1282.230873494 1 2
1283.286877923 1198 3
1284.055662951 5 4
1285.489864048 2833 4
1285.804643432 54 3
1288.184862494 79 1
1288.826742422 1441 8
1289.372120981 1979 5
1290.199142115 4 3
1294.048125606 421 3
1294.127472296 29 1
1296.039468823 100 4
1297.013775321 533 7
1297.927758976 1723 2
1300.722822246 2 2
1300.758355778 156 6
1303.097079193 75 4
1303.907730415 14 5
1303.961455938 1469 4
1304.745793451 2640 3
1305.514325298 260 2
1306.227772935 957 3
1306.373255684 2 5
1307.165564684 345 3
1308.187117923 697 5
1308.491744892 130 5
1308.963755672 5 2
1309.233256415 1 1
1313.610152641 51 7
1314.164564306 24 5
1314.186475336 171 8
1315.049919680 9 1
1316.038605550 2 5
1317.769037424 86 6
1318.685589039 8 4
1319.549662956 1477 8
1320.014547854 47 4
1321.692363995 522 1
1322.615685173 120 3
1325.337439316 224 7
1325.713946453 412 5
1326.339739364 47 8
1329.536753087 3 5
1330.872220388 3 6
1332.693561887 2107 4
1334.412317444 1 6
1335.538421043 7 7
1337.888474972 15 7
1339.750441511 5 7
1339.947072107 2 1
1340.266985998 423 3
1340.325436993 2 6
1340.695577027 151 1
1340.735238773 3645 7
1342.233925792 6 3
1342.331100761 5 7
1342.919290988 3328 1
1343.129722774 20 7
1344.359978881 4 5
1346.604829648 122 8
1348.338190563 2 2
1349.044097214 1 6
1350.646360037 1 7
1350.908422469 429 4
1351.295906424 110 2
1352.236347363 1 2
1360.005419063 252 4
1360.463348468 15 2
1360.846021679 35 5
1361.990668911 1 1
1366.818077578 135 6
1367.112827180 5 4
1370.148167009 287 6
1370.581781567 24 3
1372.638291967 116 2
1373.392667856 293 2
1374.640114606 1707 3
1375.185598840 294 4
1380.741088081 150 7
1381.817635026 9 2
1384.198195198 237 7
1384.315913893 3 3
1386.179980421 558 2
1386.238797789 3 7
1387.644598445 2 3
1388.790925437 6 6
1389.018038059 3 2
1389.639410861 132 6
1390.139771327 61 5
1392.605503742 56 7
1395.308643863 8 2
1396.863133678 24 2
1396.906711479 195 3
1397.063662336 237 5
1397.355088923 14 7
1399.298323658 98 8
1399.868206858 2796 3
1400.078111349 675 6
1400.520954334 27 3
1402.349098919 104 7
1404.053508849 1628 1
1404.661049367 28 3
1405.463582859 645 7
1405.639429114 49 4
1406.216090847 1 3
1406.235759618 2 1
1407.585531423 417 7
1408.897957910 21 4
1409.223785033 64 1
1411.576645041 8 6
1412.012761226 74 6
1413.091281214 4 5
1414.117143772 2 8
1414.359669739 267 5
1414.487636923 350 7
1420.237408935 15 6
1422.599871648 7 8
1424.285792788 671 3
1425.217432768 1 1
1426.617316542 84 3
1426.771571285 128 6
1426.911037467 498 5
1431.999150780 136 2
1433.785805738 964 5
1435.657853209 46 4
1435.773702080 1 2
1436.204397611 43 7
1436.497820826 1913 8
1436.777240405 3 8
1437.600934627 19 1
1438.769894125 8 3
1439.699343584 102 8
1441.388185554 23 3
1441.634932251 220 5
1442.146173632 22 8
1443.349717117 729 8
1444.664895916 1341 5
1445.416302446 55 6
1447.395158606 583 4
1447.777750011 1 2
1448.666363459 1 4
1449.713499685 30 5
1451.620731661 2 5
1451.686669022 52 2
1452.527063366 148 8
1452.715955636 4046 1
1456.043358407 1 5
1457.904171438 145 5
1458.283849964 157 1
1459.110033837 15 6
1459.160216182 253 3
1459.727667993 1102 1
1459.936602069 2 6
1460.921113791 232 7
1462.225296172 57 7
1464.076976998 2010 3
1464.847521160 23 3
1475.311744037 89 8
1475.792296191 29 7
1478.531147850 3334 5
1479.938953063 1 3
1480.959836529 205 2
1481.542359637 3 1
1482.171007504 1067 7
1482.183563665 1 2
1482.306682721 2 5
1482.393795874 2487 7
1484.664456610 213 5
1487.069764277 1104 2
1493.390358294 1557 7
1494.395601275 69 1
1495.615385025 3 3
1496.234738027 1 3
1499.992785083 2236 7
1501.172161119 1753 4
1502.858530614 7 3
1504.328509624 249 6
1505.471101499 1599 8
1508.510867367 11 4
1510.184072088 1133 3
1510.926971436 44 1
1511.304834789 180 8
1511.327917006 16 2
1513.442634835 846 2
1516.643269242 608 1
1517.063056085 17 2
1517.659618662 1 4
1517.870194897 10 2
1518.409313698 1072 1
1519.176310979 410 6
1519.271028680 38 1
1519.418620781 361 8
1519.420951484 144 5
1522.035185752 1333 8
1522.043384874 17 1
1522.429009369 766 2
1522.747682008 13 1
1523.229786185 1668 3
1528.148031274 61 8
1528.905633182 28 7
1531.295958030 285 5
1533.181224102 2701 6
1533.892570873 77 3
1536.327373452 1656 8
1537.364516246 419 2
1539.444783641 65 3
1542.447608077 63 1
1543.361946097 1 4
1545.869203279 1 2
1546.040175765 678 8
1546.739748726 290 1
1549.609094019 248 7
1550.434805146 2 1
1550.556920195 7 6
1551.628336649 5 7
1552.364630871 22 1
1556.193202589 1 6
1556.701312966 1873 4
1556.805940151 1783 5
1558.673902611 11 8
1564.179394577 43 1
1564.286576902 73 4
1564.986885621 88 8
1565.109185161 731 1
1566.377847276 3079 1
1566.678729323 434 6
1566.805218760 1583 3
1570.281009163 2 5
1574.284705944 62 8
1574.759528277 464 5
1574.816615251 65 7
1579.518284251 1 2
1579.541823654 187 5
1580.708222766 650 3
1582.005806701 5 8
1582.457186566 11 7
1584.469216616 36 5
1584.740873090 11 2
1585.393155546 207 7
1585.456130351 90 7
1593.532078934 1101 7
1597.193949769 2 6
1602.938062561 1354 6
1603.167963104 3489 4
1604.188222669 1842 1
1604.628451784 5 4
1605.296711525 1909 5
1608.695255554 4 3
1609.228423195 820 6
1610.766983700 4 8
1614.909055058 373 8
1615.730583885 85 2
1616.049149558 88 6
1618.589937546 420 3
1618.971913334 2 3
1619.228859799 3 4
1619.533693476 79 1
1620.091838064 1 6
1621.186852325 64 6
1628.958218713 1 2
1632.652060507 2 8
1633.127998403 447 1
1633.840300056 74 8
1636.269844969 1001 3
1636.311088593 1 7
1636.443916135 4 1
1637.094091261 1 5
1637.532448436 973 4
1639.353324862 1802 8
1641.938201059 274 5
1642.257001746 1 4
1643.240257928 1 7
1644.371182759 2 8
1646.362191936 1135 7
1646.975648838 85 7
1647.203409766 2 8
1647.606788275 14 4
1648.094660365 122 4
1648.151801829 11 1
1648.246902958 1 2
1648.634649503 2 2
1649.780037267 3 4
1652.783286773 1 7
1653.724532369 36 1
1654.397973890 3 6
1655.363949848 82 7
1655.856716414 10 8
1656.000963402 4 4
1656.352440742 39 6
1658.739450934 13 7
1663.249358153 56 7
1664.346032540 16 6
1664.702383692 90 2
1668.296473758 2 3
1670.082632706 1 3
1670.493563455 116 7
1670.525756652 2688 7
1670.848607899 2915 3
1671.012622404 4 7
1671.406088710 91 7
1672.943873769 3 8
1674.102870262 3 5
1674.636765671 3 3
1674.961843224 664 6
1675.073641267 1 3
1675.103025493 5 2
1679.224244328 17 8
1679.508319383 298 4
1684.265155229 8 3
1684.933973649 10 1
1686.915655340 250 8
1687.818003603 106 2
1689.323128990 3861 7
1690.742751277 9 4
1690.794669189 53 6
1693.870933297 314 5
1694.195219562 18 2
1694.583988483 3485 1
1696.053585725 310 7
1696.597160777 1 6
1697.949316479 1 2
1699.495169585 2 7
1702.026651563 1202 3
1703.038700417 1 4
1707.695326217 5 3
1708.376179621 832 2
1712.514026764 195 6
1714.053595875 1 8
1714.337341265 135 4
1717.036394108 13 2
1717.778834776 1996 3
1724.095952743 2 1
1725.554881156 8 6
1726.700606297 220 3
1726.753792874 1200 1
1726.881555906 41 3
1728.471410367 1 5
1732.891057011 10 1
1733.388366343 1 8
1734.165151598 1307 1
1734.746825950 7 2
1735.903454420 750 4
1736.090870620 21 2
1740.884519210 2999 3
1745.855291755 361 3
1746.414160983 1 2
1747.065760034 631 5
1750.481474039 26 8
1752.149475151 263 4
1752.383131195 46 3
1752.846950295 22 1
1754.722368975 771 5
1755.105297218 3713 3
1758.132376521 629 8
1758.971831431 3 2
1759.612441175 3 1
1763.418029101 2159 4
1763.529800864 3 7
1764.537698379 56 8
1768.323722368 3 8
1768.730836062 766 3
1768.943164756 2847 6
1768.943266496 16 1
1769.067427552 2 3
1773.161623776 14 5
1773.638964133 12 1
1774.963008473 2856 7
1776.372181887 4 8
1777.164713602 460 8
1778.034306734 3370 4
1778.442273934 3537 8
1778.795391628 1164 7
1784.608536114 2 2
1786.690364326 2 2
1786.754795277 494 2
1788.139181656 164 6
1790.026209191 3411 8
1790.718652905 2 8
1793.654864084 18 5
1793.727700942 417 1
1794.104079561 1566 7
1794.156038178 25 8
1795.449369076 7 8
1795.808731971 1909 2
1795.877627035 692 2
1795.998145078 13 2
1798.740002988 6 5
1798.908255934 7 8
1799.120024758 36 3
1801.636864854 272 1
1801.638472778 1 1
1802.551386074 356 4
1805.614749723 2386 7
1809.230677046 3468 7
1812.751233730 57 8
1813.511711134 3071 2
1813.515023567 93 8
1813.648507532 110 8
1814.421587477 1246 4
1817.220345737 26 4
1818.100042426 2624 5
1821.343140594 32 4
1821.628471363 54 8
1821.707062246 19 8
1825.543206460 64 7
1826.690500171 3 2
1826.881202975 13 3
1828.798100181 38 8
1832.680437465 1409 8
1833.074024929 26 5
1838.247759840 1402 3
1838.387106314 340 2
1844.000988279 2904 1
1844.727927535 1930 1
1846.834313927 4 4
1848.000474252 1 5
1850.184220412 3855 1
1851.515588392 1 7
1852.338949704 29 5
1853.942070458 934 8
1854.394268536 887 5
1856.729446235 3500 7
1859.160794714 53 4
1861.864273092 255 1
1862.665221965 1490 7
1862.669508463 501 8
1863.066858948 16 6
1864.625800219 3 2
1864.747066927 11 3
1865.501060966 25 3
1866.881126551 71 2
1867.033543504 8 4
1869.099073629 106 7
1869.401987493 92 1
1870.752834688 5 5
1870.962864369 6 8
1873.757794891 95 8
1874.463618410 81 7
1875.722077415 2 1
1875.941969303 40 4
1876.810726803 662 5
1877.429420722 692 4
1878.668770734 2 6
1879.567207296 748 1
1880.521355580 1 5
1880.566724621 11 7
1881.478031620 128 6
1881.990002307 32 4
1882.700345699 2194 2
1883.779015115 191 3
1888.059759939 144 6
1888.486115162 1 2
1889.925148453 14 1
1890.665241212 20 7
1892.686025137 29 7
1894.382838498 29 6
1896.974691915 1 6
1898.408872872 999 7
1899.446532100 27 1
1900.185949477 480 8
1901.039728933 219 3
1904.010494227 487 6
1906.045121780 173 6
1907.979512321 148 4
1908.742744850 424 1
1909.765237805 1 6
1911.647543258 34 6
1914.115611139 55 6
1916.831114222 1 2
1916.999400757 3508 8
1918.816685483 8 8
1919.153612439 2608 3
1922.123841807 113 7
1927.171810425 23 1
1927.438121435 5 3
1928.034289090 1 7
1928.080847496 374 6
1928.265507266 286 8
1928.667659659 3580 5
1929.469858775 17 4
1930.067451629 3882 3
1930.118106935 39 6
1933.726197833 5 1
1934.360000384 585 3
1936.486535670 1 4
1939.428490643 84 6
1940.325577985 1871 4
1942.422874637 1 1
1943.183471660 462 7
1943.183515174 27 6
1943.501344428 83 6
1945.111356040 4 5
1946.417129067 8 7
1946.653869240 133 1
1949.741217837 410 4
1950.181792969 271 1
1950.216574299 5 7
1951.339216110 5 8
1951.712579462 88 3
1956.053689561 76 2
1956.068996547 1 5
1956.632209027 6 3
1957.564111489 77 2
1958.719774124 1 2
1960.248943118 44 8
1960.848628542 31 4
1961.188657456 392 5
1963.021867780 1343 6
1963.135521491 3540 2
1964.437386297 159 2
1965.457943689 49 4
1966.114559235 2813 5
1967.112311331 3 4
1967.598634994 859 7
1968.226110035 129 1
1969.908249074 126 1
1970.010563805 1 8
1971.384973941 2 7
1972.861172167 796 3
1973.533945689 664 2
1973.843106016 1157 5
1974.837556205 16 3
1976.304340260 355 8
1976.801391326 91 1
1977.394005044 70 3
1978.422188883 2329 6
1981.785597894 6 2
1983.134658283 143 5
1985.315895520 60 6
1988.022088754 1696 2
1988.499238080 42 5
1988.723952945 2582 1
1990.258405361 2476 1
1990.524985231 2037 8
1993.432477847 10 7
1993.853830786 558 3
1994.456420329 782 2
1995.593727626 1287 3
1998.630437992 30 6
1998.657929362 3807 6
2000.960034541 1997 2
2002.353807532 1 7
2002.486117233 192 3
2002.573722276 963 2
2008.305310445 462 8
2008.917804193 64 7
2009.362663833 4 5
2014.354670339 16 4
2014.631119079 84 5
2014.918891015 1 6
2018.423157554 784 1
2020.211443788 2360 4
2020.309279666 1769 1
2020.492906494 536 1
2020.924887803 189 8
2021.080211949 326 1
2021.304206425 471 8
2021.601519835 3 7
2022.347331493 60 2
2024.775955126 3281 7
2027.354496121 274 1
2030.444953695 6 5
2036.269381757 459 1
2038.121934995 2755 7
2038.628988939 1080 5
2041.856790489 3711 7
2043.002969331 3 5
2044.621922059 2137 2
2046.431401816 484 7
2046.805123315 2234 7
2049.928538406 67 1
2052.179112704 1 8
2056.846543243 928 1
2057.520028038 2 1
2059.732051729 236 1
2059.886238765 45 5
2060.727172904 1 3
2061.848896668 3050 3
2061.966861134 197 6
2062.375606737 21 7
2062.925322904 3244 8
2065.700102376 49 4
2069.418196847 2436 1
2070.081330229 1 7
2070.829678506 2328 4
2074.181320166 41 2
2074.346374076 417 7
2074.453310887 7 2
2076.956563119 46 5
2077.886957041 1 4
2079.837277345 2 2
2080.081863292 7 5
2083.473016876 1 8
2084.133255504 39 7
2084.275690226 2579 2
2084.702527929 1 3
2085.969595633 13 3
2088.803494415 6 2
2088.817029445 27 8
2093.134887326 1750 6
2094.779941656 1 6
2095.345957456 135 2
2095.792530465 600 1
2100.097553784 1865 3
2100.175764426 2 2
2100.760721194 4 3
2101.731839670 189 1
2106.651241232 1 8
2107.189529786 15 5
2108.764893112 55 5
2108.832617665 94 7
2114.325191360 1 1
2115.308834369 4 5
2116.248191305 2946 1
2117.406100158 20 5
2120.913501994 1540 7
2121.067578513 253 3
2123.513919003 316 3
2124.226618977 1204 2
2124.391495323 132 7
2124.969872367 5 7
2125.368903907 381 5
2126.812375229 574 6
2127.222970406 2 4
2127.498777427 2 1
2127.760586868 3222 8
2128.039755776 5 6
2131.486218168 4 6
2133.014821540 146 1
2133.258281661 57 6
2133.472607492 18 7
2134.706111254 666 6
2135.326703612 233 4
2135.421011688 1263 1
2137.794019275 1 5
2138.296370422 1 6
2139.751168648 29 5
2142.408434349 630 6
2143.198402642 2 7
2145.197578330 1169 8
2148.902100608 287 7
2149.475846327 6 5
2152.690159269 26 8
2153.299991319 3 5
2154.811234954 509 2
2156.934831025 65 2
2157.040957864 14 6
2157.654716492 18 2
2158.839095244 1679 6
2159.211559040 1 4
2159.453658537 204 5
2160.276980767 42 4
2164.743695739 11 2
2165.030434308 906 4
2165.195952256 735 8
2165.510872546 19 7
2166.529974967 943 8
2168.946101879 3 7
2169.356538023 6 6
2174.061587349 27 6
2174.430220527 11 6
2175.333383861 8 3
2175.552534934 426 1
2175.593321900 4 6
2178.359695965 677 8
2179.079802167 345 2
2179.903648186 38 4
2180.308358612 560 5
2182.753091831 187 7
2184.668154706 2 1
2187.146690906 20 5
2188.660907092 1 8
2189.609048580 113 7
2189.756293936 402 3
2190.884804729 127 6
2191.674326494 38 4
2192.811340504 66 7
2193.454987144 1 2
2193.709768682 1 2
2196.211834645 1 4
2196.482321916 129 6
2197.876843634 2 3
2199.125237388 90 2
2202.059467550 11 1
2205.529928948 238 4
2205.904166010 37 8
2209.621646370 1 2
2210.542887371 3 5
2210.547857691 1828 8
2212.807643958 537 6
2213.002014973 4 6
2213.215729930 2653 5
2213.544313992 2462 3
2215.011796485 1 6
2215.962194890 2 7
2216.388896227 27 7
2219.037296091 1 1
2219.487328450 304 7
2219.512592302 137 1
2221.645927473 156 5
2221.853471604 50 2
2224.465595306 3099 4
2224.888529797 230 6
2224.898910254 315 1
2226.344843883 6 1
2228.712493738 332 4
2229.445941968 1 1
2229.723426089 11 6
2230.170179411 4 7
2230.647375920 4 5
2232.101406069 1 8
2234.086404428 1 1
2235.465863512 133 6
2240.044629137 4 4
2241.721527639 3 4
2242.847254183 13 8
2243.055456641 1 3
2246.351765359 15 6
2246.383204071 2485 3
2248.550953439 141 8
2251.447823699 62 7
2251.939693186 7 5
2252.418730735 2230 3
2252.992875167 2 4
2258.530726307 2035 8
2261.648017238 3 5
2261.797787004 409 8
2261.901378585 3 7
2262.470270826 1934 4
2262.996326563 11 7
2264.391243481 1050 5
2264.402575070 401 1
2268.022493778 116 8
2269.156250253 1429 2
2271.047414032 338 7
2271.404135863 6 1
2271.577856890 209 6
2272.066872107 728 4
2274.524577977 2 5
2276.232644373 165 4
2276.407959698 767 8
2280.535473976 401 8
2281.820658738 40 5
2282.248068557 2 3
2283.009499756 7 3
2283.336892767 121 4
2283.514716542 248 1
2284.563309218 498 5
2284.564494088 59 8
2284.997292893 380 1
2287.091052535 75 2
2287.334871678 480 1
2288.817493812 4065 6
2289.317569935 420 2
2290.121287498 4 3
2290.212210297 10 1
2291.576452773 4 1
2292.296023973 2528 1
2297.763404644 78 8
2300.358227332 18 6
2301.485332487 1648 3
2304.191175338 1 6
2305.347787608 1904 1
2305.443050186 10 4
2306.098595685 7 2
2307.894918471 23 7
2311.050289452 3 3
2314.439702635 124 1
2317.960221252 28 3
2320.175747291 27 2
2321.084677119 2339 2
2322.026511751 21 3
2322.050448702 35 5
2323.078450646 87 1
2324.180238599 78 1
2325.007229996 11 3
2327.246446143 139 3
2329.965351232 13 7
2331.363365905 25 7
2333.439590891 1 6
2334.091889515 1 3
2336.879733789 417 8
2337.545303070 412 2
2344.000967134 2764 1
2346.114534576 481 3
2348.587795974 3 5
2348.725803443 1523 4
2350.063738160 33 2
2351.332695036 147 5
2352.154340888 3 2
2355.221415203 1 7
2355.496536329 615 4
2355.758729986 854 4
2356.086854454 92 7
2357.658614643 242 7
2359.741830889 141 8
2360.158402229 1 2
2365.102892666 233 3
2365.329876591 17 3
2366.784877603 602 3
2368.870398080 1062 5
2369.122356964 2325 5
2370.867428724 70 2
2373.431124347 48 3
2373.891802245 1570 7
2373.966057794 16 5
2377.045287562 1166 1
2379.850373838 1683 6
2382.419049133 129 6
2383.000105500 837 7
2384.335040173 856 7
2389.188298955 99 6
2389.571205558 53 2
2393.878031178 205 2
2396.794996765 5 4
2396.889755099 115 2
2397.111857717 1 1
2398.842687037 864 7
2398.885597391 143 4
2399.248993723 890 8
2399.537166891 904 5
2400.928310518 19 1
2401.717014503 2588 7
2404.057092274 2 8
2405.747481078 18 4
2406.377604988 27 8
2408.548814659 392 3
2408.803882513 25 8
2411.742990973 2821 7
2412.363398751 6 6
2413.623496728 17 5
2414.308849853 979 2
2415.662176858 1612 6
2418.809261202 124 1
2418.880520510 172 5
2420.722420972 1351 2
2423.049035771 536 2
2427.714298310 210 4
2428.017711595 117 1
2429.282790892 3 4
2429.882288514 525 1
2430.340435739 1 2
2430.897871317 12 5
2432.533463039 2782 8
2432.829455676 1 7
2433.823269880 109 7
2434.340970032 3543 2
2434.755380279 2176 3
2438.561018876 53 7
2438.894981827 9 4
2439.963351781 928 6
2441.150860215 488 4
2442.981001640 73 3
2445.416546280 10 5
2445.467040552 3 4
2446.664486239 623 8
2447.237062084 6 5
2447.252539180 10 7
2448.169294977 2121 8
2448.438500015 11 6
2448.667748374 25 1
2448.864904597 362 7
2449.585537248 3479 1
2450.849189270 600 4
2452.332402906 752 8
2455.023564460 56 4
2455.461926675 600 4
2457.322862410 4 2
2457.672224360 470 8
2460.151671571 30 3
2462.312230176 39 5
2464.488548409 1 2
2464.909484136 1 3
2465.201972510 89 5
2467.576289683 3081 5
2470.481480350 4 2
2472.588493671 86 1
2474.134178705 19 3
2474.253578159 1813 4
2475.213566263 2 6
2475.300782096 152 1
2479.981013793 133 6
2480.035799341 1332 5
2480.870437851 83 3
2481.991307373 22 4
2482.014584039 434 7
2483.112387932 744 2
2487.337758004 24 1
2489.249287227 59 1
2489.327151155 84 4
2491.358162228 9 7
2493.560413540 4 8
2498.120788566 5 7
2498.325777923 498 7
2502.758213834 13 3
2502.823293360 442 4
2505.797891294 12 1
2510.194113216 16 8
2512.512469617 8 4
2513.470299176 3473 8
2516.047074934 241 3
2516.216890821 113 6
2516.234752220 1 8
2516.591096554 42 5
2516.894130811 53 8
2522.189582486 12 6
2523.169268831 1 3
2526.444429471 6 4
2526.774504708 1 6
2527.268578425 120 1
2529.541900445 3228 2
2530.614112297 6 1
2532.025170137 5 1
2532.543757349 3120 7
2534.284072748 195 3
2534.603328515 7 5
2535.202855421 566 5
2536.421247834 58 5
2536.836990431 4 1
2538.451146221 16 8
2539.031115451 287 5
2539.157685858 18 6
2540.337493170 189 7
2540.682339526 3928 5
2541.467267948 8 7
2541.664939155 3286 6
2543.186812844 6 8
2544.177445996 3049 2
2544.606516643 15 1
2549.951985273 3 5
2550.770319947 146 2
2553.524252857 764 8
2556.099356877 2780 6
2560.027147198 542 7
2561.098171782 2945 3
2561.805995198 204 5
2563.736221274 121 1
2564.271332508 2819 4
2565.250318367 672 5
2565.257170168 22 2
2567.765064448 24 6
2567.825919567 1 5
2568.700305073 21 4
2570.135463355 1 8
2570.584610529 43 8
2570.913028754 138 8
2571.039472139 17 4
2571.628886546 1747 2
2571.772123340 13 7
2572.105314444 81 8
2573.209221962 40 4
2573.517643049 12 2
2573.684428232 130 3
2574.033075749 17 1
2574.498872099 739 6
2578.555229426 36 1
2579.532335080 106 3
2581.831391224 86 6
2582.481617739 14 4
2583.103111322 3 3
2584.389493669 89 2
2585.313196495 381 2
2585.615245534 39 1
2588.045689274 1759 2
2588.355241218 3 6
2589.276018502 5 1
2589.927786551 7 1
2590.630483564 39 1
2593.469956205 1024 5
2596.233617852 787 7
2598.140953678 56 2
2598.437712491 1 1
2602.643832691 685 5
2602.980794868 3 4
2604.606872983 5 3
2605.311516947 1 6
2608.053125236 489 6
2608.398810188 13 7
2609.548192378 631 1
2610.373784841 21 5
2611.573915012 22 8
2615.806907963 114 4
2617.245890146 2356 1
2618.575366611 25 6
2620.702174320 2 2
2623.168658545 231 6
2624.744660330 1040 4
2627.923465911 212 4
2629.206592776 726 1
2629.316824537 1679 3
2630.387379366 5 5
2631.738998189 2557 7
2631.917550420 21 7
2632.765903905 133 8
2633.655823922 33 4
2634.332325286 216 3
2638.776847381 66 4
2639.327572824 2417 3
2640.800543777 1 7
2646.393748791 44 8
2651.388178649 2 8
2652.272842075 84 6
2653.216373438 582 7
2653.225272716 24 8
2655.639817801 256 2
2655.704476456 8 4
2659.232962565 346 5
2660.584894307 11 5
2660.807717267 51 4
2661.270787127 1781 7
2661.941328295 55 8
2663.056005152 10 5
2667.047443921 110 4
2668.676796392 31 6
2669.919663770 1 1
2673.040254042 3 6
2675.364011875 6 7
2675.775848000 831 4
2676.228429315 33 7
2679.835886731 3741 1
2680.472035413 2620 2
2681.503683287 10 6
2683.123919429 24 6
2683.398305181 200 4
2683.440331311 12 6
2684.052989233 8 6
2684.500942243 615 3
2689.041410306 620 8
2690.480263158 49 8
2690.611947558 1 4
2692.376503427 500 3
2692.835370634 4 3
2693.617416273 361 7
2693.761224589 3 6
2696.131584363 91 2
2699.275491405 53 3
2700.255684701 49 1
2701.130741012 446 3
2702.764555525 119 2
2703.507453548 52 1
