8 5.392799327 19.965395759 0.029228041 5342.930093329 17
1768.476844104 293.385847251 0.006051195 0.002359153 969.631711914 0.500000000 0.500000000
21
1 0.415358078 1.880159937 0.472403436 0.687891203 17.279590113 0.986232741
2 0.430479503 1.985831587 0.481494707 0.693742600 17.299729958 0.989172050
4 -1.000000000 2.197174888 0.499677248 -1.000000000 17.340009647 0.995050667
8 0.521208052 2.619861489 0.536042330 0.728850982 17.420569024 -1.000000000
16 -1.000000000 -1.000000000 0.608772494 0.775662158 17.581687779 1.030322369
32 -1.000000000 5.155981098 0.754232822 0.869284510 -1.000000000 1.077351306
64 1.368007843 8.537473909 1.045153478 1.056529214 18.548400309 1.171409180
128 2.335779034 15.300459532 -1.000000000 1.431018622 19.837350349 1.359524927
256 4.271321415 28.826430777 2.790677416 2.179997439 -1.000000000 1.735756421
512 -1.000000000 55.878373268 5.118042667 3.677955072 27.571050588 2.488219410
637 10.032584283 69.087329562 6.254451481 4.409379697 30.088531135 2.855632978
800 12.497376534 86.311808570 7.736328574 5.363157409 33.371325767 3.334740272
838 -1.000000000 90.327331284 8.081796853 5.585510495 34.136639854 3.446433997
1024 15.884575701 -1.000000000 9.772773168 6.673870337 37.882650907 -1.000000000
1372 21.146831549 146.755992573 12.936535306 8.710156495 44.891316749 5.016024762
1626 24.987673461 -1.000000000 15.245718016 10.196411334 50.006837219 5.762609134
2048 31.368914748 218.190028213 19.082234171 12.665700869 58.505851545 7.002997342
2076 31.792314644 221.148834423 19.336789745 12.829539985 59.069767187 7.085297981
3003 -1.000000000 319.106454302 27.764397509 18.253785008 77.739402921 9.810037006
3373 51.404802676 358.204964933 31.128167598 20.418801899 85.191145339 10.897581170
4096 62.337592843 434.605568139 37.701156177 24.649361932 99.752252821 13.022701251
1792
1.217593024 3 2
1.499579626 44 6
1.759176944 2 7
1.915295187 21 7
2.246040403 26 7
2.758161923 760 4
2.987604035 4 3
3.106819190 227 3
4.116205187 318 8
5.016279417 123 6
5.165500219 7 7
5.636040120 2 7
7.281289554 2596 5
7.438465676 2917 5
9.135223602 3 7
9.163665960 2483 4
9.683790196 6 7
9.931529398 1731 1
10.136822624 1486 5
10.568949270 215 1
10.607131938 4 1
10.628043626 63 1
10.764540465 301 8
10.775268270 2 8
10.871129147 26 8
11.158567562 1 6
13.605263445 169 3
14.027940121 3422 6
14.245241059 1 8
15.448470437 9 5
15.472037956 428 3
15.734460822 894 5
16.258306553 2 1
16.420846513 32 1
17.951002815 116 4
17.961158057 497 8
17.961860395 27 2
18.666505103 91 7
21.794790565 2 5
22.591276726 338 2
22.828068278 1 7
23.400841004 1 4
24.084040854 2 8
24.439186689 160 6
29.583966040 39 4
30.400395548 98 6
30.579057778 117 5
30.773006206 615 1
31.632527788 2 8
31.947117239 3109 7
32.183957390 2559 7
32.798577059 317 3
33.143995445 133 7
34.250399579 1 1
34.832026699 9 8
34.874793322 524 2
36.275207545 2186 3
36.737432555 3244 1
37.081346167 1 4
37.593978888 2 7
37.594423991 22 8
37.692364235 151 1
37.960614541 77 3
38.499679419 77 1
39.726670560 153 6
39.962599835 3 6
40.568231683 126 5
42.670408332 310 6
42.675576316 31 5
43.011988317 211 1
44.091902820 9 6
44.452532939 1805 5
46.040676942 1423 6
46.555796863 11 2
46.966510406 756 3
47.837802817 90 5
48.037439463 2870 5
48.100327046 3 7
48.314752510 49 7
53.525493534 344 5
54.598856081 16 1
54.614547499 202 6
54.662718339 771 8
54.915049539 31 7
57.351674967 30 8
57.437682296 71 2
57.527530509 30 7
58.469322913 1 4
61.224989244 169 5
62.697374599 52 1
63.033373359 13 8
63.116478724 12 7
63.765343133 1 4
64.138911785 2770 2
64.851726731 25 6
64.924393771 3746 5
65.860559958 1 4
66.066038406 24 4
67.427008272 18 7
68.046941730 6 5
68.078709134 1 2
69.358295266 68 2
69.421423970 3 5
71.266032926 1 8
71.571596788 138 2
71.652844751 82 8
72.022958103 143 1
72.051574068 108 2
73.525612510 472 5
73.863214995 613 7
74.328156176 10 7
75.027831114 14 5
75.737707187 32 5
75.921803285 973 4
76.533226769 861 6
76.533695192 14 4
76.839730595 2 5
78.448844453 8 5
79.015120788 13 7
81.635474709 74 7
82.230650047 10 3
83.379333444 1018 3
85.054287720 7 3
85.193025368 13 2
85.598837981 3575 8
85.670883393 457 5
89.074453451 67 7
89.589682054 2159 1
89.891531185 11 4
90.876181159 602 2
91.569577502 105 8
92.380867741 6 3
92.460703523 2 7
93.038500179 1 7
93.249932695 3892 5
94.663158510 121 3
95.582698884 44 1
96.308423880 2 1
96.360541089 2610 8
96.722041488 995 8
96.738995119 2 2
97.593165640 4 3
98.140537392 1 5
98.931620542 5 2
99.071620684 92 8
99.919576931 523 8
100.118528086 41 6
102.212977144 519 8
102.411845448 1648 7
102.552026976 1099 6
102.706386509 2583 5
103.961897444 6 1
104.244303564 4 5
104.764614727 1918 8
105.532222404 28 2
106.854333915 129 1
108.737161216 756 5
108.858378463 708 6
109.495643138 28 2
110.288135346 3746 8
112.356532799 635 8
113.231220418 1 1
113.452978813 17 7
114.392534558 2 2
114.451736920 145 3
115.124479803 66 3
115.371861638 396 1
116.337976751 109 5
116.378693775 3708 2
116.960191813 63 6
117.588185456 1897 7
117.823669353 210 3
117.928706305 90 1
118.190466798 958 4
118.296786082 185 7
118.863513257 1130 7
120.330234791 2 2
122.500940043 1002 7
122.673831137 62 5
122.822812499 355 3
122.938239351 796 5
123.759519314 23 6
124.070555432 2 8
125.132970180 8 2
125.613519139 1 6
125.760873715 375 2
127.118963460 12 4
127.130855656 3775 2
127.871988011 10 3
128.188869962 215 5
128.363070322 282 2
128.449362773 83 7
129.267722921 17 8
130.611840958 1238 2
131.770227289 3 5
132.082307397 1 6
132.444285669 12 2
132.966191372 11 6
134.152792798 2 3
134.296795042 116 6
134.412987833 78 5
135.367070980 291 3
135.779971221 2134 5
135.813527565 38 1
138.128088333 612 1
138.678350148 15 3
139.895138118 4 5
141.426921058 8 3
141.507891310 185 5
142.113524485 171 8
142.947053793 1 5
143.106603081 637 7
144.167943492 148 7
145.309729006 355 2
146.177899170 2304 7
146.238958160 1 5
147.376753070 9 3
147.584815664 5 8
148.370497732 51 2
148.550887862 706 7
149.363681791 1876 1
149.888966954 31 6
153.348709704 261 2
153.833661077 26 2
154.518233837 1 2
155.147631445 1 2
156.348876829 2694 3
156.504192945 1 5
156.648204207 1879 5
156.784351708 107 7
157.082069150 83 5
157.528153933 1 3
157.585005548 4 3
157.689606329 149 1
160.736496436 540 2
161.561062484 10 2
161.879341835 1 5
162.269034927 32 6
162.305439799 2 5
162.620336762 2438 6
164.558080973 170 8
165.328691656 541 8
165.329223836 3664 5
166.312877105 8 7
166.851798475 95 3
167.572109521 152 8
167.854846589 94 8
168.416564611 137 6
168.533414105 9 5
169.921462539 2844 7
170.115899059 491 2
170.940181441 4 8
171.390316016 221 2
171.976452141 65 1
172.571481750 2 2
173.547406893 562 6
173.614094939 7 6
174.060969232 768 6
174.251642339 1021 8
175.267894734 361 3
176.194595507 693 6
176.722235316 524 7
177.022109084 1671 5
177.172887012 40 8
177.455585244 87 7
177.622270026 4 6
177.715178270 531 7
178.216462826 878 4
179.250306025 2 7
179.301912173 247 5
179.739840618 1268 1
180.607975498 52 2
181.432353204 1499 6
181.877359790 152 3
182.131239810 1440 6
182.138861633 2268 7
182.276919303 289 8
183.782797695 111 5
183.859421840 506 3
186.380993884 664 1
186.747551753 2 2
186.933216264 286 6
187.830596200 40 2
189.491219457 4 7
190.048442669 1411 7
190.137343239 406 5
193.903502513 9 4
193.939733842 366 6
193.969700041 2 3
194.600925535 25 2
196.035298026 726 2
196.063831499 1 2
197.592939735 412 5
198.084183744 1955 7
198.734929877 18 1
203.184907261 123 4
203.233105440 2 1
204.042751972 975 1
204.586498804 62 8
204.906957389 7 4
205.261260915 2 7
207.379529503 3 8
207.416884427 4 6
210.986567454 172 4
211.282599379 271 1
212.135902288 164 7
212.465945366 341 8
213.057460016 1 4
213.078754615 308 7
213.838646299 3979 7
214.113275819 6 4
214.548204759 2 6
214.898532143 2221 8
215.400173716 381 7
216.245243523 3 5
216.580553530 194 6
216.589942073 2977 8
217.646756313 1 3
217.892037483 3566 6
218.480592448 1778 4
218.971758211 1722 1
219.570061894 3 5
221.237055602 750 2
221.636314903 39 7
223.111378225 13 7
223.650732493 1 2
223.763843238 454 8
226.067012023 9 2
227.323940465 1 5
228.433242140 468 2
229.106381817 1929 5
229.657555158 21 6
229.670206179 856 4
230.611189315 891 1
230.739563400 1 3
230.750459687 572 5
231.296963540 230 4
231.638926197 1 6
231.930241949 3 4
232.101469264 18 4
232.873142310 1110 4
233.083213613 419 1
233.401896924 345 5
233.651052444 26 4
233.833627495 1 4
235.209351194 2783 6
235.900046047 35 3
236.001494810 90 1
236.721069879 10 8
237.057477910 476 3
237.657306942 12 3
238.874517043 9 4
240.660404677 2124 3
241.245377756 22 5
241.739229435 1 8
241.903689068 90 6
242.494562522 1 4
242.683322177 2383 8
243.429125727 12 6
243.826063301 10 6
244.538024973 89 1
245.027675572 67 7
245.101473145 28 2
246.891836781 660 1
248.794453123 151 7
248.823555266 89 3
250.102613809 20 5
251.152530425 709 6
252.258100371 3 8
253.259517724 6 1
253.401842365 172 3
254.280785571 797 3
254.503881892 357 3
256.259885595 69 3
256.267033137 197 7
257.956900614 923 7
258.504970695 74 4
260.243213934 268 3
261.070260890 712 4
261.157711679 25 4
261.913425474 196 5
262.101469775 4 6
263.492417463 13 2
263.674927193 189 8
264.302349621 28 7
266.892967372 67 2
267.919547186 711 2
268.398728876 188 4
268.434910313 206 5
270.932010807 920 4
271.438838291 1021 1
272.126673394 2671 4
272.483262059 8 5
273.438670879 10 3
273.574540077 1638 2
273.578275663 124 5
273.643920483 506 6
274.328942648 92 5
274.444535597 3242 3
274.693763435 6 3
275.188705050 7 7
275.343767051 53 6
277.337705974 2 8
277.697933432 14 3
278.181642712 1 1
278.419684644 17 4
278.445247515 1453 3
278.811930837 574 2
279.218162769 3848 1
279.377490790 179 5
279.450631902 3 7
280.094205344 27 3
280.381451691 3 4
280.744163853 3 5
280.778262235 16 7
281.321028871 2 6
281.477613188 4 7
281.778201573 780 6
282.499079118 33 2
282.964449362 2195 6
283.078290731 4 5
283.139651255 2 4
284.093323918 429 6
284.161948760 3068 7
284.297068207 1 2
285.651247735 6 5
285.933569524 70 2
286.311370164 152 4
286.572030341 1241 7
288.215119810 3498 1
290.428408137 352 3
291.457417448 21 2
292.626708913 11 6
292.954302762 1940 8
293.230432061 97 1
293.249116465 56 8
293.303880757 761 7
294.321564759 14 3
296.718413855 155 3
298.273222645 1154 6
298.277976920 2 6
298.381902022 639 1
298.595815424 283 5
299.676521723 2 1
299.963604848 5 2
301.952210206 7 4
302.440731370 76 1
303.196675994 39 4
303.746908757 2 3
305.357734504 865 4
306.479547047 521 7
306.983962708 6 2
310.973255597 104 6
311.420135120 1 5
311.856159721 7 5
312.142941918 4 3
313.108796034 1 3
313.788436769 56 5
314.184093037 1 4
314.638545562 279 6
316.068597564 291 4
316.137336103 3 2
316.786586600 13 4
319.446685389 1 3
319.904590166 4 6
319.930006159 15 7
321.375765841 109 3
322.629347855 3 2
322.980823384 1478 4
323.137711482 23 4
323.208711345 47 3
323.436911661 977 3
323.637326303 3 7
326.350954526 11 8
326.455093370 259 1
328.230721354 1 1
328.969840521 1 2
330.559284924 1397 2
330.618306311 6 5
331.918822395 86 8
332.390234078 46 8
332.791370726 838 8
332.828732992 2664 2
334.899788621 455 8
334.960869532 839 8
335.825024146 4 4
337.831582439 27 7
338.278016939 42 4
342.884726773 4 8
344.176615226 212 3
345.071422999 7 3
345.525440245 123 4
346.240032375 1 5
346.731537504 316 3
349.019712380 173 5
350.579628614 3414 2
351.051150595 84 3
351.600889187 4070 4
352.114185720 51 2
352.877990417 231 2
353.274178461 28 4
353.748163890 89 1
355.776872152 3579 8
356.029787818 980 5
357.101487665 962 6
358.836263429 1941 7
358.958339916 3392 3
359.037925192 1274 2
360.077133809 1570 3
360.117292884 51 2
360.407925127 562 4
360.948410671 411 3
360.966799268 15 8
361.907269623 82 2
363.424063146 3896 2
367.257094986 542 6
367.540552873 4 8
368.124143627 2336 7
368.603798344 2603 5
370.186294163 686 4
370.498050523 10 5
371.260596341 885 1
371.406164365 4 7
371.513469724 21 1
371.599450191 3978 8
372.285006308 587 6
372.383000289 492 3
373.141882901 2777 5
376.362109947 43 1
376.686879416 204 1
377.445941070 255 7
377.469343605 3693 4
377.802676349 32 1
377.980252939 33 3
378.378004778 448 8
379.411753346 2199 6
379.448916660 189 6
380.736121865 75 2
381.797593194 1217 6
382.969825770 662 6
383.259640274 198 1
383.385880492 41 6
383.738179520 1960 6
384.155388628 1 6
384.903077589 86 7
385.851714460 4 4
387.163946261 254 4
387.944266538 3 7
388.908263903 1007 7
389.485838933 2 2
391.332079209 385 4
391.650794852 243 7
392.139153918 35 6
392.191646359 1 7
394.128546114 420 7
394.948153252 79 7
397.678283893 2 8
397.934131525 16 1
398.990649050 335 5
400.259893323 75 5
400.387647777 458 7
400.510996477 332 2
400.761645334 1030 2
401.048005444 395 3
401.405713016 299 6
402.514704155 204 8
402.674184590 787 4
403.846745853 84 8
404.221749176 252 8
404.899094783 2 6
404.979632704 1 7
406.621426450 20 6
408.216127802 91 3
409.753563484 2 3
411.162505508 951 4
411.219635568 1 4
412.415004747 25 3
413.768923719 931 2
416.425395285 615 8
416.637074224 5 5
420.630953067 478 1
421.582172315 1 4
422.066768201 179 5
422.316623792 42 4
422.904968038 1 1
423.514323462 60 1
424.653204952 46 3
425.092736058 1490 7
425.711188828 40 8
426.022778289 698 1
426.934135781 3534 7
427.121937040 23 4
428.114986244 2122 7
428.350340588 727 8
429.527405737 2 8
429.673702297 1 4
429.814302343 4 1
429.889141919 189 6
431.063320411 72 6
431.332860389 269 5
431.510057998 293 8
431.872721317 2 6
432.422436570 1585 8
435.529542498 24 7
436.173504709 1434 1
436.313197684 29 7
436.939965977 1610 4
437.288095356 181 5
437.444487311 20 3
439.135540920 39 8
439.751768152 681 8
439.793176411 2054 6
441.139422433 1691 1
442.553629192 247 1
444.558575721 39 6
445.114141054 691 3
446.148420292 8 6
446.687206468 36 8
447.080067666 3251 4
447.306902404 2 8
447.778803876 2522 6
447.954422502 203 5
448.194618063 14 8
448.363240749 6 1
448.514066363 64 4
449.102847386 564 2
451.403024846 628 6
452.273687099 1062 6
453.624283822 3 7
455.501932131 14 6
455.531292982 1 4
456.953788989 18 3
458.868610310 97 6
460.955078760 4 2
462.040452321 184 6
463.270147048 327 1
464.064714038 1 5
464.406710960 85 8
465.323452854 8 8
466.203517677 822 4
466.325768557 446 7
466.954165601 31 8
467.202531727 13 1
468.415872110 1 7
471.071163269 4 2
473.119093278 2098 4
473.729561956 106 1
474.365502525 1 6
475.140379149 104 2
476.187376935 333 3
476.713670156 1346 3
477.566956902 2 7
479.019064861 42 6
479.812093879 1 6
480.480546178 64 4
481.255596048 94 4
481.731484310 1 7
482.017498641 20 3
482.577091891 1575 4
484.353590330 132 2
484.941577996 51 6
485.730108503 7 2
487.237716838 191 6
487.302063585 204 3
488.008881866 35 8
488.931022290 3825 2
490.639353230 2749 5
491.590111356 2 4
491.899375563 5 6
492.731151419 12 3
493.561056295 506 6
493.572128225 1 7
493.754844366 4 6
494.102406231 1 2
494.317430261 1 2
494.495531462 29 7
494.706591023 1 6
494.773738638 1552 6
495.448920020 1180 3
496.533981229 1442 6
496.858950603 1 4
498.121617571 26 1
498.893408592 30 6
498.908749889 25 5
499.010772992 1010 5
499.315724090 364 7
501.037763765 1 1
501.461923733 597 6
502.722442894 1058 2
502.860168923 4 5
503.270784742 1 1
503.791083441 4 8
504.382003097 5 1
504.633715667 9 6
504.827664950 47 3
505.307284388 1 2
505.342832266 3 7
508.312103904 139 8
509.216539599 2786 2
509.620379871 415 3
509.765989875 3302 2
510.077832373 2 5
510.079848699 1 8
514.299201650 1569 2
515.381741987 33 5
516.812713118 3 7
517.239644264 1126 4
521.238711490 1 3
523.418603968 2006 4
527.580977780 742 1
527.944020107 12 7
528.478435683 1802 7
528.946122734 842 4
528.980388645 127 8
530.846617022 1294 1
531.293099174 983 1
531.825725552 1 3
532.403006141 147 6
534.649384158 14 1
535.956053605 130 3
537.100687974 584 3
538.241349657 9 8
538.350796076 3 4
539.063123701 20 2
539.538558528 203 8
541.174048732 724 3
541.499264639 1 1
541.661611703 4 1
541.765700475 127 4
541.990139170 64 5
542.070224275 2091 5
542.767602324 10 3
543.022832960 219 5
544.643210239 105 4
545.428705387 51 8
545.716496977 632 5
546.302275509 1 2
548.025086342 522 3
548.277156433 2 7
548.577545380 2219 7
550.303716472 1 3
550.761661895 13 1
550.793028732 2433 6
554.873779749 159 5
555.365638796 8 3
555.512891885 1996 7
557.899514504 7 5
558.745548187 14 6
558.906486922 38 1
559.449166820 983 2
560.377896960 934 8
561.124892093 101 1
561.488768865 28 1
562.448754393 142 4
562.570092107 105 7
563.314576968 396 7
563.904216702 4 3
564.487464115 196 2
564.890044006 15 4
566.017353098 183 1
566.062079118 10 6
566.186578066 26 6
566.660374899 73 6
567.304806658 307 8
567.706844603 1 8
568.024828101 2 2
568.850955233 141 4
569.515162168 20 3
571.082449992 83 6
572.376309057 23 6
572.444458753 69 5
572.464866399 36 5
573.870823425 340 3
574.091097959 137 8
574.173291099 240 2
574.931184415 48 3
575.479041609 476 3
576.230113151 408 2
577.693558204 1 6
579.538196235 595 4
580.384297685 719 3
580.781000962 223 1
581.258109302 4 4
581.295185059 130 1
581.546452661 1281 5
584.097751102 13 6
584.452300390 56 1
585.108516317 22 3
587.375926772 16 5
587.871325966 231 6
588.364056911 276 7
588.813927724 261 4
588.950749446 1142 5
589.412461871 20 4
589.486126896 2754 7
591.630826652 28 5
591.896203181 305 2
592.155428157 493 8
592.429316709 229 3
593.041783290 50 4
593.636035280 124 7
594.013884184 2674 8
594.810390407 548 6
596.358443217 1 5
596.654169339 682 4
596.890324045 64 2
597.954337912 785 6
598.141824279 977 7
599.188153521 145 6
600.644315182 255 2
601.284224181 39 8
602.036661147 11 4
602.285138755 3 1
603.140939253 2436 4
603.433492340 1 4
604.474830811 43 3
604.705595402 1 3
607.581880675 1116 8
607.922888772 386 8
607.973046751 411 3
608.012854163 23 4
608.337835972 1 7
609.492487156 342 3
609.621066017 33 2
610.474936222 1 7
611.066722623 382 8
613.086061846 23 7
613.190965233 250 1
613.654401287 1 8
613.710951282 15 7
613.767918875 24 5
614.128023922 14 8
614.334240885 235 8
614.428374013 2 1
615.187108589 8 7
615.580306750 935 8
615.662427036 370 6
615.835936146 9 8
615.921757057 1927 7
617.009734789 3818 7
617.254228841 9 8
618.203776709 15 5
619.116807451 526 6
619.592879643 34 6
620.143178841 481 2
620.933220997 11 3
621.378041752 2189 2
622.791821216 13 7
623.379251089 43 6
624.062971752 108 1
624.538168588 2 3
624.803703429 341 1
626.249994994 76 3
630.873723534 1 4
632.402676703 49 5
632.671747099 1884 1
632.791129919 4040 3
633.107776539 1 6
633.265497313 1 5
635.394053993 47 5
636.129667063 1 2
636.476960259 2494 4
636.961589420 1 3
639.056775740 1838 4
639.392002762 1005 1
641.271391245 1403 2
641.901921532 742 8
642.483301989 44 1
642.634461050 1 4
643.238297291 8 7
643.715497477 5 1
644.716493714 37 2
648.255129654 37 7
649.458871939 190 7
649.855447022 8 4
650.264875997 3 1
650.481856719 52 1
651.445560667 304 6
652.571538107 1203 5
652.670001199 845 6
652.971690717 33 7
654.787711249 3 6
655.384898058 2128 6
655.559772038 1 2
656.042852085 1518 6
657.395378450 34 4
658.168498385 1 4
659.088956123 3397 5
659.580447544 20 7
659.639957684 3 6
659.884004815 1 6
660.420453474 8 8
662.192522643 25 3
662.592711785 1 4
662.793429825 211 7
663.186600744 453 1
663.920000356 593 1
666.029127937 8 2
666.939263441 39 6
666.964309805 1377 3
667.160717865 41 5
667.519564085 340 5
668.629902676 1 3
668.719423271 2 8
669.715917165 851 1
669.763616445 1 6
669.953139012 969 7
671.179385304 106 8
673.220393036 1 8
673.685791551 299 1
674.853153194 2 2
675.235221419 61 6
675.467274955 7 7
675.532747556 3823 5
675.666601820 224 1
675.690305949 2850 1
675.699465539 347 5
676.031513103 149 4
676.927023935 1036 3
678.037946735 191 1
678.608169931 1861 6
679.113015167 74 6
679.449871894 141 3
680.544407261 2366 3
680.691380655 1278 8
681.385605137 1 3
682.333223375 14 4
683.296540310 607 3
683.579786347 1 6
683.706857956 3 7
683.906004931 807 7
684.133627879 449 1
686.162464801 2 3
687.051694958 838 4
687.741114359 44 2
690.298183158 52 4
692.045498015 83 3
692.556074531 207 1
692.684460266 6 5
693.658492060 3518 1
695.069228977 26 7
697.715298527 492 6
699.124548472 20 8
699.449871841 266 4
699.821651821 170 6
699.980172117 71 4
700.230902585 1485 2
700.787364768 51 3
702.471608255 10 7
703.074638127 48 7
703.487906979 11 7
703.673664022 620 1
703.680286121 26 4
705.520014439 75 1
706.075284883 6 5
706.533968811 6 8
706.597265219 5 3
706.670232392 59 8
707.364425269 179 2
707.439559272 353 3
709.050597592 29 5
709.100763526 14 3
710.070869992 3 6
712.103127788 161 1
713.011896587 342 2
713.261902362 1127 6
714.049818426 35 2
715.059827718 74 3
715.503510322 36 8
715.838340453 1 1
715.998390386 9 1
716.390256045 87 1
717.706252186 382 2
719.737879649 1202 8
719.813062040 58 2
720.176142743 100 1
720.460499386 85 6
721.137633690 2 4
721.140557380 44 8
721.198471750 1 7
721.407889779 2 1
722.247249394 3 8
722.372703261 9 3
723.137890548 95 8
723.536290833 180 2
723.614963504 1802 1
724.031241674 6 5
724.111530782 2933 4
724.182587345 1 7
724.215144401 3463 5
724.271072225 350 8
724.954501151 65 1
725.564422438 59 3
727.064430361 804 2
727.495231393 368 3
727.719603972 3 1
729.156230905 4 7
729.729529805 44 5
729.868078662 303 6
730.538187060 136 6
731.856343345 11 3
732.851108115 2295 4
733.108057545 84 5
735.578136580 1 5
738.279691098 1 4
738.927547875 13 6
739.093308417 3 7
740.978016830 189 8
741.160500675 133 2
741.571058965 11 5
743.268227008 54 1
743.405183796 506 8
743.896463259 882 2
745.996952130 822 8
748.985905182 5 1
751.779203568 3 6
752.038618011 4 1
752.992726970 3426 7
753.113408352 52 3
753.459780820 125 3
753.779822846 206 1
754.477192174 15 3
754.496490202 688 1
754.725479456 6 1
755.699297599 83 3
757.448074930 3486 1
758.371956538 54 1
758.394048257 3 4
758.642574566 2551 8
759.033159529 46 2
759.141701721 5 7
759.403220361 5 2
759.882953084 25 7
759.956978175 466 6
759.963841497 143 2
760.659433638 2 2
760.747725225 34 1
761.285323353 2059 2
761.858508277 20 5
762.075319991 689 8
763.307268977 699 6
763.465242362 1062 2
763.752192703 2579 1
764.035886196 409 1
764.689445893 8 4
765.526364625 6 5
766.338045568 1041 5
766.347797827 3 6
766.562008110 4 4
767.086100924 636 6
767.104637923 1029 1
767.246945994 638 8
770.287800973 22 7
771.539506066 12 3
771.696006774 139 1
772.531461090 3 1
774.200975814 716 8
774.497656398 39 3
774.772058413 3 3
774.958506425 6 2
775.188526671 2263 5
775.490184680 1 8
776.672050820 5 7
777.762876353 2285 2
778.180481719 22 5
778.913977682 93 5
779.619335607 10 1
779.739101956 154 1
781.935864347 3 2
782.220140215 838 5
782.261141951 2817 8
782.982442795 199 3
783.118645600 1236 5
783.514517173 28 8
783.657659691 608 5
784.571460475 81 2
785.038856271 163 6
788.130286499 3252 1
788.168963221 14 4
788.909684367 491 3
789.899458156 818 6
790.415658587 2523 3
790.427020748 470 7
790.556997171 1 4
791.920735300 88 7
791.921815947 38 5
791.970920884 1 4
793.118801298 38 8
793.572272188 8 6
794.231725538 2 5
794.380909239 23 6
795.547214449 356 3
795.898770197 19 4
797.937711271 3614 3
798.294810621 67 2
798.857888472 37 6
798.930466814 331 1
799.825137476 5 2
803.699707822 78 8
805.100525833 2 5
807.505830631 473 3
807.556055889 2 2
808.343279367 3615 3
810.008369079 16 1
811.124127247 192 7
811.282393289 143 2
812.478221926 113 8
812.825980743 5 5
812.974532414 18 4
814.763970990 520 1
816.089396009 1716 5
816.149593786 3 8
816.934236282 332 6
816.987802262 10 2
817.719940670 2 4
817.953590593 63 8
818.019561862 19 1
818.632799034 1 1
818.697419443 9 7
818.905713016 242 1
820.837715570 3991 3
821.946536366 15 1
825.045992903 103 4
825.062731299 393 1
825.363278157 5 1
825.736266821 444 8
826.183357646 1731 2
826.323199995 2 7
826.838501260 192 6
826.915444400 3340 5
827.264882714 2 1
827.722957266 2678 2
828.497049015 14 2
829.318877008 50 1
831.125842216 1 2
832.823951121 3 2
834.517855990 1968 1
834.625889375 16 8
835.884061742 15 2
835.998149575 24 5
837.418423749 4 6
837.430278385 2 6
838.030428232 2 3
838.123309372 5 8
838.973513301 227 6
840.371424835 45 8
840.685078894 954 6
844.269903530 993 1
845.731706680 192 2
845.954600321 3769 8
847.625464302 13 2
847.664670979 99 1
847.924945011 329 2
848.700277689 1 3
848.935384897 20 6
849.209385894 8 1
849.286984739 207 3
849.504262188 82 8
849.521073943 2 3
850.267593289 86 2
851.130527036 2 8
854.267541580 15 2
854.281732657 2 6
854.521883156 885 6
856.272394549 800 5
856.572284270 6 4
857.037070092 1093 4
857.710197070 1616 4
858.049444933 404 7
858.099460104 9 3
858.108882842 123 6
859.523286542 11 8
860.635402184 106 3
861.862194660 382 7
862.445523495 2 3
862.607522814 17 7
863.960359775 5 5
865.433439139 1741 4
865.564270410 21 7
866.044074501 1321 3
867.044838457 32 2
867.237672883 110 6
867.350055187 32 8
867.477989150 57 5
869.523426807 21 2
870.074917909 7 7
871.099831944 6 2
871.447259862 15 4
871.651818182 139 3
872.179085588 238 5
872.711266237 1590 3
873.432789743 35 2
874.012145654 1122 5
874.285084491 707 3
876.343016345 2 3
878.098873492 300 1
878.363881757 6 1
879.412259172 3658 7
879.494671293 399 8
880.022311199 2707 6
880.028009450 11 7
880.744979075 80 4
880.967477104 1 2
881.993290893 107 6
882.994988574 19 5
883.258413980 4 1
883.867949083 153 3
884.634718129 820 2
884.936914343 61 1
885.165018242 376 6
885.267521906 49 1
885.672134494 45 4
885.874471896 11 8
885.900670195 24 7
886.640380719 866 5
886.826035399 2264 1
887.484253011 16 5
887.719693254 184 4
888.779640759 211 8
890.707391591 1 6
891.641478572 2 1
893.050549002 1418 7
893.484187950 7 2
893.797025011 459 6
894.379651000 10 4
895.131144440 14 7
895.198274319 144 8
895.298401783 1 5
895.959788378 191 5
896.404099756 128 6
896.838347162 83 5
896.850395353 1663 5
897.243717283 17 7
899.374494108 758 6
900.614806002 160 6
901.789032815 502 3
903.530209495 1375 8
904.937773186 171 1
905.458771587 498 5
906.204833080 2 4
906.452532137 3812 2
907.434934209 1745 8
908.247014984 18 8
908.352949653 24 6
908.741896504 662 6
909.816328078 448 8
910.460490828 536 3
912.094309560 500 2
915.275376019 1 1
916.068020171 31 6
918.308380472 4 8
918.600409249 5 2
919.975135639 14 8
920.079543809 90 1
920.239437515 6 5
921.217834410 13 1
921.411780221 34 5
922.076856015 3 2
923.455462088 23 1
923.494657990 835 7
923.541773201 153 5
924.049162892 2200 7
925.070629310 1000 1
925.286861180 29 6
926.400827171 5 4
927.066853197 17 6
927.179704048 727 4
927.477227731 7 7
927.607832159 320 7
928.566874494 24 6
928.896076451 127 3
929.042244832 343 4
929.893934365 16 3
931.050651058 12 6
931.305535981 181 5
932.254030068 245 4
932.722944854 947 5
933.890821779 246 7
934.026016691 1558 3
934.856927473 132 4
935.088067408 27 8
935.762963638 36 5
936.403751599 358 6
936.474376705 40 2
937.626482076 595 3
938.165838227 2671 1
939.156329301 1265 4
940.887060434 2904 2
943.487938393 2 2
943.676752321 2674 1
944.067780023 74 6
944.312264680 10 3
945.030982233 37 2
945.166877558 1992 8
945.513474930 134 2
945.872264332 63 3
946.099017005 5 1
947.659915947 525 7
948.745278400 2508 5
949.822564114 1196 6
950.086130424 270 3
950.933455827 3 2
951.240247125 38 5
953.597295118 418 5
954.174484887 1247 2
955.837234771 778 6
955.977602942 2 8
956.113514348 74 2
957.525731535 1127 6
957.763628646 586 6
958.788107669 235 7
959.048206616 1008 7
959.271538291 41 4
959.289083063 2 5
960.518221249 119 1
961.336996856 9 1
963.291008293 53 3
965.277443279 3 5
965.673079386 3 4
967.214180109 2 7
967.267133487 2082 7
968.118449109 23 5
968.464144069 69 1
972.457491099 1 6
973.568786948 25 2
973.735307296 124 3
973.930066177 27 4
973.980026623 3 8
974.489527824 914 6
975.298882182 1188 7
975.367273082 3324 2
976.694193305 1 6
977.193188029 5 6
977.882030596 8 8
979.409678587 2 3
980.506064331 865 1
981.366896279 1271 8
981.916459315 1730 3
982.188818949 170 2
983.684890354 23 7
984.299514331 1 3
985.059699960 579 6
985.132843177 1 3
985.361739108 15 1
985.808293362 72 4
985.813494306 26 2
986.681387719 11 6
987.227505203 3431 4
988.595847873 57 4
989.714126373 260 8
990.267204429 8 7
992.017100473 3316 8
992.036442507 16 7
992.076482197 8 6
992.479984242 1484 3
992.801539452 567 4
993.238118516 2 7
993.249195198 92 1
993.371836612 16 6
995.497208250 370 6
996.414269823 1 2
997.627122323 227 7
998.736712412 27 3
999.180599666 585 8
999.253085898 4 7
999.779393244 765 3
1000.639048635 26 1
1001.125215174 2699 7
1001.434342401 3484 5
1002.225548327 345 6
1002.343070977 3 4
1002.587212501 77 7
1003.464751301 11 2
1003.470877386 32 1
1005.731777565 99 8
1005.958203796 256 1
1007.021733983 16 1
1007.330807400 2 5
1008.486648639 1675 4
1008.606472961 2329 5
1008.711715037 27 8
1009.087605639 506 1
1009.424030813 1153 1
1009.590762261 146 7
1013.948709543 6 1
1014.877374507 188 7
1015.641590123 57 3
1015.868269443 124 7
1016.257595674 1645 3
1016.330041992 19 5
1016.656533847 6 3
1018.031142209 7 4
1018.183122644 1 4
1019.108378919 76 5
1019.124683128 1 8
1020.152418030 125 8
1020.336201255 533 1
1021.715505114 415 1
1022.326379628 415 4
1022.400664920 302 1
1023.247149743 456 6
1023.868164955 28 5
1024.120036521 2109 2
1024.247354220 13 4
1024.520049355 57 2
1024.969997238 646 2
1025.000581173 1 7
1028.088956987 91 5
1029.256077126 1 6
1029.606582336 1 3
1029.686905005 3077 3
1030.174874692 24 2
1030.740267734 150 4
1031.792215898 3 5
1031.825187678 152 4
1032.150325703 102 7
1032.240745537 6 7
1032.318627617 801 6
1033.109509085 35 1
1034.140557885 1 4
1034.455094324 51 8
1036.372936415 1 8
1036.732549371 1446 8
1037.090602996 2319 1
1037.925463940 50 2
1038.070635758 240 4
1039.010317678 1761 7
1040.824970452 2 1
1040.825950737 65 7
1040.900679951 53 4
1040.932653104 29 2
1041.250664125 96 7
1041.400480517 1407 1
1042.121648626 7 5
1044.787229396 98 5
1045.322208316 52 6
1046.019915524 832 6
1046.068732072 210 4
1046.814945657 3 5
1048.661754643 278 4
1049.257696419 3696 7
1050.129914393 24 1
1050.369748238 65 1
1050.506376778 2 3
1051.679197487 42 7
1052.489022575 1036 3
1052.705846850 521 6
1053.624642676 99 1
1054.012711041 45 6
1054.262301325 281 6
1055.028956372 1979 8
1055.202239920 111 2
1057.615097872 1329 3
1057.857459340 143 1
1057.925444936 897 2
1058.677708735 7 6
1058.974978759 54 3
1059.735042819 208 8
1060.716716394 6 1
1061.099018268 2214 3
1061.151278222 164 6
1062.188253387 1 3
1063.226597699 943 5
1063.284789684 16 2
1063.857313971 3204 6
1064.583926896 21 7
1064.677911101 256 6
1066.357708787 7 5
1066.950790259 134 1
1067.074503128 69 3
1069.833454793 30 1
1069.916349148 4 8
1071.191439409 700 5
1072.366972506 763 6
1073.127921445 780 1
1073.575929932 7 8
1074.091396033 1 2
1075.453404630 352 4
1076.081793557 4 1
1076.455445907 1313 2
1076.567034210 287 3
1076.721819953 1269 7
1076.936510362 114 2
1078.066666979 1521 1
1078.582957820 1 1
1081.200643425 36 8
1081.235731150 19 2
1081.414382431 1 5
1082.672829729 123 7
1083.554439524 16 3
1083.742417760 2 8
1084.103576095 3570 1
1084.138661075 132 5
1085.136855051 1023 4
1088.444650954 1424 6
1089.719100797 243 2
1089.909457814 2379 3
1090.115047093 12 6
1090.457606526 92 2
1091.146761921 1 5
1091.792803556 65 3
1092.185692882 11 3
1092.838604904 1872 8
1093.609817893 6 3
1093.798521697 198 5
1094.683253224 1 3
1095.085684415 2 1
1096.847363429 169 3
1099.496498628 1347 8
1101.309759954 23 7
1103.297543156 55 1
1103.384373692 1974 4
1104.319937224 214 1
1104.803094842 19 3
1105.363637716 1080 8
1105.522727540 93 1
1106.681524018 77 1
1107.153609099 1562 4
1107.703501122 3867 1
1108.744448101 809 7
1108.808692682 7 2
1108.931868227 10 6
1109.042531123 520 8
1110.197196340 2143 7
1110.608782620 1 2
1111.968587320 13 5
1112.102028044 553 8
1113.214418948 1 1
1113.839026789 36 3
1114.821952161 28 6
1115.731099171 92 2
1116.087219756 3428 1
1120.311916099 236 3
1120.360824028 147 6
1121.137148112 321 2
1121.148480887 3 7
1121.342856375 220 3
1121.822936081 448 8
1122.071034601 2159 6
1122.315581843 3288 1
1124.164917485 6 2
1126.566030767 20 4
1127.060477597 108 3
1129.119065387 1 8
1131.150561063 795 7
1131.677450684 2948 8
1131.884237959 37 4
1134.041028370 76 2
1136.033504783 4 1
1136.287325973 1273 6
1137.183709963 2 7
1139.870788090 3547 3
1140.248117608 88 3
1141.033048789 41 7
1141.033369341 2525 4
1141.683527054 34 4
1142.320756012 1 5
1142.366863895 992 8
1142.509669847 20 8
1142.803545702 1 3
1142.858581005 1 4
1143.423368509 33 4
1143.802116553 1 2
1145.664118690 5 2
1146.026179027 28 4
1146.704093016 170 8
1147.344998996 153 5
1148.567341109 1 6
1149.680422137 1816 6
1149.979446116 2 3
1151.390024307 3 7
1152.247340792 449 7
1154.320427782 1451 6
1154.356750372 3 2
1155.076308275 1 3
1155.441094836 78 2
1155.863454304 2678 7
1156.648983945 19 4
1157.217324296 46 1
1160.549546652 3 4
1160.996761288 64 2
1161.537677351 123 6
1161.851269682 262 6
1162.040710274 3 6
1163.208583559 432 8
1164.571854312 1288 8
1164.829464651 1360 1
1165.962489851 3 7
1166.880544260 3 5
1166.959849945 554 5
1167.541441213 198 2
1168.145404380 1250 6
1168.412620080 26 7
1169.127237275 2353 4
1169.140727461 6 8
1169.186247012 620 2
1169.514918381 19 1
1169.616103135 36 8
1169.758612238 2 6
1170.091356645 3341 8
1171.158073855 21 5
1171.838295362 90 7
1172.641655538 23 3
1173.522391203 5 8
1173.813183014 1 1
1174.506199979 9 3
1174.608264280 1662 2
1175.287012366 353 1
1176.924857450 91 3
1177.044269045 5 2
1177.667244244 22 8
1178.386307701 1334 6
1179.556885310 1 1
1180.023396953 3962 1
1180.163117460 1120 8
1180.740959009 7 1
1180.815872815 39 2
1180.839457699 56 3
1181.150741832 4047 6
1181.264444822 1 2
1181.406356476 2285 6
1181.898897320 980 8
1181.983284539 164 5
1182.247717837 589 4
1183.047280189 24 8
1184.122242624 80 1
1184.199135140 4 2
1185.288659420 641 8
1186.005907328 26 3
1187.242903549 76 6
1188.645532112 3050 3
1193.134694365 1178 7
1194.981807766 28 5
1195.569948264 140 5
1196.031802428 1 7
1197.287564823 209 3
1197.479728472 339 2
1198.128488529 4 7
1198.164444118 27 4
1198.668012733 1 8
1199.508282418 2 2
1199.628707573 15 6
1199.929807442 30 7
1200.319759706 13 6
1200.333971013 9 7
1200.491617909 2672 2
1200.736276155 4 1
1202.322581556 4 8
1203.707230189 4 6
1203.775115873 18 3
1204.803738986 1 5
1205.085603741 242 7
1206.235574446 371 4
1206.408584389 338 5
1206.560992072 213 5
1206.578192501 203 7
1206.845684879 694 5
1207.662352572 7 8
1209.923157873 19 8
1211.733616375 1 4
1212.084712939 4 4
1212.756165702 21 8
1213.072111999 2132 5
1214.723306701 2 5
1214.956453621 430 8
1217.383644756 11 8
1217.569123153 24 3
1217.861430128 1 4
1218.713252881 5 3
1218.884772166 1 1
1219.040929180 80 5
1219.058808908 168 2
1219.578745701 432 2
1220.974641927 1 6
1221.079520071 16 8
1221.110330659 1546 6
1222.335497055 3041 5
1223.909099296 10 6
1226.935796121 9 4
1227.316099904 211 2
1227.351411628 18 2
1227.658200028 19 1
1229.502168890 181 4
1229.538721046 4 4
1230.153382530 3956 4
1230.697641961 5 4
1231.694483927 3478 7
1231.944996869 1793 4
1231.968116903 70 8
1232.561722251 10 5
1234.161836984 5 5
1234.705945761 201 5
1236.551127864 3818 4
1236.973711203 3 1
1238.785922753 14 7
1239.193193994 2345 8
1239.443125613 867 4
1240.166431680 455 3
1240.320050870 239 3
1240.378804381 1 3
1242.246946144 2 4
1242.300303983 9 4
1242.911657998 2162 8
1243.560693360 25 1
1243.859282891 16 4
1244.003779199 49 5
1244.217707151 5 4
1244.534451841 158 4
1244.919506148 2570 4
1246.034099359 1045 3
1246.048010208 1 3
1246.504020239 6 3
1246.512546035 544 2
1247.764706202 168 2
1249.783301707 27 3
1249.901760837 672 8
1250.276460232 442 3
1250.814331690 1138 5
1251.802514797 7 7
1253.456333555 387 7
1254.598212673 2 5
1255.353070573 120 2
1256.003247200 239 7
1258.146631369 46 2
1262.060482134 331 1
1265.148344656 356 6
1265.687742634 161 2
1266.379590923 7 8
1266.535796573 71 8
1266.692611781 22 1
1267.713347586 67 8
1267.855732653 183 8
1268.951963682 967 6
1269.715212194 22 7
1270.206247234 263 8
1270.528688087 2 1
1271.396807310 876 8
1272.675730107 29 2
1273.973919060 10 3
1274.114948134 21 3
1275.143787741 337 5
1275.179440482 3 6
1275.477661057 90 4
1275.503461758 1062 6
1275.706557795 431 3
1276.180567552 9 8
1276.852352128 42 8
1277.139908407 176 2
1277.621957722 167 4
1279.227875522 808 7
1279.282818261 5 1
1280.201938083 25 2
1280.311547751 2085 4
1281.025951733 1816 7
1281.780128259 787 6
1282.718337758 48 1
1283.393079039 2 3
1283.630204657 10 2
1286.563487303 5 5
1287.416973846 13 2
1287.739873521 2 6
1287.911380305 112 6
1288.738099967 2 4
1289.057927460 142 3
1289.298979575 738 7
1289.577776167 102 7
1290.283327325 2587 2
1290.585109066 231 3
1291.915822047 164 7
1292.465819412 2715 2
1293.708636031 146 5
1294.086096507 1 7
1294.455654164 1561 8
1295.924334691 15 5
1295.985499488 1 7
1296.349441610 90 3
1296.433652955 2 7
1296.960692524 2 1
1297.884480419 1427 3
1297.923965229 13 1
1300.530713070 934 7
1301.402145572 3 3
1303.500027724 1 8
1304.651927182 43 4
1306.095060521 205 1
1306.619343524 148 6
1307.141963128 1167 7
1307.565871484 5 7
1307.609233564 23 7
1307.822730924 19 4
1309.875661763 5 3
1311.291809445 7 4
