6 8.857337991 0.002953686 23.343347149 44.424013359 25
251.394876183 156.065102184 0.203306975 0.017618907 839.814320049 1.000000000 0.000000000
21
1 0.151337397 3.732192763 0.134297231 0.136368873 5.518110439 0.089956428
2 0.155394859 3.899318889 0.139402165 0.143744550 5.530565586 0.097512403
4 0.163509784 4.233571141 0.149612033 0.158495903 5.555475881 0.112624353
8 0.179739634 4.902075643 0.170031770 -1.000000000 5.605296471 0.142848254
16 0.212199333 6.239084649 0.210871243 -1.000000000 5.704937651 0.203296056
32 0.277118732 8.913102660 0.292550190 0.365014851 5.904220011 0.324191660
64 0.406957530 14.261138683 0.455908083 0.601036505 6.302784731 0.565982867
128 0.666635126 -1.000000000 0.782623869 1.073079813 -1.000000000 1.049565281
256 1.185990319 46.349354817 1.436055443 2.017166430 8.694173051 2.016730110
297 1.352346279 53.201525971 1.645357743 2.319569175 9.204834099 2.326525094
512 2.224700703 89.133642996 2.742918589 3.905339664 11.882690812 3.951059768
906 3.823340904 154.981336522 4.754262650 6.811356281 16.790018927 6.928114007
1024 4.302121472 174.702219355 5.356644881 7.681686131 18.259726332 7.819719083
1347 5.612681840 228.683957956 7.005538616 10.064029703 22.282738974 10.260299081
2048 8.456963010 345.839372071 10.584097466 15.234379066 31.013797372 15.557037714
2641 10.863038236 444.945164611 13.611323425 19.608155345 38.399699839 20.037731023
2899 11.909863545 488.063705042 14.928396440 -1.000000000 41.613127894 21.987172631
3160 12.968861242 531.683623850 16.260784257 23.436131549 44.863921392 23.959282165
3226 13.236653763 542.713948146 -1.000000000 23.922926211 45.685961127 24.457976530
3282 13.463871659 552.073011185 16.883586225 24.335964106 46.383449387 24.881111143
4096 16.766646085 688.113677505 21.039002635 30.339764935 56.521939452 31.031674977
1659
2.075608369 31 1
7.631790189 1 2
7.853694129 76 7
22.518725570 606 1
37.677384754 135 1
38.696985217 6 5
48.947954120 158 7
51.878057708 60 2
54.415109328 1 8
57.513668625 5 7
58.833082631 86 7
60.455956409 168 7
69.692596409 134 4
79.941685557 589 4
81.411389972 2 3
84.045167053 10 6
93.642516445 217 8
102.944017073 11 7
114.630224901 508 3
114.755225968 1461 6
115.116563484 92 7
116.838909967 19 7
117.087595422 816 4
117.544658256 123 4
120.420617798 3887 7
133.408163922 1183 2
140.549775381 183 8
155.420974284 2935 1
155.565867955 1384 1
163.253718685 2042 7
164.516804976 52 3
190.430642902 304 7
194.786011374 614 2
195.779797033 3133 2
196.818085911 17 8
199.356917662 258 5
200.458264892 88 2
206.947400364 988 7
208.080341692 138 7
211.949483040 6 3
215.038905463 2 6
216.521626639 2 2
219.757843389 2170 3
233.219997443 120 3
233.486837843 1001 3
240.911647418 1673 5
253.203947868 3 6
269.269345867 16 6
282.660911518 1529 2
283.534756042 1213 7
304.115408020 4 1
312.129797003 946 7
322.557586286 15 6
339.549728934 367 7
341.630173616 35 4
342.935822982 815 1
350.655880293 7 7
355.556399567 15 8
366.181264628 55 4
368.251190636 2479 1
378.014981352 4 4
379.147398967 54 4
382.952461102 137 4
390.770845414 6 5
399.895993001 540 8
402.087891456 2167 8
412.712763482 17 8
416.203118554 455 1
417.395783772 31 6
426.001625048 3795 8
430.449374765 35 2
433.270864946 1333 7
440.660731069 4 7
443.822979311 18 7
455.802914089 1397 5
462.740031470 403 2
470.880392351 18 7
473.445940185 1 4
483.871120547 217 6
485.058071985 26 4
497.565901653 22 5
498.143348552 1 1
515.735454641 8 8
520.540055671 1085 4
536.566504521 18 4
540.570174825 26 4
542.643674181 959 2
547.679814053 642 4
556.613839607 64 8
559.407917103 3577 3
561.795100095 3 2
564.799660959 28 7
567.727699427 9 3
573.601009963 46 6
596.460151784 1181 8
613.036076371 49 1
617.588206642 274 8
624.778390200 1990 4
636.913043776 39 6
636.935249327 94 4
640.599448341 14 1
648.006973883 244 7
656.415382041 244 6
661.162662861 793 2
662.282677108 4 3
663.221352359 1 8
676.411865541 137 2
678.579059710 63 7
680.491406913 1418 4
681.672603088 2 5
693.683015229 74 4
699.968769026 2 2
702.237039456 30 1
708.049140810 1 8
712.162388220 58 5
716.111516975 142 8
718.258438006 6 1
718.367876602 4 6
718.887903780 4 8
723.818792431 3 6
730.415163639 2640 1
734.877405278 2 5
738.188038359 1 2
746.730522533 1479 5
749.871322327 1440 6
754.225012690 3 3
760.177293291 1095 1
765.566668323 499 4
771.377006120 109 5
781.370057294 319 8
803.620867399 5 3
819.622367847 3 5
829.659974731 624 6
832.713865115 43 8
838.305838320 557 1
851.975395468 182 4
860.915879664 2 6
863.513773031 246 4
866.554636231 4 4
886.099903547 21 3
886.431009133 779 3
888.792909060 15 8
889.296656072 44 8
891.057472510 617 4
893.834188356 25 1
900.267043463 3 7
912.253338858 1587 8
914.995714701 2 7
919.978887539 626 6
923.223842463 100 8
926.534544339 14 2
930.757693379 1598 3
932.295195049 1755 6
936.050365040 26 8
936.362216054 2 3
963.645765157 7 1
964.726220666 4 3
976.175778491 76 2
976.589807998 823 1
979.305910478 51 3
979.552153411 311 5
982.431712625 1700 5
984.550662992 9 8
991.949674713 852 2
1010.711509571 24 1
1018.905322672 5 1
1028.259914042 307 3
1042.143491095 24 7
1044.782712179 97 7
1047.101132398 1448 1
1058.678163741 14 2
1059.282355749 1581 5
1062.184856310 212 8
1069.156242373 1428 2
1073.149237315 29 6
1076.257001687 3015 6
1078.621753398 2 1
1093.747561049 19 5
1099.132122546 76 3
1108.790387550 2154 3
1116.029119557 415 5
1134.693930973 194 2
1142.232783460 2 4
1164.406710531 1277 4
1165.787835919 143 3
1173.109445819 1144 5
1176.404266012 111 3
1181.319689852 2 2
1187.921759378 3285 5
1198.040273307 29 2
1200.998142010 3 1
1234.037300289 993 6
1242.169342465 202 7
1242.450842469 1 1
1256.401471124 55 8
1256.738583276 52 3
1267.366134676 124 7
1267.735228601 774 4
1279.101930078 813 7
1286.678662143 3782 1
1287.861422364 1 1
1288.576736546 83 3
1292.168260716 5 5
1303.017522450 4 7
1310.774724605 4 6
1313.541147328 337 5
1316.193488321 2 2
1332.481571551 4 8
1332.877924604 3147 8
1362.877890140 27 4
1385.165906803 3499 3
1392.221856784 263 1
1395.244684553 2022 3
1396.750680022 17 4
1407.308740942 274 3
1410.110394522 31 1
1428.422012350 61 5
1430.149883611 12 1
1448.415365506 1966 7
1454.954938855 1 1
1459.928369216 615 5
1464.617001961 1 3
1479.032936595 15 5
1480.295712656 625 3
1480.809638330 787 5
1487.408061401 147 7
1491.148055464 31 7
1495.045717635 3 7
1503.520487789 309 2
1513.571423534 529 1
1523.707052692 74 8
1526.559930435 88 8
1528.587882297 85 5
1529.136067214 5 6
1540.170233665 152 6
1545.148305530 113 4
1552.715766350 1 2
1552.881342109 1 2
1557.963394058 47 7
1561.319631489 35 1
1570.239333525 2476 8
1570.365101214 16 2
1590.200391169 153 7
1601.733924780 20 3
1604.798299915 28 7
1605.428867473 24 4
1605.790941692 443 1
1606.814650198 881 4
1609.053558261 916 7
1612.925663653 1816 5
1613.345284418 60 7
1614.861211352 53 1
1617.268496736 1 6
1622.307192618 3 4
1629.654628350 102 3
1629.671621363 90 4
1634.620801854 95 6
1662.632300874 1 8
1669.337082492 55 5
1670.751124176 261 8
1680.421786814 2 1
1698.588976827 2 2
1704.080366916 2 5
1723.186065327 8 5
1739.103997874 498 3
1744.845477990 160 4
1761.337162528 14 4
1764.177793856 452 8
1771.043223464 22 4
1774.935867803 24 4
1780.092994639 522 5
1811.860394280 122 4
1812.007946507 11 4
1814.211291579 8 3
1815.334107691 9 4
1823.149156003 10 3
1828.350453168 1139 8
1834.810351040 1453 6
1836.721302055 43 7
1837.209879676 3851 3
1843.847313265 2511 4
1854.598455009 7 6
1865.515197290 478 5
1872.240448964 3556 6
1878.460791879 5 7
1890.138393768 184 8
1894.254976578 13 6
1896.108974665 5 6
1909.745488826 8 6
1910.872406778 313 3
1915.382186267 1 2
1917.028712450 1037 2
1924.515208060 12 6
1931.760606176 8 4
1958.518859591 752 5
1964.153637333 2245 1
1965.583867870 252 3
1967.884605545 23 5
1970.590872085 12 7
1972.251289506 250 1
1973.280218362 184 8
1974.946253574 35 7
1977.535136202 535 6
1985.277074662 42 6
1988.509215267 1 4
2017.461602806 161 8
2025.365695262 1326 3
2032.626283282 5 3
2049.803037014 7 4
2062.491395401 3425 1
2063.070376912 491 8
2071.361797667 1602 2
2072.495991540 213 2
2077.329133380 208 2
2086.879620015 66 2
2088.990395424 308 6
2091.946824207 1956 4
2106.214224485 67 4
2107.634519377 109 8
2136.623240802 650 8
2140.612752349 140 1
2143.022497763 188 3
2147.635901161 2021 7
2149.551692546 9 6
2154.597255037 34 4
2156.855857169 637 8
2159.774432221 2 1
2161.875884210 151 5
2165.466165068 29 2
2169.311715323 35 7
2177.918187408 7 4
2182.041881595 9 3
2196.756863988 2 5
2205.437897644 206 8
2217.160313287 1 8
2226.138514829 1 7
2243.315219401 4 1
2260.326619896 1 7
2278.867761059 2581 3
2294.509141824 8 1
2303.470948068 2666 4
2309.397813032 830 5
2316.280467741 7 4
2316.734974013 1 3
2319.302240972 28 7
2322.796779497 1689 8
2323.140959759 11 8
2347.135480439 328 4
2349.320148391 2 2
2350.259888005 2 4
2360.519367687 1 7
2391.745279338 167 8
2398.714056978 1584 8
2414.220409070 23 7
2433.585959357 5 4
2474.281259883 694 5
2475.864684516 1 7
2484.808269455 701 5
2487.590271441 78 7
2490.157338137 9 1
2492.853784395 342 7
2512.693591151 45 7
2520.731317342 37 2
2538.208088678 6 4
2538.937405084 102 5
2540.090631198 2 1
2560.791400803 3127 1
2565.756613061 34 3
2596.032460505 240 1
2597.685681817 19 7
2597.800660878 2 7
2610.201023823 8 8
2612.106202456 86 4
2617.237784068 1071 7
2618.033172215 3819 8
2619.888748802 3558 4
2622.538258747 53 6
2622.860584487 477 6
2635.440152784 63 8
2637.252806530 29 3
2641.948469877 629 2
2643.027269407 978 4
2646.161621943 257 8
2662.727505401 301 1
2665.572786440 15 6
2669.878761005 33 5
2672.513465374 3 6
2673.404357496 3666 3
2687.980784842 92 2
2693.949566582 2417 6
2703.351787607 201 6
2707.763938128 131 3
2708.174635142 59 5
2714.009961789 1 3
2715.630082287 19 7
2721.727653386 349 8
2730.561972739 6 3
2734.855132858 5 1
2740.161412032 605 8
2744.981247518 4 3
2746.156788637 2756 1
2750.430548895 4 3
2757.683925634 1953 2
2764.005772827 2078 6
2775.373489277 108 3
2777.512084623 2558 1
2795.602510635 10 2
2798.390033575 2 6
2819.556066417 2256 6
2834.150828000 2614 8
2838.205768522 28 7
2865.270244049 20 6
2866.946560617 3 8
2873.453799185 2599 5
2875.821253143 19 7
2884.883917915 16 3
2886.154293421 1051 6
2890.604981996 204 1
2896.596902170 706 8
2899.917436006 1298 5
2901.738158131 93 3
2906.312569958 2689 1
2915.763173414 39 6
2938.877799802 12 6
2959.633738978 128 2
2960.401475422 1233 5
2964.342241116 602 7
2965.119500519 2 3
2977.309751745 7 8
2978.158329406 10 4
2981.267943602 1449 4
2982.026030522 1 5
2984.010643126 207 7
2986.496136976 85 4
2991.667978873 127 2
2994.833189077 206 7
2996.608492324 9 3
3011.588997884 581 7
3020.435279600 8 5
3020.467534160 13 8
3021.420176517 1144 3
3030.536042742 4 7
3032.076781931 16 1
3036.835034916 14 7
3043.171933400 1 6
3044.837481182 178 2
3047.599466369 2 5
3050.883196419 1 8
3052.467540451 264 5
3061.423855860 1050 3
3067.370394297 108 6
3075.008326477 641 6
3078.898138895 600 4
3084.230628338 5 3
3092.790064922 137 6
3094.817825470 3984 7
3100.357385486 879 6
3101.125012996 1368 6
3113.615874581 694 5
3114.580143121 1 3
3134.785561624 10 8
3141.202223590 277 6
3150.535196457 218 3
3152.925637111 451 6
3153.671821451 7 1
3158.182600769 51 3
3166.613928485 33 8
3170.897109320 137 3
3176.265870978 9 5
3182.430109033 122 5
3183.016072326 30 3
3185.213891155 20 7
3187.582537690 55 1
3201.138466118 2 3
3217.467684402 1 3
3219.577726964 22 2
3237.394230115 775 4
3246.221924210 42 3
3256.134881526 2 2
3279.568144747 573 2
3291.129492902 1 4
3291.340662955 1064 7
3301.308770916 8 8
3301.439335463 1 8
3301.877026385 5 4
3307.236997155 3 2
3315.094619677 2 3
3316.461599292 395 3
3318.450287569 1357 6
3322.706971373 5 3
3341.239433468 14 3
3349.302869188 1339 6
3355.768449190 1 1
3369.176101061 36 2
3384.046840968 3764 6
3385.184763236 3 8
3396.567164001 16 4
3399.325154424 3772 4
3405.208270725 1 2
3412.764711677 5 4
3424.238728295 44 5
3450.278736998 640 6
3465.817686016 7 6
3475.504740475 284 3
3482.210277046 1 3
3494.984566071 474 7
3496.646650078 1 6
3500.539254982 1555 8
3508.222950953 21 1
3522.027791631 48 8
3523.173266758 14 7
3527.025841859 2 4
3527.766447418 1820 1
3529.777233065 1 1
3533.155110284 84 4
3535.818259288 179 4
3544.983747633 345 1
3556.295208752 479 8
3570.007915287 308 3
3570.945607645 1 6
3571.512801097 37 5
3580.195278195 1 4
3585.657842196 2803 4
3585.760455117 18 7
3597.590013626 430 6
3603.379387027 4 4
3604.747443560 68 5
3607.690935877 641 4
3624.234290104 32 3
3627.762968042 1 4
3628.719849973 911 2
3635.327412277 4 6
3639.408545221 299 5
3663.830047314 2480 4
3675.176587430 4032 5
3676.605468626 1 3
3689.095837992 203 8
3709.673544465 2 4
3711.853119585 4 7
3727.455538687 408 2
3728.780558366 10 8
3730.607726175 4 7
3739.981452673 272 7
3741.897738548 11 1
3746.781698394 1121 7
3754.705176278 2 7
3756.182225875 5 7
3780.731694478 57 1
3782.915286266 1 5
3794.177360411 6 4
3801.445415852 5 6
3805.791622117 159 4
3813.067042025 1 8
3823.306173317 586 6
3840.061627468 6 6
3841.904586610 1168 5
3848.474533321 5 1
3854.964735278 2 7
3862.892683496 2 3
3872.196553274 13 5
3882.900407571 2527 3
3885.372363554 270 3
3885.842658836 38 2
3888.723497000 1146 5
3895.054606521 1127 2
3901.935335133 592 3
3903.589420767 3881 4
3906.054888577 27 3
3915.069646727 250 7
3923.024582689 2 4
3928.210532018 25 8
3930.721959735 722 5
3930.752155130 75 4
3931.662696261 1 4
3946.382183939 853 6
3948.961162725 95 8
3951.746769295 904 7
3959.832159355 381 5
3962.341623901 3660 1
3962.734600982 1047 3
3963.897017375 395 3
3981.991210128 976 4
3993.338447380 50 8
3994.309696044 393 5
4018.417073219 575 2
4023.220694604 1128 5
4029.286270759 47 5
4057.709909863 2 5
4063.877888012 1380 3
4073.292802279 3337 8
4081.683299462 802 5
4099.863522647 19 5
4111.222766866 2463 3
4114.625241535 67 8
4131.021593941 1299 1
4154.973573383 12 8
4173.472287889 45 5
4182.082941719 18 2
4194.302413728 1409 6
4216.707301411 2539 8
4220.210058742 762 7
4222.312981505 41 8
4222.555324169 7 1
4230.995845937 774 5
4231.011962492 3377 6
4231.184521744 217 8
4239.414128436 2 6
4250.545330942 13 6
4250.823748956 219 2
4252.146261584 1 1
4260.345518806 30 2
4269.600576247 3240 5
4274.272269485 21 1
4277.744792580 782 2
4287.423323164 560 4
4308.972305288 6 2
4336.472945952 3176 2
4338.779100321 31 5
4352.394494333 36 8
4352.889301675 967 4
4357.515711370 987 1
4362.200745926 1 4
4365.384437129 2677 8
4365.724384405 7 3
4366.837235434 784 2
4383.977902074 8 5
4385.668585956 185 3
4385.696530741 745 8
4388.647112529 4 7
4389.550143687 30 1
4394.433009428 3 5
4395.544493647 84 1
4400.179916608 597 5
4411.905224729 1 1
4415.389264331 16 7
4415.436377595 15 3
4422.318846865 1357 8
4438.688907715 212 1
4440.397953753 3 2
4440.547998749 7 6
4443.904627781 8 5
4454.336612540 73 2
4455.323371074 41 3
4456.541350347 10 2
4468.714792255 335 3
4470.300269297 594 6
4471.209949973 662 4
4478.216804997 3762 7
4478.912777502 4 6
4490.113715768 23 3
4496.229795707 31 4
4497.616522719 5 5
4502.612887066 121 2
4513.464101146 6 3
4515.518575534 17 4
4517.215184910 4 1
4527.184099409 965 5
4533.772204913 1137 6
4534.389293754 260 1
4538.102057110 2 2
4546.068202638 7 2
4554.815022187 467 2
4560.897728922 675 2
4561.365129534 4 7
4562.270960222 96 3
4573.130564970 140 2
4587.267129676 495 5
4594.380812603 76 1
4597.629318106 259 3
4598.482274102 1 7
4598.793509723 42 7
4602.919555023 49 4
4616.909000436 2 1
4618.672135565 2732 3
4630.781359617 200 4
4634.528345657 2 1
4638.919943262 16 6
4650.620106622 324 6
4656.691094304 866 1
4658.230745379 20 7
4661.795171560 4 4
4676.641035548 2 3
4678.081510354 738 7
4682.889092226 1997 6
4691.884372892 2 5
4693.981876297 399 8
4698.486246690 34 3
4704.615090021 306 2
4709.671138605 6 5
4770.078874617 397 6
4798.153976233 594 4
4800.511167241 364 3
4809.943531772 22 8
4811.045203155 56 5
4824.161014256 115 2
4825.218329347 162 1
4830.810384016 341 5
4838.418779984 482 7
4839.682465023 335 5
4848.756221296 32 7
4853.123369201 1 1
4878.880940262 2284 8
4890.248827593 1 4
4892.141399938 1 4
4925.778839807 3457 6
4927.705681355 63 6
4929.534176307 71 8
4945.245615848 235 4
4949.242768051 170 1
4956.448190994 3 4
4958.440658846 1 6
4959.210681957 810 7
4960.525348152 36 7
4963.919093547 62 5
4968.360262585 67 1
4969.244812378 159 2
4979.149482357 3764 7
4988.768094800 1 2
5001.454097063 97 5
5002.686629662 72 7
5002.964391731 5 2
5003.291800985 60 1
5012.769451208 2897 6
5014.061094998 596 4
5029.793087121 4 2
5049.141282379 42 7
5055.162340721 185 8
5056.169169403 14 5
5065.520826225 199 2
5066.836664056 75 5
5068.908423016 127 3
5069.359116829 1 5
5079.952829318 32 6
5082.288816668 1 4
5094.842284446 39 4
5097.285741327 42 1
5098.527871175 23 5
5099.103081064 1 1
5110.311380799 1 7
5119.488231658 229 3
5123.205562837 37 4
5124.930031068 1 5
5144.440991121 227 7
5167.381667561 463 5
5168.985259458 118 6
5173.032391465 67 7
5180.649049665 393 6
5187.847700095 24 1
5204.511781083 5 1
5205.889782604 61 6
5209.048759054 695 4
5213.991015370 221 1
5216.651479930 25 4
5226.051282722 19 4
5226.861755933 47 4
5227.753253430 3 2
5242.118500009 380 3
5250.303899336 86 5
5250.694278602 150 6
5256.457218152 1060 6
5266.579424915 2988 3
5267.899632586 5 5
5283.108465370 1 3
5283.874415224 506 4
5288.384146247 2948 3
5297.056112280 1436 1
5302.429313766 4 5
5311.373744807 202 4
5341.496952717 385 8
5348.490055402 55 7
5348.786624970 1 2
5353.878462017 5 2
5358.002378739 270 5
5366.947964034 56 6
5371.657411028 4 6
5379.034021077 3350 3
5391.824120487 9 6
5392.828468890 61 5
5400.256152243 1 8
5403.302809380 413 3
5409.760793526 45 7
5413.899473558 1037 3
5416.122977371 3 8
5417.639899607 3175 5
5429.712458386 57 5
5431.319574854 1672 4
5438.598831589 4 1
5453.165585039 47 7
5459.140915020 909 2
5459.858778431 1527 6
5466.248477453 11 3
5471.105065062 24 2
5480.674729401 7 5
5482.513585552 301 1
5518.327131354 17 4
5519.012071951 150 8
5522.577653355 33 5
5526.667753520 263 5
5530.757185849 41 2
5531.157706814 7 4
5535.216142468 226 3
5536.937315085 229 6
5546.847549505 273 1
5548.711665613 8 6
5558.796128206 3 5
5559.790677041 20 6
5561.907078449 3104 3
5567.138088100 2 8
5567.335899757 60 3
5571.113727334 68 7
5594.135805801 332 6
5600.909436143 310 8
5602.322943111 1224 1
5602.415737331 19 4
5632.282200892 488 3
5634.010230895 3249 1
5647.129007268 19 7
5659.536443478 9 7
5659.725777315 74 4
5668.518168350 1533 4
5669.665658907 27 3
5680.330738860 29 8
5702.854845792 3 1
5711.586921961 2 7
5720.937400260 6 6
5736.414968619 1 5
5738.847147156 1 4
5755.504100286 519 8
5761.812061897 311 7
5763.632209440 51 2
5775.975778160 1387 5
5781.619369080 706 5
5784.855957303 23 6
5822.007143673 1 6
5822.704027897 5 1
5823.331658802 12 6
5848.150320949 39 5
5848.228821553 2 8
5851.459631017 12 5
5871.011170709 485 6
5876.412287528 52 5
5876.671195930 17 8
5887.849078058 69 8
5892.460295928 168 8
5901.172505598 28 2
5903.205380797 646 2
5905.506673455 229 2
5909.381805499 134 5
5925.282150512 21 6
5927.183392872 737 8
5938.308728933 1437 3
5945.292266534 1 5
5962.636671696 14 8
5968.864361070 3 1
5985.476237127 353 5
5990.648912733 3050 4
5995.146289214 671 8
5999.761149797 95 6
6020.223969194 233 7
6027.339541232 185 5
6028.594635739 958 1
6034.653618428 1 2
6037.392520018 85 6
6054.813188621 48 6
6059.691549201 300 1
6069.732243253 9 4
6074.809243114 3 5
6096.242017311 194 5
6097.616447880 15 8
6100.782513783 7 5
6110.186243445 54 1
6125.687852407 112 5
6135.255115206 2 5
6151.343953594 4 4
6175.014468122 1399 8
6176.079747284 340 8
6181.083747382 1 6
6184.701395768 3586 7
6221.569491677 7 1
6235.245617472 1 7
6239.333308411 6 1
6246.658316710 957 7
6247.539286644 7 8
6259.973992149 188 8
6264.181480388 1 6
6271.359488481 62 4
6275.475230937 6 3
6278.368219887 51 8
6279.942899717 3 7
6285.456329685 1941 6
6286.511796980 524 3
6291.476753299 60 8
6318.024142151 5 6
6318.227986274 1 1
6319.426299644 6 1
6323.187092699 1 4
6337.302907995 13 5
6341.379919671 2 5
6344.715962696 19 1
6348.425792906 874 3
6350.023443706 494 3
6366.634802408 322 6
6373.120522991 308 8
6387.527320856 34 2
6387.656047470 219 2
6390.952512154 10 6
6391.388472938 12 8
6421.799720149 545 1
6422.394395096 80 3
6425.474788196 23 5
6426.646790324 1 7
6428.007411222 3 3
6435.976294664 2954 4
6441.262623198 673 2
6442.068417247 1622 1
6444.477831915 19 3
6450.768855902 625 6
6452.947164401 46 2
6466.945990478 20 5
6468.486273183 3 6
6480.529710609 362 7
6483.164845329 233 5
6484.628060344 7 4
6497.847234806 1123 8
6510.857074853 70 3
6515.486119217 1615 5
6523.358821530 4 7
6526.118636453 2 1
6526.714967300 752 4
6530.482402294 83 5
6536.021271450 283 1
6539.494940183 21 7
6544.007925186 2675 4
6547.864912599 551 6
6563.695477106 1 8
6565.182325414 239 2
6570.124385172 61 2
6578.052584172 1 1
6590.352689525 1 2
6595.765339267 606 5
6595.882008474 178 2
6604.324325640 15 7
6611.462676272 3 4
6613.508797528 73 1
6615.727008983 13 8
6623.357091423 72 3
6623.691882904 102 6
6631.316539596 1 2
6633.569022920 57 6
6641.300486409 13 3
6644.064681179 3 3
6657.836228074 14 6
6657.955415529 1088 1
6662.428051705 1802 8
6667.942656586 3 8
6674.100859184 698 2
6690.176456325 241 8
6694.583318497 2 5
6699.321234487 224 6
6700.465190107 191 4
6709.480660393 436 5
6716.785791426 3882 7
6719.359575963 12 7
6719.516802585 1650 1
6720.462496651 2510 4
6731.996462425 66 3
6739.662103313 503 5
6740.532613313 21 5
6744.367330321 6 8
6747.802917638 906 1
6755.693776340 32 3
6761.095165901 3 1
6768.689382159 308 3
6777.561643025 3696 1
6779.377833316 3641 1
6784.706983188 317 6
6788.325719591 65 6
6792.067557499 11 1
6796.253147713 11 3
6807.948184627 2 3
6818.075846844 391 8
6820.221443648 3002 5
6821.122501974 5 3
6828.055379780 439 3
6831.818775867 4023 6
6833.252051561 2877 5
6836.586365910 99 4
6837.038809516 2801 3
6849.174682311 210 7
6851.051331943 523 2
6859.092085629 3 4
6860.347592958 325 7
6863.148808576 2 1
6865.598613322 325 4
6871.384922647 3 1
6871.917147509 48 6
6885.641694006 417 4
6887.643371211 54 4
6895.234052732 2 6
6898.568779292 158 4
6901.387543571 117 2
6906.734129796 1477 8
6907.605826373 36 1
6919.010586044 1032 6
6921.325384617 2 8
6924.614100787 1435 1
6938.014949625 35 2
6949.843479866 1 8
6952.104144602 292 2
6956.797658494 389 3
6963.051683193 2360 1
6966.368549324 432 5
6976.425979335 1 7
6982.457688338 9 4
6990.263612011 2652 6
7001.220457165 862 4
7012.921656879 99 2
7013.776169661 788 2
7033.472278295 773 6
7035.241834284 15 1
7048.023887434 629 8
7052.784160908 3 6
7078.519111528 61 3
7089.541311970 71 3
7091.372190229 2571 8
7137.905247552 87 8
7138.542334595 34 5
7163.416799075 1 8
7167.926753685 13 6
7174.581953042 62 8
7192.373098376 207 4
7218.558497725 1616 4
7223.003465919 547 5
7225.840925165 160 3
7236.959645357 2710 7
7275.109078835 14 6
7277.986656477 7 7
7283.945778446 3798 5
7285.279253351 2 8
7290.410077538 160 2
7293.186210317 42 6
7303.046379276 111 5
7303.346402978 139 1
7307.561829878 65 6
7316.024563532 3481 1
7319.303383248 902 2
7319.640887687 287 3
7330.554489704 37 5
7332.649398366 4 6
7344.883947030 41 8
7345.196205938 2 5
7353.901170202 218 5
7358.605546752 1307 8
7360.267120501 128 5
7375.027982752 20 1
7394.627982744 1316 6
7397.045856823 88 8
7400.943889601 333 5
7413.629496149 1 6
7436.454998275 22 8
7448.207198281 12 5
7456.327630084 124 2
7462.379907238 302 2
7463.599787755 78 7
7473.481894448 3 3
7474.026746604 9 4
7477.422795687 1131 2
7480.409597526 55 6
7482.573987072 222 1
7485.206119341 23 2
7490.725456468 9 3
7497.768242069 2187 2
7500.989594960 258 6
7506.931126038 178 7
7509.135276108 876 3
7516.639772741 3 5
7522.288921801 6 4
7533.346625466 211 3
7541.686193649 487 4
7543.493051913 40 8
7544.332052447 392 3
7552.994294283 157 3
7562.866832974 2949 5
7564.979173865 22 7
7572.958467681 3 5
7573.017779928 609 5
7574.243631205 19 5
7575.024909429 1125 6
7579.068856307 9 6
7582.798894794 5 5
7593.826115175 1 4
7607.726978563 963 6
7609.115746061 209 8
7618.460857539 442 1
7632.576122295 19 8
7632.796533218 6 5
7670.056565441 40 5
7682.383020357 1 8
7683.513637064 53 7
7683.684224856 1 3
7685.998839822 752 2
7688.859931555 109 6
7690.013965993 246 2
7696.836376874 209 1
7697.453649190 2307 2
7699.021477547 1 7
7701.902082592 124 7
7701.987813694 3237 2
7703.506678542 44 4
7703.771415454 10 5
7710.458908722 200 3
7717.415595114 1 3
7723.346805050 686 1
7729.496929947 1 2
7730.436143735 430 6
7741.844164385 1 1
7745.027260961 3 5
7747.526343312 4 1
7753.453659918 1 2
7758.105620642 1 8
7780.161697235 207 2
7784.382234471 22 7
7786.277762942 101 3
7787.213313011 1304 4
7788.958644314 587 4
7791.953641998 4 3
7794.707778901 12 4
7814.799608013 161 6
7817.526405110 3 5
7818.661280309 2768 3
7820.155081534 3372 5
7829.205859034 234 8
7829.527343945 1100 8
7845.586171044 2 4
7863.575593290 67 7
7868.610876886 1310 4
7879.298231733 15 8
7880.824659344 1400 7
7886.201041962 115 2
7886.567865524 549 3
7889.086228829 19 6
7891.831757076 3 1
7893.306747850 2 2
7904.746811400 70 8
7913.180590153 52 5
7918.421402172 907 6
7924.145083411 19 3
7927.164958883 487 2
7927.547506531 36 5
7946.390059868 40 1
7955.532669149 18 4
7959.222066852 4 7
7960.275883435 200 8
7968.058950375 13 8
7970.838941405 3 4
7972.181794254 3 1
7979.543041927 1584 1
7997.479841102 47 6
8005.097912118 666 6
8011.323927535 622 8
8012.555550902 33 5
8036.599198029 16 5
8039.971016731 1007 5
8046.792348665 1 4
8050.356816391 1 1
8054.413120386 183 3
8059.338596085 855 5
8065.257226468 8 4
8065.776536051 67 4
8067.245107093 5 5
8077.730441102 4 5
8080.359630960 112 6
8083.654153325 3163 5
8085.268353985 51 4
8096.099170345 481 8
8098.536021019 2 1
8104.501600305 9 3
8115.075511275 6 7
8125.843275847 2 5
8139.901656456 4 5
8146.824450370 1531 4
8147.245876885 1606 5
8156.468423241 5 7
8157.031431334 30 4
8161.212205616 19 3
8163.222837078 84 6
8172.173616168 185 1
8173.647255024 309 7
8181.686541006 6 4
8185.852363291 3476 7
8220.679484149 71 7
8224.838619879 11 6
8262.559457256 27 7
8263.436768705 184 1
8279.283285675 3620 1
8280.929411662 1642 4
8282.346268869 1 2
8290.047215628 84 3
8291.264917154 646 4
8299.403617003 374 5
8302.699986378 1044 3
8304.638254832 7 7
8306.973059005 1 2
8313.087855855 797 5
8318.641381440 4 5
8320.802440230 5 8
8328.768765698 1 1
8329.921477090 5 7
8333.692822728 2009 1
8341.625407268 9 5
8350.249517941 201 5
8353.373494790 21 2
8365.402772745 222 2
8374.642989070 110 8
8407.457977996 6 2
8409.625348166 21 4
8414.892478701 12 3
8417.250010893 34 1
8417.567888180 1788 6
8427.455582256 566 6
8437.976525432 109 1
8441.578105309 7 3
8443.036137181 12 7
8451.457516430 24 4
8467.356099657 186 7
8473.387367544 13 1
8482.741871119 619 2
8506.272066170 887 4
8512.086429291 3677 1
8513.789497656 247 3
8519.773039237 27 3
8520.434469219 119 2
8524.701771510 3218 4
8535.626783903 12 7
8535.932444897 16 8
8564.072976454 1 3
8570.540633135 39 3
8573.210382764 3 8
8574.419128007 124 1
8574.562827986 2767 5
8583.104096649 120 6
8583.267320942 1203 2
8594.899388426 5 4
8595.972058577 5 1
8605.232658619 215 8
8606.060451221 6 3
8617.182774994 2 8
8623.514112173 7 3
8632.278070552 833 6
8633.309495838 45 3
8641.164360397 461 5
8647.243688960 2034 8
8652.536994101 451 1
8653.037153475 554 4
8660.466848904 1 4
8660.668495666 3900 4
8660.915019215 150 4
8665.822893880 1136 1
8667.163790694 11 8
8679.003424050 3421 7
8701.603631962 56 8
8705.604907324 95 8
8734.337900057 302 8
8735.173391220 144 8
8738.070696524 2 8
8739.447565628 4 4
8745.329107811 10 6
8754.028227480 801 8
8756.778741581 2 8
8758.860469882 536 4
8762.317938233 23 6
8764.098666926 4 3
8766.329204062 31 7
8792.926077199 3023 1
8793.813433823 7 3
8795.243262455 1 4
8798.349650662 7 8
8807.384998705 1236 6
8816.597046906 2 1
8818.730954758 621 2
8827.496826481 20 7
8838.131925158 259 1
8843.541271125 13 3
8853.102190794 4 4
8854.974540172 792 6
8866.846441787 1 4
8875.086860596 2 2
8883.340311447 5 1
8885.359106249 2745 2
8890.655755975 62 1
8893.822184731 2919 6
8897.666558441 1133 7
8898.502028093 467 2
8925.360010935 108 6
8935.034913552 5 3
8940.329026242 52 2
8948.938960687 24 6
8949.623402206 100 4
8959.037585975 3819 5
8961.496152145 1866 6
8966.656307552 321 2
8972.591193824 5 6
8976.281149156 56 2
8982.857829709 152 8
8985.665484511 101 1
8992.639933240 649 4
8994.496858193 21 6
9009.748865634 191 1
9010.085131240 223 6
9015.881426983 199 7
9024.556680209 34 4
9024.917585088 16 1
9032.639664507 2 1
9038.510628757 154 6
9050.482209947 199 5
9051.236951916 3 1
9056.963794441 231 7
9059.958234654 2 8
9064.406652884 1195 5
9071.561921440 93 1
9072.664281487 1389 4
9073.566916519 2 4
9075.571917753 4 8
9084.923305612 1 3
9085.952205635 3131 4
9093.226033076 1 6
9098.306519853 283 1
9099.008585575 48 8
9099.145685530 48 8
9103.684214702 2421 1
9104.827857223 2 3
9108.864353464 3 7
9116.226246570 15 6
9117.050238200 2135 4
9146.025058496 2 8
9146.296727642 82 1
9149.538733551 17 6
9154.795378078 29 1
9158.656232787 1 8
9160.199849770 450 3
9162.261187928 1 7
9169.745576827 674 8
9172.680917830 4 1
9176.280374276 14 3
9186.075335059 1 1
9186.640760389 1 2
9188.947780478 4 7
9189.330871731 30 5
9198.224714193 8 8
9203.895941740 12 1
9209.207353491 239 2
9218.083715881 284 1
9220.585348027 7 6
9232.481083965 18 8
9237.062239936 121 7
9237.759889091 15 2
9244.766014778 1475 1
9244.830953048 4 5
9250.521471971 1 1
9250.706593648 79 1
9251.768524005 13 6
9256.532155816 325 7
9257.565181614 99 2
9262.004390618 3 2
9266.125080649 2 8
9269.643872897 3 2
9270.886777052 355 6
9273.223642456 10 7
9280.574983119 122 6
9283.600964478 51 7
9285.695322435 852 4
9286.874869457 55 7
9290.597698671 1 5
9299.201114782 4 4
9325.886487565 1 2
9327.177139510 33 5
9336.603343192 12 1
9340.131411252 1 2
9343.550838166 134 2
9343.991244080 2 4
9364.037602311 7 1
9364.483571095 2 7
9367.316731440 7 8
9380.450481351 4 2
9380.561133940 4 6
9381.098773695 4 5
9382.183859077 2 1
9387.781353499 10 3
9397.064224397 2 4
9401.420209299 7 4
9402.641989450 3 6
9425.909336623 9 3
9431.877051440 3082 1
9446.565284048 52 6
9449.902617741 10 3
9455.917502559 50 7
9471.674016046 21 2
9473.007448757 1 8
9484.614107033 137 3
9492.165959359 54 2
9509.026162447 49 7
9514.028882268 161 3
9517.333063429 5 8
9524.495551030 228 8
9535.606283327 2 3
9539.884139815 4 8
9539.999758163 30 2
9552.613082969 168 5
9556.480548790 154 5
9557.794338261 1 3
9563.353593652 258 2
9566.218922915 2 4
9570.864797196 51 2
9572.909728243 811 5
9575.861660270 14 8
9580.779453236 1 7
9583.246657835 775 6
9585.557902728 3 3
9585.954761466 1 1
9600.819604112 218 2
9607.409437320 136 4
9607.561155826 31 2
9613.130066919 49 5
9615.669032894 1028 8
9618.030477663 21 2
9624.039274713 1103 6
9628.047857206 440 4
9646.308778735 643 5
9647.399803492 6 5
9647.556589465 169 8
9651.058086648 266 3
9653.280118277 9 1
9663.482085685 3 3
9663.943858347 53 1
9675.429928808 940 6
9693.347874051 2473 6
9712.755494174 1476 2
9717.368681587 34 5
9727.491361198 1 8
9732.324966115 24 6
9739.053494679 87 4
9744.651271417 1 7
9746.780218284 2 1
9748.400248495 9 6
9752.028476445 81 7
9752.985479628 1 2
9765.255025251 1328 6
9767.297017855 44 3
9779.037744702 63 5
9791.169459421 361 4
9803.790722288 1 8
9805.149111588 8 2
9810.090522180 376 3
9812.691644953 2789 7
9817.501506684 54 4
9818.433676632 3 5
9819.874543539 2 7
9820.814570323 1135 3
9825.085619658 1507 6
9827.991883995 4 8
9829.757921716 3248 3
9835.349520052 2 8
9845.841422159 61 4
9848.715917821 471 5
9851.355380530 1 4
9854.092544252 60 7
9858.721151337 1 3
9873.898739393 137 8
9874.101222536 27 5
9875.736701778 6 8
9882.559082440 105 4
9888.771333362 95 3
9895.493694846 56 8
9923.370325865 490 8
9923.593402548 9 4
9926.176034488 2776 7
9941.815055562 1 2
9946.177867474 13 1
9947.058453488 709 2
9948.401874017 5 1
9952.943517921 2824 8
9965.797518168 2 2
9979.640382637 24 2
9994.301740572 2657 8
10009.535429722 5 8
10100.041356610 4 6
10106.959574640 27 4
10127.886945177 13 6
10143.817710459 2457 7
10147.925650304 35 4
10154.805820726 2 4
10173.848243016 35 6
10176.429483392 9 3
10182.768958043 3 8
10183.672137012 13 1
10197.162072226 338 8
10208.712946720 294 6
10210.443207165 1115 2
10210.829971968 66 3
10221.372607253 509 1
10224.556403660 1 6
10226.977902263 3 8
10228.737360657 13 6
10237.789231855 230 8
10251.523969980 1747 8
10254.113801023 224 6
10261.504705860 671 7
10261.975897703 148 5
10272.245406573 83 1
10286.819429635 3440 8
10290.615449895 1 5
10301.890231593 2 4
10304.594551371 679 5
10313.284850209 2176 2
10313.726337500 8 8
10318.060840047 587 4
10326.223240993 1 5
10338.420695455 620 4
10357.815635495 1036 3
10370.252569798 146 2
10388.363392428 65 7
10389.649550910 731 2
10391.075271086 1694 4
10394.343356056 285 1
10396.095082114 34 2
10409.219544774 73 5
10411.536064320 753 1
10424.315533432 45 6
10425.850388024 3 5
10431.004073771 582 4
10438.224089800 1886 8
10471.198130295 1 5
10475.340597312 663 1
10487.981085135 1256 4
10490.044797577 2017 2
10496.904523191 11 5
10502.001096291 814 8
10518.922561592 48 1
10521.469923831 314 5
10524.976851299 63 7
10525.520502295 912 6
10530.376063772 9 6
10530.676701701 181 1
10532.007781437 565 8
10544.024615425 13 8
10546.973509990 4 8
10549.163400899 37 5
10557.959204834 19 4
10561.470272389 2059 3
10573.438082485 78 3
10582.177299174 1436 1
10593.487338658 891 8
10600.305189593 3 6
10617.268817036 395 7
10625.102067503 6 1
10628.831403948 6 1
10628.977761992 1 4
10630.403608018 3 1
10632.525394857 1633 1
10635.281963427 1 4
10638.455995218 706 8
10646.842826856 291 1
10648.671506538 1822 2
10662.098820960 5 2
10667.298420710 1052 5
10669.853341930 1383 6
10677.376623430 341 4
10689.973482868 95 1
10695.263417697 512 6
10700.802963832 53 8
10712.289801624 23 6
10718.172367050 3 7
10719.263247427 365 6
10724.956515704 327 8
10741.381481375 1 5
10747.320244640 44 7
10754.737774766 1 7
10770.764475954 131 3
10773.137451330 46 8
10775.578217808 242 3
10779.958841102 50 7
10781.753336694 1 3
10786.522345739 7 2
10797.667441967 170 5
10807.575187755 7 8
10808.311996388 97 4
10811.060363685 26 3
10824.288469502 139 8
10842.658270250 18 7
10849.211048189 939 8
10853.308252763 29 7
10859.036001564 430 2
10860.973676548 728 2
10866.102338018 1 2
10868.026249345 263 2
10894.145463209 7 8
10896.785530895 7 3
10923.694959315 2 8
10926.981997569 1035 1
10928.640379288 19 1
10943.043990272 2 3
10944.021899316 15 4
10951.585120928 795 6
10955.272913862 1 1
10957.870668314 742 5
10958.197796010 3705 5
10962.275942832 793 4
10966.019482969 6 6
10969.766860422 2052 3
10975.116818154 97 5
10988.006839692 2882 3
10999.045265078 3 6
11003.692798139 824 3
11011.755131092 2110 8
11016.953346260 1 4
11021.808432678 6 7
11031.205045406 2 6
11035.888311353 336 5
11047.142792936 290 2
11048.764097278 18 7
11057.751955021 9 7
11059.006040268 9 3
11059.397955790 192 2
11072.150037132 16 6
11083.814737211 124 6
11084.588286187 127 7
11090.367841704 224 3
11094.438334862 139 4
11095.813470544 6 6
11114.647558573 1 6
11138.918826173 23 1
11139.219086463 7 2
11146.474338016 203 7
11152.154620458 693 3
11153.760492955 32 1
11155.207391068 331 5
11165.893728136 385 5
11166.165930460 4 3
11166.309617554 143 3
11170.637437980 3 6
11174.706983901 10 4
11174.956943534 3 2
11196.362882492 1 4
11198.324961256 45 8
11205.675398386 65 2
11208.161499931 3282 4
11211.037548970 8 5
11226.695085119 116 2
11232.064835165 154 5
11238.498851492 1 8
11240.971341551 359 6
11251.053391355 30 7
11256.249822372 1517 7
11270.844212048 1140 5
11272.493356353 4 5
11311.252852515 1 8
11318.091495013 24 5
11321.864641462 1 1
11324.539605242 91 2
