1 8.730549012 0.029510323 0.011861422 481080.262454966 9
175892.634817305 4843.949458853 0.000027283 0.000013627 820.187750455 0.500000000 0.500000000
21
1 0.172845864 1.761345635 0.493586751 1.001962464 19.073032800 0.431404353
2 -1.000000000 1.959885517 0.511215137 1.007538863 19.095371348 0.432363272
4 0.200301309 2.356965283 0.546471911 1.018691660 -1.000000000 0.434281110
8 0.236908569 3.151124814 0.616985457 1.040997254 19.229402636 0.438116786
16 -1.000000000 4.739443876 0.758012549 1.085608442 -1.000000000 -1.000000000
32 0.456552128 7.916082001 1.040066735 1.174830819 19.765527788 0.461130841
64 -1.000000000 14.269358250 1.604175105 1.353275573 20.480361323 0.491816247
128 1.335126365 26.975910748 2.732391845 1.710165081 21.910028393 0.553187059
256 -1.000000000 52.389015744 4.988825326 2.423944097 24.769362534 0.675928684
512 4.849423312 103.215225737 9.501692288 3.851502129 30.488030816 0.921411934
589 5.554113064 118.502796711 10.859078054 4.280884819 32.208099010 0.995248693
1024 9.535152574 204.867645722 18.527426212 6.706618193 41.925367379 1.412378433
1040 9.681581614 208.044283846 18.809480397 -1.000000000 42.282784146 1.427721136
2048 -1.000000000 408.172485692 36.578894059 -1.000000000 64.800040505 2.394311432
2532 23.336089543 -1.000000000 45.111033159 15.115827226 -1.000000000 2.858428201
2819 25.962660438 561.246735318 50.170380104 16.716253613 82.023060994 3.133637938
3165 29.129188417 -1.000000000 56.269801857 18.645687516 89.752198593 3.465423893
3180 29.266465641 632.919633003 56.534227656 18.729333494 90.087276813 3.479807677
3264 30.035218098 649.596983156 58.015012128 19.197750973 91.963714843 3.560356868
3775 34.711795546 751.050863259 67.023117665 22.047290639 103.378712858 4.050364449
4096 37.649528150 814.782165632 72.681829754 23.837314577 110.549386758 4.358177430
920
1.780456580 10 3
3.008005177 621 6
3.776994140 4 1
6.307907118 164 1
7.712789255 3162 3
13.077182907 305 8
22.902690124 100 2
34.663987356 66 1
35.258641231 3278 5
41.563992919 896 2
47.017102378 13 3
49.149608211 25 4
51.390594168 1 4
51.935784913 2 1
52.791237697 8 2
59.232256795 55 1
60.559574768 638 4
78.345974666 184 6
83.771528274 6 3
84.738469400 59 7
86.002578466 263 1
86.804510081 1 4
97.592148137 40 4
101.186034780 33 1
108.002043698 1 2
129.549026200 1 4
132.488033812 1 4
140.079466541 16 8
143.351975527 8 2
146.163689094 1958 8
151.476787911 10 5
161.473044490 5 3
166.279416111 3 6
169.241951246 44 3
171.556819401 958 3
193.097229904 3156 8
195.805734889 105 5
197.127002096 1772 3
197.781976594 589 7
202.503133315 9 5
206.408622360 2 2
207.409382425 172 6
214.378662686 98 5
220.030203374 26 7
221.516055260 616 1
221.677643810 2 1
235.986322602 69 8
236.306598503 156 2
236.526423368 148 4
242.928086099 18 7
244.648549678 6 7
247.660836249 4 7
248.152422229 6 7
252.620385063 14 7
254.859111927 22 1
255.984772433 1517 8
265.753859936 1387 7
267.963080260 4033 6
284.240011634 1517 2
287.594362520 25 2
294.793231211 1 3
294.969312135 2 8
305.304639311 25 1
306.849371852 463 6
322.338077674 1719 5
331.347456921 1 3
333.630939318 261 2
334.655008358 970 4
350.845222704 68 3
365.707291256 107 7
367.669017821 3 3
376.407575982 379 5
383.016578051 5 1
385.984567716 4 1
390.882167491 47 6
395.338351062 265 5
402.963613443 585 1
404.331126810 457 7
405.711582324 5 5
408.871069588 4 4
412.717635674 63 6
412.804552355 358 1
413.793561417 1 6
420.374388493 1 4
424.441821574 276 1
432.792409812 2 2
443.518712194 638 7
452.887905588 7 4
453.179815031 764 2
455.795132844 8 7
466.988225950 174 4
467.994590314 769 7
475.766142802 7 2
476.372498916 1429 4
479.936595237 3 8
486.638356254 2 5
504.097213315 261 7
512.760588759 699 6
513.039051246 5 8
516.578483062 740 8
516.643694543 229 2
520.550624171 1 1
533.408706597 1415 1
534.532673495 2368 6
538.258799991 147 2
546.627579862 217 4
559.235041597 2857 2
574.142622477 3034 2
580.712489665 205 7
582.120807114 17 1
582.239176978 2152 2
584.719018719 200 7
605.863157696 2345 5
617.545171748 22 1
619.286125447 2 1
620.343850716 1714 7
625.550143825 42 6
626.328074358 2 3
632.672916108 1 8
639.017109555 382 6
640.783719007 103 8
643.320171019 570 6
647.339944947 16 6
658.484787883 678 1
659.323150514 2 1
663.690424790 303 7
664.135778426 2508 3
668.859607768 265 3
669.181269713 158 6
670.027121802 9 1
670.578654930 31 3
672.835527741 58 7
678.599065725 29 3
688.016504827 4 8
689.648264571 18 3
693.094042743 2 8
704.073185788 95 2
704.334792697 762 8
713.177467925 2598 4
716.059800185 399 8
719.010584135 1 3
719.474628354 1 7
726.155864842 11 1
735.709551435 314 1
740.079114025 11 1
760.405191024 2 7
767.064005584 1 1
767.601528377 92 8
771.270364157 8 8
773.125625778 22 2
782.153343256 117 8
797.868818011 20 4
798.260727969 59 4
804.588296450 17 2
804.945034979 6 7
808.465629522 16 5
814.060448163 90 1
815.946748871 2066 6
819.520983613 1785 6
824.455938065 108 3
829.212842142 63 7
834.976710274 14 8
839.904249519 2 5
841.068320464 1 4
841.070452457 1008 8
845.604124051 1 1
863.190838223 613 6
867.315678659 2917 4
867.833470076 127 5
873.014005255 2298 5
896.120318900 127 3
907.712299820 181 5
908.281159486 14 8
911.204795081 126 7
913.068804180 8 4
915.594433066 1 8
919.396177739 665 4
924.255957939 2833 5
936.468838809 155 7
946.314788146 6 1
949.439992764 82 8
949.885719889 18 6
954.546252338 1 8
963.583310517 3824 5
967.699251239 48 3
976.867852723 115 1
993.642433593 1 3
996.316254200 2 5
1012.723170337 263 8
1016.016541660 2 3
1030.513645839 10 2
1031.999375101 1 8
1035.326303588 38 2
1051.925957116 1692 6
1068.088955422 14 2
1070.568354175 109 1
1072.838907800 10 7
1075.767901111 7 2
1079.321500583 1 8
1079.635184628 28 1
1081.894355295 3 3
1082.908931782 543 3
1089.988889885 146 4
1091.691895129 211 8
1106.231596460 4069 6
1109.555360934 1978 5
1111.249305468 44 2
1118.356024664 3 3
1125.898748151 7 7
1130.109416381 52 8
1131.715951444 1 2
1131.779669179 9 4
1132.844687207 1 3
1135.540980369 17 8
1150.035594399 249 2
1161.906517275 160 3
1167.153934369 55 1
1170.472004141 270 2
1171.355941850 291 1
1172.827887743 2261 4
1173.492479757 1605 1
1175.444985466 50 3
1178.558634836 8 1
1193.337176279 17 5
1194.228785893 439 2
1195.258916880 960 7
1197.131435616 5 1
1208.641209000 465 4
1212.092623992 3 6
1212.597766108 363 3
1217.335022377 1 2
1221.579855309 20 4
1227.877524521 1951 5
1227.923661264 28 5
1230.365240343 1987 5
1230.921992185 376 6
1233.799669423 419 4
1236.104978810 224 5
1238.532670215 251 1
1239.284785255 11 4
1248.862863200 131 7
1258.292686631 40 1
1262.311609598 438 2
1263.787867414 1 8
1266.017115352 380 2
1266.613092897 824 7
1267.650336382 1 7
1267.724954137 1434 1
1279.265382633 922 7
1281.792181704 194 4
1288.449842008 212 1
1289.455110699 104 3
1290.432715133 16 5
1300.538677476 6 8
1306.265477910 2 4
1315.960832865 2416 7
1330.509321811 1252 8
1335.837823482 10 7
1348.872522670 4 8
1351.443952818 11 6
1352.935606764 3 7
1354.252851991 2142 5
1362.018722581 21 3
1362.499022959 1188 4
1365.092713517 3 4
1365.164979351 178 4
1381.453727819 3 2
1385.762194756 345 1
1389.079995234 143 5
1394.173055937 6 1
1410.114877272 20 8
1414.106250183 6 8
1422.517577432 15 3
1448.549744360 1 1
1449.918657113 38 1
1452.481001063 521 1
1459.907504772 1 5
1462.512894859 1611 1
1466.377620538 47 6
1470.623744411 4 7
1470.897111091 241 5
1476.708053857 1628 3
1479.611431230 155 3
1485.230016081 1 3
1487.449747023 1 2
1489.507100719 23 6
1492.132111033 35 3
1494.209274561 256 8
1494.313891742 41 4
1496.565222299 1230 4
1524.479847053 26 3
1527.518719895 37 1
1536.915664576 164 8
1538.853929837 1 5
1539.246896871 4 2
1539.410502111 9 6
1541.397282505 49 5
1556.835860824 23 3
1577.726256849 147 3
1581.499616818 3575 4
1585.070419591 2 7
1585.942931835 6 1
1586.252453467 61 7
1587.955922268 2120 4
1593.865224534 1205 1
1596.550518146 1513 4
1598.215980314 101 3
1599.574700666 3 3
1605.386657926 3715 4
1607.340506127 641 6
1609.561589766 118 4
1614.413385305 30 6
1614.882690464 346 3
1616.421428848 12 5
1619.151592706 128 4
1619.272265043 2 6
1629.974319295 56 2
1636.346747056 3826 7
1649.820267750 1 7
1651.636988141 146 1
1655.157799049 11 6
1655.410599559 2670 8
1673.122378614 19 3
1673.991770878 268 2
1677.275892783 988 6
1690.102346367 56 1
1696.425066222 2 3
1700.551472695 3 3
1701.507672069 37 5
1704.016519854 10 3
1707.940906372 446 7
1709.825416376 72 2
1709.928109484 4 3
1711.463803329 27 7
1712.166278062 194 6
1717.699106809 2 5
1720.174726936 2136 7
1743.388023066 31 8
1747.228751287 313 1
1752.210293199 52 5
1759.720423677 21 3
1762.764828590 12 5
1764.019323224 19 2
1764.483334175 6 5
1771.774256340 19 6
1782.395864864 129 6
1787.102179336 2 6
1787.528064717 924 5
1791.272341559 2641 5
1793.278724093 30 3
1793.809527749 347 2
1807.016374958 2001 3
1807.339582843 3637 1
1808.328475187 797 6
1810.180849678 3 3
1810.295766282 911 4
1815.197538143 145 7
1824.578291458 94 3
1826.887961064 1 8
1831.749803890 638 1
1858.584949199 72 1
1859.525263325 3 8
1864.653356766 3 6
1864.779543539 3142 6
1872.388509216 90 4
1875.232235733 1 8
1876.076078223 1644 7
1877.200412635 3 2
1882.373006144 79 1
1884.155289572 1 5
1889.889273055 67 6
1907.500348899 279 8
1911.586749480 2 8
1911.711068810 23 2
1917.402438478 164 6
1921.261047991 58 7
1932.383026332 2171 2
1933.760322720 6 3
1936.109517472 2045 5
1945.489494152 103 5
1952.941184591 5 1
1958.038163143 523 1
1961.643290191 26 6
1968.507978136 1888 6
1974.201461113 3133 8
1977.259144581 1689 6
1978.053246389 7 8
1989.591328838 2739 3
1991.415035554 7 5
2003.879162213 3847 1
2005.589947832 14 1
2006.256138544 77 5
2015.203519848 9 1
2020.395863645 54 5
2026.168728025 3 1
2035.159298581 112 2
2044.450119561 1 8
2049.916904470 440 4
2053.507798482 6 5
2057.925980057 1 3
2061.176274188 49 6
2077.135899780 223 8
2084.723738675 2276 3
2086.040072683 4 7
2087.549930872 401 3
2108.884991660 667 8
2111.626293917 357 4
2126.778891586 10 7
2128.224266469 206 6
2130.156349560 28 1
2131.923263322 379 4
2133.243069792 1043 8
2141.088955084 2 4
2145.105526975 5 2
2145.620060850 11 2
2151.337853989 1 6
2157.924597967 24 4
2184.832687414 2898 6
2197.360841216 20 7
2200.457343216 237 8
2205.906740996 5 5
2207.238738931 47 8
2209.757110048 62 8
2211.441905791 3 6
2219.964152470 7 8
2221.507545037 1241 5
2225.319161072 3300 3
2229.383726943 13 7
2229.543920193 4 2
2249.861271737 13 2
2255.385433294 629 7
2256.744577804 300 8
2258.700159371 17 7
2270.074769858 948 5
2274.205589904 110 6
2281.986397398 4005 6
2283.687102323 30 4
2295.835970906 2274 3
2296.818559254 3111 1
2309.051754389 6 5
2333.382550239 1 6
2336.485088044 2 5
2340.414241465 30 6
2345.177885403 11 1
2351.239825734 2501 5
2356.696951964 43 5
2373.613466456 150 8
2375.049386129 179 4
2377.855743944 2 6
2381.110186682 1301 6
2386.635025916 3 7
2396.160793213 2372 8
2397.428726153 22 7
2421.517929503 313 7
2432.196349642 651 6
2434.215165530 79 2
2435.174588823 283 6
2448.840153738 4 6
2448.896009129 63 3
2452.726931022 265 1
2457.528204189 2 2
2457.603322669 743 8
2478.506173164 1820 4
2481.610936022 124 7
2482.757488505 3 4
2484.093869466 2 7
2491.296526570 65 6
2500.133845828 588 5
2509.221218128 1 3
2524.476268080 334 4
2528.522138722 106 6
2530.118336977 82 1
2530.927112760 2 1
2532.961115877 3574 2
2539.049248540 2 5
2539.613272523 545 3
2540.746676881 3 1
2543.243347596 5 3
2547.211053034 24 2
2570.767150376 93 4
2572.781126960 202 5
2590.567873632 106 6
2595.559602682 16 5
2596.189051575 663 3
2607.144883787 366 5
2607.677481136 3 2
2608.184296774 1 4
2610.225050615 3513 4
2618.771603222 245 6
2623.482079186 386 5
2624.616991215 2913 1
2625.263262356 7 8
2651.401878441 87 4
2652.613496827 986 6
2660.663981461 1 6
2662.255421384 158 3
2667.425468802 110 2
2673.715565306 58 5
2675.068547478 1 7
2695.148550893 1072 4
2696.939244524 610 1
2698.372305047 527 3
2698.580699928 1 1
2700.768955905 131 2
2708.490218873 5 5
2709.214310218 2 3
2710.710774544 290 3
2711.567705794 11 4
2719.656159599 245 7
2724.910460784 863 7
2725.902191274 3481 7
2728.321323166 1 6
2730.132830548 13 3
2742.418645939 5 7
2746.264407586 7 4
2748.532510750 4 6
2755.943920667 2082 3
2763.551779276 289 6
2780.828437728 82 4
2782.563820999 4 1
2788.996824952 4 4
2800.072170644 140 4
2804.552492581 1 3
2813.717610200 5 6
2815.789809270 3967 2
2819.346167939 883 3
2822.328991862 119 4
2824.322332677 3 8
2828.127844601 3401 6
2838.460948867 1 1
2840.884980532 3083 6
2844.850641776 14 2
2847.344348970 2794 2
2850.710944573 1620 4
2853.500671825 332 3
2864.874341173 52 1
2866.344879453 28 2
2878.677577036 251 5
2881.177492103 3018 7
2888.203471091 4 6
2888.344395692 263 3
2893.722068656 135 1
2905.071620851 3 5
2908.882593366 1415 2
2913.734870971 738 5
2927.696383306 7 3
2928.605526480 1495 1
2932.236770033 2 3
2947.590657258 202 7
2949.236490139 93 5
2949.632100310 2 2
2952.028740157 654 8
2963.453245205 217 6
2968.078035379 43 1
2969.277146815 9 8
2976.236427184 150 2
2979.490523817 1473 7
2986.753758653 2255 2
2988.662375104 400 1
2992.082923005 2 1
2993.562073558 896 6
2996.702205724 204 2
3003.942263580 25 8
3010.911336251 5 5
3012.396613332 140 3
3012.952814999 1355 8
3021.637205326 1118 6
3033.699392298 87 1
3046.307965508 31 1
3046.334050679 343 5
3050.914241952 506 8
3054.027130971 266 6
3054.402570472 6 7
3055.318555972 11 8
3060.964828021 15 6
3063.827758051 1 3
3085.160197098 3 2
3093.445132834 2384 7
3094.532569152 1 5
3099.918014171 2367 5
3101.037022441 9 5
3109.624420095 1 5
3116.435418296 999 5
3116.684922370 1 3
3122.135591277 4 8
3125.863781701 35 6
3140.902609256 52 3
3156.534203870 6 1
3165.111519645 88 7
3169.257291234 436 3
3169.264502333 1474 6
3183.801026455 20 5
3188.972691090 57 3
3198.093667264 32 7
3199.292074164 9 8
3199.621561041 60 3
3211.780300563 614 7
3220.231846514 1 2
3234.429889987 2093 6
3241.690338260 7 5
3243.992557947 115 2
3268.351016429 182 6
3294.137041618 9 7
3303.900712879 121 2
3304.082257044 5 2
3316.399051994 285 2
3318.745857215 972 8
3319.226190557 103 2
3321.072513999 1767 4
3323.835574130 1 1
3333.875226155 5 3
3337.370045975 1015 3
3339.058129633 94 7
3344.534823919 2006 2
3347.564237762 41 6
3350.962830005 1 4
3353.828640085 1 3
3354.350197107 2078 6
3361.992168653 508 5
3363.036684984 1 3
3364.634407073 956 7
3380.823153514 8 4
3382.893979457 40 7
3388.321228285 28 7
3412.258604425 44 5
3412.536100585 455 3
3414.848765238 1315 7
3422.763139611 19 1
3426.832488060 4 7
3430.563575372 2308 1
3435.714090967 2 4
3441.116942127 20 5
3446.488410274 2336 6
3463.120212924 661 5
3477.768490440 344 7
3478.046795274 6 8
3478.651315160 1 2
3478.722857286 1476 4
3480.406298662 229 1
3481.889350200 175 5
3490.884819154 146 7
3495.669478041 6 5
3498.364174317 1407 5
3507.219208404 163 5
3510.176266276 1160 4
3516.999837320 5 7
3517.168571337 1086 4
3518.925398720 149 5
3524.527064808 552 4
3525.438162908 139 4
3528.114014119 1826 4
3533.347897962 1 4
3534.732006269 4 6
3558.439978501 1180 8
3559.856678282 2 3
3566.667890184 2509 8
3573.892233177 3857 3
3593.038682906 13 4
3616.099943838 223 2
3618.928103640 122 8
3624.528364419 228 4
3626.420352871 12 4
3637.899652980 3 5
3638.987814909 9 7
3642.960192008 1 1
3648.466647947 14 1
3652.257378789 2 3
3663.855224688 2533 4
3675.559494377 75 6
3680.681535503 159 4
3696.106855613 10 6
3696.770970544 834 7
3704.407527669 1225 1
3705.002670659 5 8
3710.844882305 32 4
3726.745241726 905 2
3727.507054270 630 1
3733.900409537 15 4
3735.650849263 6 6
3740.532603865 953 1
3741.404138039 1 2
3743.238192503 2258 1
3748.525545098 364 2
3748.626568508 50 7
3757.724042821 380 5
3758.260969004 3 2
3760.111276084 8 8
3768.361065597 7 1
3769.697988549 3 8
3789.409632323 782 8
3790.419114683 30 4
3797.329733553 393 2
3798.539194799 65 4
3804.227560755 10 7
3813.893102065 2 8
3817.804230000 12 3
3818.742850969 15 3
3820.354794283 4 5
3821.103634398 3 3
3823.560924012 3 3
3825.108997846 143 1
3834.735711585 2 7
3839.193420386 1617 4
3841.979116773 756 8
3842.062139876 17 6
3848.868640105 1 4
3859.918989511 92 8
3860.637719087 2 8
3863.419497032 99 4
3871.795525888 88 5
3876.002395319 1083 5
3880.893697332 1 8
3882.522306539 26 2
3885.745498848 26 6
3894.277937610 2 7
3894.494305762 1976 4
3897.722417098 4 3
3904.424686615 18 8
3916.279661010 2450 2
3918.752671283 6 1
3920.845446108 28 4
3921.183230724 48 6
3923.345945148 19 6
3924.841379086 5 5
3928.574339246 616 8
3934.441836432 205 5
3938.325566057 8 6
3944.511135216 120 2
3946.368008943 20 7
3961.295202603 411 5
3968.125323948 212 7
3968.269851741 174 3
3976.045807600 447 5
3976.190079937 6 1
3977.201299214 3341 3
3977.607263988 814 1
3982.217042562 1 8
3986.334518098 57 8
3989.127040582 51 4
3994.423516694 20 8
3994.779091457 63 6
3996.174272611 23 1
4005.581850386 162 1
4010.810952487 3245 5
4014.102237358 352 4
4016.582289438 4 3
4017.585178349 1643 5
4027.262810430 21 7
4029.379192839 619 5
4029.797765951 69 6
4037.132055480 167 2
4041.655140836 1 5
4046.408007615 2216 7
4058.697076792 3 6
4062.041078295 66 2
4082.277219599 3 5
4083.102511372 1 2
4099.792392201 1 3
4105.974297752 1 1
4117.806077863 104 1
4124.390141121 335 1
4130.995110003 27 1
4132.789538280 7 6
4140.841609999 36 5
4149.535524002 1686 7
4153.655779269 10 2
4154.768886117 2841 1
4164.642799189 21 8
4187.338610839 127 5
4190.853943975 3 3
4192.785509397 2 2
4193.310127844 239 5
4203.702121340 2 8
4215.205641268 1 6
4220.709520446 27 2
4230.723938815 2 2
4232.453662364 1237 8
4235.181804484 2042 5
4239.787586013 288 3
4240.380665265 2070 7
4251.754323860 179 3
4253.161803918 3385 4
4255.418437342 125 7
4258.928166166 672 3
4279.037713391 30 1
4279.643618427 2365 4
4282.621626379 172 1
4300.054474353 55 2
4302.164305819 317 4
4302.809162522 8 7
4312.651800329 2 6
4321.879254783 954 1
4333.363473940 1 6
4334.947570006 1 6
4344.529916122 18 5
4356.574950377 21 6
4359.854301143 1 2
4362.745367785 4 4
4366.501508643 314 4
4367.940530569 221 4
4370.328666584 1 4
4373.070602457 2462 2
4390.718492786 77 8
4396.026694909 6 7
4402.813083796 3 6
4403.271187738 757 3
4409.282689572 475 3
4410.869426208 3 3
4426.520190175 57 5
4428.570645301 187 5
4431.891953433 229 5
4434.152158533 730 5
4434.247958096 19 5
4435.743833895 10 3
4436.342719512 44 3
4437.400623895 74 4
4456.344792381 3801 4
4456.995152612 29 3
4466.783557262 268 5
4468.270351320 956 7
4468.893470176 413 7
4483.881468268 1 8
4486.760925098 23 5
4501.822535802 3042 5
4511.792730484 6 2
4523.831907170 2924 1
4542.264920368 196 5
4549.864113009 59 8
4555.070902879 96 7
4557.084062376 42 4
4557.093740438 11 2
4561.640304406 844 6
4566.292206410 3802 1
4570.707725505 41 6
4583.561804467 54 7
4598.592629407 399 1
4605.925047189 879 7
4612.388162367 5 5
4613.017011297 1564 2
4613.802100696 37 8
4615.661414893 4 8
4617.438974208 183 8
4618.882103672 14 6
4619.640591618 175 5
4622.877115597 16 4
4623.591669609 11 4
4623.792629783 95 1
4625.136393981 106 5
4639.806658240 468 3
4643.168135529 456 7
4645.846877752 6 1
4649.519424098 1459 4
4650.402350852 133 2
4651.088489249 84 6
4653.349035872 41 6
4654.337332546 1581 6
4660.464747493 1099 8
4661.586963321 686 8
4661.721161913 3 1
4663.256052540 2231 8
4668.895872059 1542 2
4670.199070537 27 7
4674.186095675 38 8
4689.358603998 317 3
4703.046895361 67 6
4725.394149782 122 6
4725.711142630 981 2
4735.877254273 5 2
4743.528099296 85 5
4753.463955082 7 3
4754.473396831 1178 1
4754.478360046 168 8
4755.171810764 4 3
4764.096639717 48 7
4774.245828163 32 7
4778.757132816 1361 2
4778.828624043 480 1
4783.204179266 26 3
4783.883264292 1 2
4805.171134257 2752 4
4814.078660607 19 8
4815.133541789 8 6
4815.875583688 374 6
4817.704606501 1678 2
4832.262033986 1 3
4838.435858073 9 4
4839.684823466 2532 4
4846.743025825 92 1
4847.989450047 416 8
4848.921887146 108 5
4858.706358337 776 7
4875.675962984 595 5
4877.179447396 3561 1
4880.137944045 1284 3
4881.788126566 1 1
4882.358877070 165 5
4895.335186362 4 6
4910.022554505 759 2
4910.998987735 70 5
4912.410256721 94 4
4913.760795185 597 4
4917.537528028 433 5
4921.703056247 5 4
4923.963138616 49 1
4938.541003745 7 5
4941.867575812 1 8
4942.833397404 18 1
4950.571683258 2377 1
4951.442840169 333 5
4951.959785494 190 3
4958.831590547 8 6
4959.231281699 4 6
4965.605380368 17 6
4975.348397863 2750 3
4975.572699011 56 1
4976.118121534 3825 7
4982.724488474 3362 1
4984.908362032 364 3
4986.508818182 1 7
4992.578723786 1946 1
