5 9.118834022 0.002497273 0.018708338 2948.243044123 35
1150.436015691 358.186417126 0.006981291 0.002783205 869.397186890 1.000000000 0.000000000
21
1 0.425439179 2.009751919 0.425694757 0.222023770 15.307213177 0.704503343
2 0.431465519 2.197878630 0.432662661 0.227663550 15.337711936 -1.000000000
4 0.443518200 2.574132052 0.446598467 0.238943112 15.398709455 0.724658725
8 0.467623561 3.326638897 0.474470081 -1.000000000 15.520704493 0.751532567
16 0.515834284 4.831652586 0.530213308 0.306620482 15.764694569 -1.000000000
32 0.612255730 7.841679963 0.641699762 0.396856975 16.252674721 0.912775620
64 -1.000000000 13.861734719 0.864672669 0.577329961 17.228635026 1.127766357
128 1.190784406 25.901844229 1.310618485 0.938275934 19.180555634 1.557747832
256 1.962155973 49.982063250 2.202510116 1.660167878 -1.000000000 2.417710782
422 2.962528475 81.211097293 3.359182075 2.596371494 28.147190929 3.532975232
512 3.504899108 98.142501292 3.986293378 3.103951768 30.892079285 4.137636681
604 4.059322422 115.450158713 4.627340488 3.622811603 33.697965160 4.755735051
1024 6.590385378 194.463377375 7.553859903 5.991519547 46.507444153 7.577488480
1393 8.814104975 263.882133771 10.125016246 8.072598669 57.761486412 10.056600420
2048 12.761357918 387.105129542 14.688992952 11.766655105 77.738173890 -1.000000000
2119 13.189228084 400.462126030 15.183714091 12.167079544 -1.000000000 -1.000000000
2681 16.576031372 506.189337669 19.099675784 15.336636364 97.043888658 18.709977601
3048 18.787698288 575.231840643 21.656896320 17.406435924 108.236933398 21.175652621
3119 19.215568455 588.588837131 22.151617459 17.806860362 110.402345323 21.652663320
3589 22.047948429 677.008391348 25.426532042 20.457557347 124.736762292 24.810339775
4096 25.103302997 772.388633876 28.959259050 23.316926222 140.199633362 28.216599271
1232
0.109639535 174 6
0.988623461 1297 4
2.918538859 9 5
5.850648504 8 2
6.052694684 3 4
6.258064010 6 8
6.800996679 197 7
9.221778820 610 1
9.556486767 2 8
12.356598917 1225 6
19.355452751 3404 4
19.487494684 396 2
21.226744543 4 2
25.375152186 29 2
25.940183649 55 4
26.542551970 973 5
26.780508924 1 8
28.721714192 210 4
30.309835303 12 5
33.361789717 51 5
34.197960198 1 5
36.693834919 775 2
43.209731805 127 4
45.809650042 14 8
50.160793919 927 6
51.905275681 2573 3
54.037550013 656 7
56.858457140 6 1
57.195919346 1 3
58.863018599 16 4
63.006309623 7 1
63.456898656 47 2
66.330382743 1193 5
68.757351738 9 8
71.491561682 2 6
72.420651102 5 6
72.823871293 3 7
72.861130581 34 5
76.800818617 507 6
76.897324148 13 6
78.435519527 999 6
80.000614136 1 7
80.176721929 23 3
81.776265911 200 2
87.156121652 93 6
87.161507167 9 1
87.236045661 332 5
88.369584956 1002 4
88.941212212 8 7
89.680233238 18 5
92.599048562 662 3
92.746703301 9 4
94.403114613 655 7
96.323927693 887 8
101.640569385 3 7
102.222289907 1653 5
102.248668834 4 3
103.776502672 3747 7
107.202896735 50 1
107.447910179 38 8
107.479560952 1 6
109.576970704 1 4
113.041320983 7 7
114.378478213 2952 1
116.869227042 567 5
118.961723187 1 6
120.218215966 5 7
121.034082238 86 1
125.306670681 37 5
126.035071472 210 2
126.871957458 38 4
127.112420809 637 1
128.494854281 1029 2
129.522555570 3510 5
132.028241762 495 2
132.254474221 3397 3
134.528729937 3924 3
136.581943880 1 2
137.334560873 80 8
138.466439535 20 2
141.498173337 47 1
143.181880579 5 8
143.753471456 1489 5
150.023530809 791 7
150.428228942 4 2
152.074001121 2159 1
152.111955188 969 3
152.910084479 26 3
153.865080834 78 4
158.493636656 1598 3
159.696886812 274 3
161.154774252 5 7
161.661082139 1 5
161.680165256 1188 4
165.196090029 1 8
168.550271425 159 4
168.630769704 2431 1
168.943470177 45 1
173.292953483 7 1
173.779470484 675 1
174.741812913 4 5
175.604979671 1650 3
175.910643432 14 2
176.734355519 199 8
177.682349697 3 7
177.892479648 4 2
177.936043026 447 1
178.731969594 5 7
179.989745697 1458 2
181.130874080 43 8
182.573438570 1121 4
185.556180932 49 1
185.786637030 2 7
186.401570228 1 4
187.383166737 108 7
188.809639513 539 1
189.389650720 383 2
190.394071842 2141 6
191.402465460 25 5
191.770936821 19 3
191.819521239 8 1
191.846342125 1 7
193.476400325 257 6
194.786803684 551 1
195.381278680 3451 1
195.778238756 3068 3
197.263551755 38 8
198.020638888 1757 2
198.373607449 16 2
204.526454377 1 4
205.124358585 3589 8
205.485927915 44 6
206.583426939 14 5
206.612149481 26 5
208.396957072 7 8
210.009828980 479 7
212.598999140 133 8
214.296729959 18 2
215.025740869 2 4
216.979204966 921 1
217.498454974 718 2
218.145176580 3 5
219.820626734 127 4
219.996649336 1 7
220.068916056 102 1
222.728931229 19 1
223.567120498 3 7
227.749624673 73 3
228.160974156 765 5
228.431054822 15 5
230.764512176 42 7
231.416100347 2 5
233.825478985 16 4
235.471603585 320 3
235.922203448 15 2
236.382643038 1 6
237.329459914 2 6
237.391897504 806 5
240.035624447 311 6
240.065028965 90 5
241.452374982 1 1
242.774897759 3 5
243.101741658 14 5
244.390973073 75 8
244.708016275 1026 7
247.167197441 35 3
248.826772926 36 4
249.645824816 8 3
249.790728761 106 7
249.845501142 1169 8
250.174137844 5 7
252.083376650 3 2
252.748114599 3 5
253.903459728 2 5
254.494067412 28 6
258.541356555 43 6
259.276671874 768 6
264.677281278 35 6
266.076546884 3222 2
266.150911509 11 4
266.174453250 11 5
266.295766020 9 8
266.851794368 277 5
266.861630129 3093 1
269.391057900 620 6
270.954869388 1 6
270.983174471 3618 6
271.261943154 41 3
273.467152267 13 4
276.532208443 7 7
278.733140766 3 3
284.447151441 3 6
286.078875596 18 3
286.126291234 15 3
288.849039395 1 2
290.214707155 1079 7
290.653964232 236 7
292.739453224 356 6
295.659222382 1453 7
296.825304053 2190 5
297.982538848 60 4
298.019192769 1170 1
298.088319790 28 4
298.550175735 26 3
299.699848742 50 6
299.916529508 17 1
301.194913023 3004 8
302.485871110 624 6
303.802497870 1276 1
303.880031039 1703 8
304.055994262 11 3
304.731701980 3585 7
305.976686504 26 4
306.675856516 341 8
306.755578452 8 8
307.954778113 2246 8
308.199971530 3 5
310.217035540 112 5
315.344959457 1 5
317.822272214 374 2
318.562500115 5 7
321.443327529 668 1
322.662760410 1 1
323.839507326 31 5
325.370293330 14 5
326.388774987 572 6
326.576168279 7 5
333.337751938 14 8
333.444197043 1113 8
334.716620214 230 6
335.786539881 144 1
335.868408046 701 8
338.320457706 9 1
338.722430490 36 6
339.008858594 17 7
339.731461160 16 8
341.337104288 1 3
342.024032704 282 4
342.135842171 142 3
343.538711807 1 5
345.924053162 1 5
346.469729164 630 8
349.757850107 3358 5
350.542737692 885 1
350.956482962 2 4
352.021855524 21 6
353.612180196 215 5
357.453404663 215 6
358.326680724 2384 3
358.652139662 1378 7
360.262286647 1008 2
360.599458189 66 1
361.989225081 22 6
363.580871489 47 8
364.310627652 15 5
368.087318855 2110 1
368.752862441 19 1
371.200447408 623 3
376.093075974 316 2
378.726827574 3218 4
378.978458732 381 6
380.499384677 2 5
383.645202362 1139 4
383.943657233 727 5
391.545790969 178 3
393.160619346 5 5
393.797605977 1168 3
394.383084146 542 2
394.511384544 7 2
394.552019937 8 7
395.302176934 53 8
395.315170222 396 7
396.192775747 278 3
397.203428940 208 1
398.131082592 1 8
399.731344145 1507 1
400.873841773 10 8
401.337048416 6 4
405.735082129 707 5
405.872532804 2654 4
407.127724257 806 6
407.762662793 22 5
410.856494403 33 7
411.097465642 122 8
412.902871600 46 4
414.336191130 393 5
419.766010107 11 7
422.004686980 1 7
423.120015392 2618 4
426.645875775 5 7
427.148680012 2 4
428.434064816 42 7
428.621524530 2952 3
432.160530656 12 1
432.680496244 1 5
432.980726182 3977 3
434.132022586 2 5
435.862475988 4 2
436.378476030 3 4
437.864038509 58 3
442.555354395 1896 6
444.732978518 21 4
446.854414085 3 8
447.480876661 77 3
449.642761420 7 3
450.308209834 785 7
451.121892209 42 4
451.453563924 3 6
454.208295719 1 2
456.041258414 5 6
458.650016308 5 7
459.652670865 6 6
459.811581653 3946 5
464.390546752 102 8
465.683648829 1 6
466.523663423 1762 2
468.497743640 55 7
469.222232023 2 3
469.706454064 524 2
470.693590571 8 6
476.158194830 227 1
477.394612337 13 4
483.438471718 2 3
483.698439612 82 4
483.938627859 180 2
486.393849463 48 4
487.749580437 253 2
488.306558083 348 4
493.936617227 371 7
494.160450326 1979 2
494.286614010 8 4
500.746194704 13 8
501.213404053 8 5
501.959782537 1 1
502.077467159 268 4
502.623057697 5 6
505.016464348 1 6
507.727004526 51 6
507.947544544 60 2
509.573086482 80 1
511.691782331 692 7
514.902134843 25 7
517.527836626 77 5
518.038316618 212 6
518.989515269 11 5
520.610885253 3993 7
526.505088847 468 7
529.408584329 55 7
530.312568441 548 7
530.430234605 5 6
530.712048397 17 7
531.212074404 2 4
533.577163017 270 8
534.107299096 3259 5
534.121630722 338 1
534.262422762 3103 4
536.231821203 4 2
539.108172258 843 1
540.665690957 263 5
541.252554158 2438 8
541.633504436 3159 4
542.317198376 1499 5
542.907791021 3 5
543.008904034 1649 5
543.408452473 109 7
543.753562825 1479 3
544.392010897 106 3
547.945647595 98 6
548.975042503 18 5
550.682930897 159 7
550.921914808 14 1
554.530756007 596 1
554.580564869 30 8
555.161836627 123 6
560.707337380 107 6
562.038746396 2 5
568.763344870 1 4
568.892391378 1893 7
574.358963797 1074 6
577.656463864 24 8
578.826917831 70 3
579.045009040 208 5
579.839547539 96 6
587.080435929 6 2
590.102990265 10 1
590.724479860 57 8
590.780119255 20 6
592.400714630 2600 2
596.726963177 25 8
601.633684683 2196 6
602.984148385 197 4
613.455598494 5 4
613.568472168 4051 5
613.609541975 1082 1
614.485730655 131 1
614.914325904 5 5
615.317493484 1575 4
615.720794247 3 1
617.907045889 7 5
618.097715450 283 4
620.382489752 26 8
621.196695927 486 5
621.610622859 84 4
623.403569713 2 4
624.592703935 29 1
625.448148441 810 2
626.212245768 285 1
626.862446329 25 4
629.326846984 268 5
633.440097384 44 8
634.028674997 134 6
634.171415432 7 2
634.291373936 2 7
634.630168668 1440 6
637.601708346 599 7
638.058962796 2939 7
638.470126771 2 8
638.745817499 107 2
640.544806437 1 3
641.191862353 989 5
642.367054626 1341 2
642.960722971 301 7
643.838854095 21 6
648.843195615 1090 5
649.799762506 2416 7
650.679598254 4 6
651.769167186 2579 1
654.722470817 2051 4
656.777485965 62 2
657.653452160 3944 8
658.008114723 346 7
658.337077167 8 1
662.019784290 3 8
662.228463275 1 7
662.744924182 2 2
663.267292163 2 8
666.481037923 62 1
668.004338104 372 6
671.268716317 702 2
672.954167497 119 6
673.862524203 37 7
674.857049161 1 4
676.633496718 8 3
679.744832944 8 7
680.514311134 141 7
686.332958284 1 8
689.967473668 3017 7
691.978552505 3 8
692.235047753 28 2
692.902335375 544 6
693.065148423 1 3
695.238723926 926 6
696.675245989 1 2
697.673631462 233 4
698.046389863 1360 1
698.552777431 632 2
701.264191600 5 8
703.217245144 1264 5
704.383312508 97 7
705.793088261 6 3
705.967528863 4 5
710.977057938 816 4
711.952728029 44 3
713.505206038 1941 6
714.294514243 1 2
715.837129871 16 7
719.449125626 1 5
724.139272459 8 6
726.072908633 58 4
730.800645205 196 3
733.203172134 1701 4
734.769686528 3 6
734.931816328 900 1
736.528095553 2 2
737.027829020 20 5
737.804839509 1 4
739.701328543 23 5
740.263015870 33 8
742.355228911 307 5
743.426780381 14 4
750.904111287 24 2
751.178684040 11 8
751.505500199 2120 6
751.884703670 1 4
753.548981709 1 4
754.584197974 81 7
755.012301336 12 1
755.430657618 2531 7
755.550039256 1459 5
756.070523941 3 6
757.622832958 6 7
758.392850595 2613 4
759.759010005 1 1
760.420448953 2 3
762.421892502 46 2
763.050202866 45 3
763.970493373 27 3
765.404259121 159 2
767.743017137 2 5
769.151717307 8 3
769.920152940 22 6
770.063598266 1 6
773.593338960 5 2
775.535208547 1128 8
778.361231534 627 3
782.846014836 20 3
783.216507846 8 7
783.777734313 1928 5
783.862081349 1 4
788.790734665 20 3
788.994374650 43 1
791.623140656 27 4
793.084091668 4089 5
794.605575186 2584 6
795.615802554 872 1
796.214967029 288 7
796.519870688 18 5
796.892549241 2 3
797.444186950 4 4
798.469221269 123 5
800.721664597 91 8
801.442918598 52 3
803.549289796 17 1
803.827614117 510 3
813.222980367 2312 1
813.355505438 1 7
814.862660693 43 7
818.460891195 2461 3
819.195006976 14 7
822.841583399 8 6
824.369828231 2 6
826.461813264 6 7
827.940859312 1 7
827.956871644 12 3
828.715711807 1 7
828.848266238 6 7
832.319211663 4 1
832.440398933 29 1
833.667661927 62 6
834.355101262 3 1
834.776035195 228 8
835.461377857 334 2
837.670405409 3 4
837.997838264 1 1
840.263190520 18 5
840.423035004 5 8
843.151145439 270 3
843.426868152 1419 5
844.821586899 44 8
846.529500031 554 2
847.766356848 81 1
850.339530805 2 1
850.912741185 354 4
850.991582076 133 7
852.633090217 1 1
853.087940819 332 5
853.514922933 1 2
862.048090803 254 4
864.308053547 428 4
866.664092250 25 6
868.735495883 203 2
868.879652502 73 1
868.988522405 3 3
872.010860088 92 6
872.554745896 1240 4
874.007119131 13 5
875.526172643 2 1
875.607533461 2 2
875.934071036 1680 7
877.539330575 8 6
877.715786849 10 6
878.265738820 7 4
880.016935248 59 8
883.365392467 1002 4
885.623753274 12 2
886.759666362 1322 7
888.649981105 24 2
890.906656259 1734 6
893.437379621 2726 6
893.982210102 48 2
899.172645444 114 3
902.253093098 5 4
903.137423426 6 2
903.398280250 270 5
906.628056290 1 4
907.976003062 69 4
910.339152005 2972 6
910.920848046 353 8
912.127756240 24 7
912.277214752 1 8
919.260967072 1032 1
919.690667950 4 5
925.633042804 22 4
927.728415026 35 5
929.891326805 69 6
931.005660230 2 1
934.647871866 4 8
935.161113383 71 4
937.660966440 1340 3
940.778709885 10 3
942.231716500 8 3
943.881560547 1 1
943.883938764 38 4
945.260799989 3577 8
945.467611703 119 7
947.232128919 14 8
948.022900546 3 8
950.269832153 1579 7
954.249098492 1 2
954.359012764 5 6
955.028449635 709 7
957.053938573 20 4
957.142765311 4066 8
958.383411340 34 1
959.637572101 231 3
960.082696595 20 2
961.494074470 97 2
962.031648323 61 3
963.958132562 28 3
965.153618574 537 1
966.498189382 2776 1
972.965349647 76 6
974.462769715 124 1
975.455486280 12 4
976.312316456 24 8
978.572302906 3 8
979.777175255 205 3
980.964972191 2207 6
982.975965275 65 1
983.505694461 3947 1
985.261671374 3406 5
985.813758168 1397 6
986.611663273 110 1
987.944951637 5 5
990.565913631 11 5
990.658018517 72 2
991.114654663 26 4
991.764458301 36 7
995.084167823 3508 2
995.219150861 2 5
996.952246772 60 8
998.833479313 8 6
999.103344905 2247 5
1000.995216435 424 6
1001.885974478 132 3
1005.740878843 4 6
1011.193501064 6 8
1013.079642716 348 1
1013.859369490 285 7
1014.092822108 5 5
1014.853472606 70 3
1018.266930901 848 7
1019.369956225 5 1
1021.706687007 1206 3
1023.900619750 2006 1
1025.333929498 3 2
1027.553481560 2 8
1028.511319309 18 8
1029.153364811 374 1
1031.021881089 3296 5
1033.419909148 2 7
1033.481263985 896 2
1033.857127902 11 8
1035.507444400 48 7
1035.869540399 2281 3
1038.557987497 91 2
1039.956030667 448 7
1043.154418739 2745 1
1044.159164783 114 1
1044.638785973 933 7
1046.422458381 2 7
1047.310999702 7 3
1049.966578687 1 1
1051.426227087 275 1
1052.244836887 141 4
1054.097626215 1 3
1057.949999135 503 7
1059.388633256 98 5
1059.717774736 185 6
1059.783480257 12 3
1060.859660119 14 3
1060.961251315 574 6
1062.053988334 1963 3
1062.589715014 342 3
1063.364957462 16 3
1064.531448180 3850 5
1065.961067387 135 6
1069.932323857 571 2
1071.488742674 55 7
1074.002030249 3790 8
1074.198295262 747 8
1075.902287328 540 1
1080.465653381 23 4
1081.365339813 22 7
1083.153123865 175 1
1083.935620808 40 8
1085.550715976 107 2
1085.666525653 24 8
1088.213486940 2279 8
1090.761028355 1221 2
1091.115527437 3 3
1092.025806956 1310 4
1095.487405962 379 6
1095.985608382 61 7
1097.598131175 3 2
1103.363444831 121 6
1103.555939659 157 3
1104.343618192 408 4
1104.547034556 6 6
1104.635096436 26 8
1105.339295496 662 5
1106.809555183 9 1
1106.852340188 1185 2
1113.980271088 25 5
1115.290793372 537 3
1120.886380761 709 8
1122.876366242 44 2
1124.185435773 57 4
1126.295344319 443 4
1127.273967926 83 2
1127.693873086 18 7
1128.955730418 3 5
1129.693114150 6 5
1130.295886380 131 3
1131.515392424 2547 7
1134.025393127 688 8
1134.555481943 48 3
1136.014938145 2 8
1141.743854604 2719 7
1142.256305985 549 8
1143.242471935 47 4
1146.658811344 2 1
1147.321425549 1 7
1147.977038293 13 6
1148.295000691 4 5
1148.865447212 79 1
1149.179876820 371 8
1149.691014467 173 5
1152.506382288 206 6
1152.583166589 1 2
1154.812038873 1 2
1154.942970030 362 1
1157.285107150 4 4
1158.502728531 6 1
1159.669032280 215 7
1160.309914048 11 3
1164.613946023 65 3
1166.022437993 153 8
1166.143045313 23 4
1166.482170977 23 3
1167.764502963 21 7
1168.167906374 422 3
1168.818227528 122 4
1170.128464102 43 8
1170.516910850 27 7
1171.748316710 1538 7
1173.706662044 1533 2
1174.145827400 1 6
1174.226944257 5 4
1174.480701587 5 2
1174.807809521 14 7
1176.204238438 868 3
1179.244064878 954 4
1179.357088325 9 1
1185.259124783 1 5
1185.660231419 3 1
1185.988389945 182 6
1188.637475021 1 2
1189.757170627 39 1
1192.037788332 978 3
1193.789922243 381 8
1195.786748292 876 3
1197.530993036 890 4
1197.580885087 1722 5
1200.730202163 2039 4
1203.743880380 1742 3
1204.490630416 116 8
1204.522467732 2 1
1206.563132249 620 2
1208.925572891 459 5
1209.788342604 78 2
1213.096611022 102 1
1214.536747159 2 4
1217.735186638 166 1
1219.086231001 3195 3
1220.947418325 2 1
1223.509067133 125 8
1223.668663691 81 4
1224.006350822 110 5
1224.915985931 287 4
1226.027418193 11 8
1228.060831138 55 2
1228.678808687 275 5
1229.054608371 6 6
1231.228830809 2406 6
1232.585626408 332 7
1233.114321623 17 3
1233.760239367 6 1
1235.436384889 375 7
1236.483164046 101 4
1236.547349184 108 7
1237.026704735 4 3
1240.632914532 750 3
1241.266045767 38 4
1242.749476275 15 3
1243.806208613 92 3
1244.640991610 190 5
1244.677524070 141 3
1244.861643422 306 2
1247.561106145 2 8
1251.114122066 1 6
1253.325019225 49 1
1254.269953897 5 1
1255.908148475 151 8
1256.644832173 2587 4
1257.186328921 1 8
1259.894639511 27 2
1263.255582864 11 8
1263.993724398 738 6
1265.363005570 1 4
1266.217469541 30 2
1267.084337914 12 2
1267.575717383 5 4
1269.492873231 2560 8
1269.747597861 13 7
1270.356346409 3519 8
1272.858190505 62 3
1276.767444314 2 4
1277.671889242 514 6
1278.446598952 1 1
1280.000352206 663 7
1280.318932231 3154 3
1281.167055113 1429 4
1281.552793922 32 6
1282.334219748 12 7
1282.702806757 11 3
1283.152196609 24 3
1284.339461096 7 5
1285.618455038 14 3
1285.724030662 368 5
1286.867543977 2 8
1289.462667843 8 5
1291.657680631 489 8
1294.811836191 8 1
1294.953000363 60 8
1296.244991279 1904 7
1297.149175903 3792 6
1297.467782474 1532 1
1300.144522488 131 1
1300.717312750 1 5
1300.766656999 13 8
1301.719562578 3 8
1304.280859691 1 6
1307.288546928 1 2
1308.301548652 1354 3
1309.764199300 3244 4
1318.582261016 3 2
1319.792758925 1 7
1320.062203469 39 1
1322.200001194 14 1
1323.655552246 36 1
1324.009712012 275 1
1326.352448857 1487 1
1329.320379455 2044 1
1333.591022075 33 2
1336.661458997 3425 3
1336.950698339 1477 3
1337.201298970 335 8
1339.606313652 1 8
1340.216045106 54 8
1348.372862470 104 3
1351.680307057 1 3
1356.264341738 2 1
1359.034834064 8 4
1359.221981637 370 8
1360.545968182 641 2
1361.148677345 102 3
1363.006431524 11 4
1364.229810797 201 7
1366.956094430 165 7
1367.479147213 1410 7
1368.115374974 262 2
1369.409166705 183 6
1370.247542282 2436 2
1371.532139601 653 3
1371.927168848 3315 4
1373.022769924 596 4
1373.049751633 1170 2
1373.505790952 102 3
1376.307965778 1527 4
1381.049359676 844 4
1381.686659790 490 8
1381.809016597 1253 8
1382.434319414 20 4
1383.069196113 111 3
1383.578488051 1 2
1386.342782811 33 7
1387.171490743 23 1
1388.032853812 10 2
1388.547810739 1382 1
1388.991246758 262 1
1390.129502452 323 8
1390.873604175 6 1
1390.935989179 2018 6
1391.711093317 538 2
1392.260025219 42 7
1393.289136071 3365 8
1395.723067250 2293 1
1396.800832678 259 7
1398.106139853 148 4
1398.540745424 454 3
1399.109011389 2819 6
1403.404411650 294 5
1404.650657639 148 4
1408.234668371 10 5
1414.075532988 74 5
1416.060431927 2549 6
1421.594541050 1857 2
1422.322875271 113 7
1422.662871432 63 3
1423.477359813 134 5
1425.698837894 201 5
1426.353779187 324 5
1426.926150460 2217 6
1427.619329160 1796 4
1428.687819354 506 2
1428.781053498 726 4
1429.397112228 2 4
1429.444599545 30 6
1429.476068472 31 7
1431.861319793 1 1
1434.894698341 2 3
1436.709925479 144 8
1437.776317882 3 7
1439.036777854 11 6
1439.604275844 6 4
1440.280607791 726 3
1440.856843398 1 1
1441.468600179 1 3
1445.715288094 2 7
1445.788587738 2678 3
1447.440544020 19 8
1448.263356098 8 8
1449.524423937 640 1
1454.950600389 22 2
1464.441598321 81 8
1464.732453015 9 5
1465.665517248 1 3
1469.022497320 14 5
1470.325221015 3 6
1472.192526434 1356 2
1473.075362803 7 6
1473.876419063 17 7
1477.692736800 249 6
1479.253046699 822 5
1481.766825307 307 2
1486.395082490 48 7
1486.862104087 78 4
1486.930013646 2 8
1491.277572846 3 6
1491.885004923 97 6
1492.532612135 427 7
1495.229555723 1 8
1495.911203275 23 5
1496.159960585 1114 3
1497.388987120 101 2
1497.600819917 14 8
1498.893628689 75 7
1500.429818841 3 8
1503.561069362 1 6
1504.169866949 7 3
1507.189011200 1 7
1507.803774583 2 4
1509.909182057 955 6
1512.541794133 1121 7
1512.633610400 476 7
1512.708213104 139 8
1514.252964053 1 2
1519.329558421 1345 8
1521.091670726 1 4
1522.143478429 61 7
1526.394894528 154 1
1527.651880568 6 3
1528.165596094 1993 5
1530.377928300 1 8
1532.169525780 742 2
1536.953195701 2 8
1540.302098136 342 5
1542.208048788 42 1
1543.945589695 3947 3
1545.184956498 39 5
1545.575724646 244 1
1547.073234284 3 1
1550.536991114 438 2
1551.205132367 281 4
1552.459241724 3821 6
1553.286648620 2828 2
1554.493640831 33 6
1556.552409259 850 6
1559.859365041 3 6
1561.084701978 40 4
1562.620271411 809 1
1569.069320732 596 3
1571.228062903 306 2
1572.379027908 8 3
1573.027830794 56 1
1575.746703894 10 8
1577.431461822 2 2
1580.280722811 1130 4
1583.700967786 6 8
1583.853824741 861 3
1586.046778857 28 2
1586.616662411 122 8
1588.984309594 3 3
1589.153892957 90 5
1589.766799763 74 8
1597.938499815 149 7
1598.259712624 5 3
1598.290339715 743 2
1599.447859647 2557 7
1599.596974322 1459 3
1600.138727311 35 5
1600.796963266 879 4
1601.898195298 130 5
1602.851884141 2474 4
1608.140403445 1 4
1608.353952707 4 1
1609.542316247 9 3
1611.153914064 1 8
1611.770093238 986 3
1611.834704230 8 8
1614.276055073 183 4
1614.690972664 5 5
1617.660873901 1 5
1620.215115213 867 4
1620.669681701 78 8
1622.590579541 180 3
1623.477473305 2024 2
1623.897526360 237 8
1625.223838118 139 7
1629.816108212 11 2
1632.684036053 13 8
1633.154158681 2 5
1634.551685217 2170 6
1638.483657664 31 1
1639.151741692 77 3
1641.542683171 399 7
1645.645966104 2063 3
1646.164806394 1 6
1646.573482508 3478 5
1652.397107397 220 1
1653.276146445 921 5
1654.795148388 18 6
1655.754540516 792 2
1657.638010457 1 5
1662.086611971 1 3
1666.378019893 207 8
1667.691306415 37 6
1668.156897315 54 2
1669.072103456 2 7
1671.171084556 2 1
1671.837433998 503 7
1674.213319598 5 1
1674.727227270 1 5
1675.164606325 101 5
1675.737227475 232 4
1675.841743972 94 6
1678.282835425 1 5
1680.112742834 4 3
1683.827347771 413 1
1686.280087174 2578 6
1688.666441919 2751 4
1688.973835811 38 7
1690.274269601 2 3
1692.721834801 122 5
1695.109885939 1061 5
1695.113573947 4 6
1695.443326869 162 8
1695.882695497 70 2
1696.017260282 67 2
1697.131533738 1003 2
1697.575295134 7 2
1697.803775633 825 7
1698.651302024 92 5
1698.757878557 302 4
1699.865193621 692 6
1704.959297848 418 6
1706.225158872 1 4
1706.926745309 3546 6
1707.542297654 43 2
1708.366092458 85 5
1709.451478927 342 1
1712.182451452 4 6
1713.169256822 1006 5
1713.837507397 1 6
1715.157781476 6 2
1717.076120141 262 2
1718.707435528 12 2
1718.718857499 1945 7
1718.928189755 2725 3
1718.983198899 2081 4
1719.377925080 3 1
1719.802506220 1988 7
1721.560197354 1 6
1721.569669366 636 3
1724.794609439 13 7
1725.665230602 35 7
1727.547642089 434 8
1728.323449665 540 7
1729.171786272 1364 6
1731.637210352 800 8
1732.219639715 6 3
1733.058763325 241 3
1737.496824426 11 2
1740.295195620 70 8
1741.824162991 2 8
1742.227116616 1 5
1745.174579750 3 6
1750.746365574 3 6
1751.479148252 3323 1
1752.255115092 274 7
1754.945118451 1485 4
1756.472331578 1 3
1759.471875877 169 6
1759.534083821 747 1
1761.666007908 3 1
1762.234171121 55 8
1763.023387335 3833 1
1764.255015849 480 8
1764.270707957 62 8
1764.906469208 328 3
1765.738180541 12 4
1767.718399861 38 7
1768.640181012 2 7
1768.647542651 762 2
1769.013427187 1590 1
1770.296983201 100 3
1772.307999379 10 3
1773.119162749 6 7
1773.326293066 1219 6
1776.798683390 3 6
1776.996546454 179 5
1778.622058775 91 7
1778.984267727 42 5
1781.404479262 14 7
1781.506962066 2 3
1784.443564359 440 8
1785.794920598 27 6
1792.266821870 14 6
1794.059583894 3758 5
1795.069199116 16 7
1796.133801547 160 6
1798.406155829 2 1
1798.571615408 15 8
1798.782403696 2 2
1799.225077666 42 8
1800.033794144 55 4
1800.282793874 4 2
1802.287990930 1071 7
1802.351156229 201 8
1802.787140228 3673 7
1806.531540546 844 6
1807.691291867 1 2
1808.382981447 23 6
1808.886528777 4 6
1809.084753155 1266 1
1810.553726905 530 6
1811.160669200 6 1
1811.192983846 61 8
1811.222813824 946 8
1812.717988977 14 8
1813.095232985 264 4
1815.404013113 42 5
1815.642526659 606 7
1816.068945758 23 5
1816.653074108 1 3
1818.724348843 1 6
1820.633415781 3218 7
1824.922962107 142 4
1826.356878577 79 4
1826.978103489 136 6
1828.052063391 1605 4
1829.908838987 5 6
1831.978162110 2 7
1832.593236572 5 7
1835.173235024 1 7
1837.352288233 135 2
1840.214804926 17 3
1841.216864849 3 4
1842.454834675 113 8
1848.136699103 1931 7
1848.234312295 81 8
1849.857390910 2510 3
1851.200451894 1925 3
1852.668721480 35 8
1853.772917388 134 6
1854.176558330 2 1
1859.080924284 6 6
1859.778149940 3 6
1864.174604174 1 6
1866.243126484 1 2
1868.605387387 77 2
1871.599066819 833 1
1872.933274782 4 7
1878.821986799 5 5
1879.844415521 1341 5
1881.129743351 43 6
1881.373912274 26 5
1883.693923366 1836 8
1884.350296037 10 2
1885.454247398 15 5
1889.526582878 134 1
1895.992839306 2361 7
1896.795291853 1 8
1899.042650386 2816 7
1899.536192170 1 8
1900.958638624 156 1
1903.117452829 893 7
1905.931630029 56 4
1906.348201498 5 8
1907.323897413 566 1
1908.185415914 326 7
1911.851572924 4056 2
1912.082709169 8 2
1916.458987419 1214 2
1916.538688387 31 8
1917.317674550 380 8
1917.619664867 2 6
1917.757710111 2 1
1920.633220189 3398 3
1920.914933295 3 8
1921.629273959 3754 4
