8 7.169207650 0.004415592 0.040250028 313.375054414 20
254.426367994 136.603779384 2.907861541 0.032219771 12278.821369343 1.000000000 0.000000000
21
1 0.240788500 2.368857076 0.266823020 0.260777961 6.770133867 0.461058543
2 0.253596902 2.581746314 0.284291621 0.263667049 6.805277465 0.465684415
4 0.279213706 3.007524788 0.319228822 0.269445226 6.875564662 0.474936160
8 0.330447315 3.859081736 -1.000000000 -1.000000000 7.016139056 0.493439650
16 0.432914532 -1.000000000 -1.000000000 0.304114289 7.297287843 0.530446628
32 0.637848967 8.968423428 0.808349636 0.350339707 7.859585417 0.604460586
64 1.047717836 15.780879016 1.367344851 0.442790541 8.984180564 0.752488501
128 1.867455573 29.405790193 2.485335283 0.627692211 -1.000000000 1.048544332
256 3.506931049 56.655612547 -1.000000000 0.997495550 15.731751452 1.640655994
512 -1.000000000 111.155257254 9.193277871 -1.000000000 24.728512635 2.824879317
641 8.438165880 -1.000000000 11.446727335 2.109794655 29.262036824 3.421616851
702 9.219478411 151.604212310 12.512311965 2.286029059 31.405796325 3.703795065
883 11.537799201 190.137164232 -1.000000000 2.808954093 37.766787630 4.541077961
931 12.152602505 200.355847615 16.512621477 2.947630345 39.453680352 -1.000000000
1024 -1.000000000 220.154546669 18.137201323 3.216315583 42.722035000 5.193325964
2048 26.459587713 438.153125498 36.025048225 6.174742294 78.709079732 9.930219257
2173 28.060637983 464.764280141 38.208623287 6.535878367 83.102029529 -1.000000000
2599 -1.000000000 555.455095161 45.650247096 7.766630105 -1.000000000 12.479074925
2790 -1.000000000 596.116939455 48.986749790 8.318446024 104.785629723 13.362616545
3592 46.235760642 766.854107640 62.996567384 10.635495070 132.970795617 -1.000000000
4096 52.691195329 874.150283157 71.800742031 12.091595717 150.683169196 19.404005843
2000
0.000000000 15 123
0.000000000 2 190
0.000000000 81 1
0.000000000 325 1
0.000000000 604 135
0.000000000 238 184
0.000000000 24 19
0.000000000 125 18
0.000000000 1 78
0.000000000 1645 197
0.000000000 1 115
0.000000000 142 116
0.000000000 128 85
0.000000000 166 172
0.000000000 111 146
0.000000000 948 23
0.000000000 1 49
0.000000000 3024 182
0.000000000 15 174
0.000000000 1 1
0.000000000 33 73
0.000000000 43 176
0.000000000 182 188
0.000000000 594 113
0.000000000 3 10
0.000000000 54 94
0.000000000 160 30
0.000000000 5 83
0.000000000 61 128
0.000000000 45 42
0.000000000 4095 129
0.000000000 1155 180
0.000000000 157 107
0.000000000 340 97
0.000000000 1122 74
0.000000000 103 132
0.000000000 8 82
0.000000000 2 189
0.000000000 39 137
0.000000000 8 74
0.000000000 1037 47
0.000000000 1 191
0.000000000 270 138
0.000000000 486 126
0.000000000 153 53
0.000000000 1 191
0.000000000 60 97
0.000000000 2357 15
0.000000000 1 92
0.000000000 2 180
0.000000000 1716 146
0.000000000 1216 165
0.000000000 235 160
0.000000000 1973 192
0.000000000 11 48
0.000000000 2 13
0.000000000 15 103
0.000000000 218 93
0.000000000 2533 130
0.000000000 3 10
0.000000000 41 54
0.000000000 697 110
0.000000000 14 65
0.000000000 1 91
0.000000000 37 39
0.000000000 11 1
0.000000000 575 139
0.000000000 15 3
0.000000000 12 184
0.000000000 2079 44
0.000000000 4 69
0.000000000 26 99
0.000000000 1 89
0.000000000 6 112
0.000000000 739 146
0.000000000 4 117
0.000000000 515 29
0.000000000 8 171
0.000000000 23 133
0.000000000 7 67
0.000000000 215 169
0.000000000 161 156
0.000000000 1710 190
0.000000000 426 1
0.000000000 3869 69
0.000000000 1664 177
0.000000000 1174 159
0.000000000 1 43
0.000000000 297 126
0.000000000 5 159
0.000000000 1 4
0.000000000 106 111
0.000000000 10 89
0.000000000 3 28
0.000000000 11 16
0.000000000 3148 21
0.000000000 3230 38
0.000000000 1 111
0.000000000 31 147
0.000000000 26 37
0.000000000 1246 17
0.000000000 76 170
0.000000000 2177 62
0.000000000 247 45
0.000000000 158 167
0.000000000 885 21
0.000000000 1251 24
0.000000000 1011 65
0.000000000 32 9
0.000000000 99 30
0.000000000 1 3
0.000000000 129 92
0.000000000 3 62
0.000000000 4 99
0.000000000 3 165
0.000000000 646 7
0.000000000 99 174
0.000000000 3 134
0.000000000 6 178
0.000000000 715 8
0.000000000 26 190
0.000000000 13 33
0.000000000 3 70
0.000000000 1055 133
0.000000000 6 23
0.000000000 186 56
0.000000000 374 193
0.000000000 898 13
0.000000000 329 58
0.000000000 1546 136
0.000000000 11 19
0.000000000 1 170
0.000000000 3283 180
0.000000000 1 59
0.000000000 1 14
0.000000000 442 119
0.000000000 1973 18
0.000000000 408 68
0.000000000 81 83
0.000000000 23 198
0.000000000 69 116
0.000000000 3 4
0.000000000 9 169
0.000000000 11 199
0.000000000 2007 73
0.000000000 31 12
0.000000000 79 157
0.000000000 95 180
0.000000000 1686 170
0.000000000 5 73
0.000000000 45 176
0.000000000 1 126
0.000000000 34 172
0.000000000 234 20
0.000000000 172 45
0.000000000 2 89
0.000000000 43 141
0.000000000 97 185
0.000000000 831 99
0.000000000 31 186
0.000000000 49 138
0.000000000 4 51
0.000000000 1217 24
0.000000000 985 162
0.000000000 2 126
0.000000000 15 117
0.000000000 12 105
0.000000000 87 129
0.000000000 2 179
0.000000000 117 183
0.000000000 892 166
0.000000000 16 67
0.000000000 8 129
0.000000000 2476 182
0.000000000 8 183
0.000000000 57 38
0.000000000 2 126
0.000000000 264 144
0.000000000 3 27
0.000000000 3 97
0.000000000 465 183
0.000000000 77 145
0.000000000 4 158
0.000000000 20 112
0.000000000 401 142
0.000000000 460 84
0.000000000 1 86
0.000000000 616 85
0.000000000 559 15
0.000000000 354 2
0.000000000 5 106
0.000000000 2 48
0.000000000 20 74
0.000000000 11 82
0.000000000 296 130
0.000000000 20 150
0.000000000 461 134
0.000000000 1 154
0.000000000 1 94
0.000000000 27 160
0.000000000 422 27
0.000000000 34 39
0.000000000 132 99
0.000000000 189 74
0.000000000 191 60
0.000000000 229 114
0.000000000 14 161
0.000000000 765 58
0.000000000 1261 135
0.000000000 1 177
0.000000000 3991 95
0.000000000 134 58
0.000000000 2625 113
0.000000000 60 116
0.000000000 99 102
0.000000000 209 41
0.000000000 2 156
0.000000000 43 184
0.000000000 76 36
0.000000000 1870 159
0.000000000 13 109
0.000000000 1302 184
0.000000000 314 82
0.000000000 1 73
0.000000000 26 17
0.000000000 14 149
0.000000000 81 98
0.000000000 725 49
0.000000000 10 82
0.000000000 1 158
0.000000000 1 131
0.000000000 831 95
0.000000000 311 197
0.000000000 76 93
0.000000000 3 124
0.000000000 1 173
0.000000000 13 185
0.000000000 92 22
0.000000000 1 169
0.000000000 1248 121
0.000000000 2 88
0.000000000 22 44
0.000000000 20 57
0.000000000 1 123
0.000000000 20 119
0.000000000 1 58
0.000000000 62 100
0.000000000 17 133
0.000000000 259 83
0.000000000 5 1
0.000000000 127 88
0.000000000 1 11
0.000000000 4 168
0.000000000 210 41
0.000000000 71 199
0.000000000 5 38
0.000000000 125 149
0.000000000 257 118
0.000000000 2 145
0.000000000 48 22
0.000000000 1 84
0.000000000 201 17
0.000000000 1 15
0.000000000 217 87
0.000000000 621 180
0.000000000 8 25
0.000000000 17 84
0.000000000 40 188
0.000000000 210 42
0.000000000 36 131
0.000000000 2 122
0.000000000 1 96
0.000000000 568 89
0.000000000 2544 152
0.000000000 12 21
0.000000000 543 82
0.000000000 4 33
0.000000000 2 199
0.000000000 11 1
0.000000000 509 67
0.000000000 4 115
0.000000000 1481 36
0.000000000 1267 80
0.000000000 1960 149
0.000000000 46 30
0.000000000 1 124
0.000000000 330 132
0.000000000 926 2
0.000000000 177 176
0.000000000 2018 196
0.000000000 98 72
0.000000000 253 87
0.000000000 7 36
0.000000000 9 166
0.000000000 4 55
0.000000000 42 45
0.000000000 6 63
0.000000000 278 145
0.000000000 3739 128
0.000000000 1921 70
0.000000000 1468 144
0.000000000 1199 54
0.000000000 1891 115
0.000000000 3 6
0.000000000 253 100
0.000000000 250 32
0.000000000 448 96
0.000000000 3 65
0.000000000 4 185
0.000000000 66 100
0.000000000 175 6
0.000000000 3 159
0.000000000 121 148
0.000000000 3727 127
0.000000000 14 31
0.000000000 160 129
0.000000000 536 86
0.000000000 32 40
0.000000000 15 164
0.000000000 1 60
0.000000000 99 33
0.000000000 1941 165
0.000000000 986 128
0.000000000 31 148
0.000000000 26 186
0.000000000 22 88
0.000000000 2742 182
0.000000000 6 70
0.000000000 420 155
0.000000000 111 80
0.000000000 702 50
0.000000000 145 5
0.000000000 1507 79
0.000000000 14 30
0.000000000 229 46
0.000000000 25 110
0.000000000 2012 147
0.000000000 38 67
0.000000000 1 179
0.000000000 5 135
0.000000000 2260 167
0.000000000 557 76
0.000000000 78 54
0.000000000 84 99
0.000000000 96 135
0.000000000 1 192
0.000000000 72 188
0.000000000 48 166
0.000000000 66 74
0.000000000 353 128
0.000000000 3389 169
0.000000000 496 107
0.000000000 5 174
0.000000000 6 4
0.000000000 37 114
0.000000000 413 10
0.000000000 26 89
0.000000000 488 176
0.000000000 2584 64
0.000000000 34 27
0.000000000 2 38
0.000000000 1 133
0.000000000 130 196
0.000000000 49 101
0.000000000 2 118
0.000000000 2462 190
0.000000000 2607 107
0.000000000 19 160
0.000000000 4095 187
0.000000000 1659 180
0.000000000 161 76
0.000000000 433 111
0.000000000 5 22
0.000000000 534 168
0.000000000 6 181
0.000000000 3823 131
0.000000000 78 181
0.000000000 1 197
0.000000000 527 49
0.000000000 108 68
0.000000000 4 46
0.000000000 2142 161
0.000000000 50 106
0.000000000 2 185
0.000000000 58 38
0.000000000 275 104
0.000000000 368 191
0.000000000 846 134
0.000000000 2 70
0.000000000 550 35
0.000000000 1 168
0.000000000 51 78
0.000000000 16 35
0.000000000 522 9
0.000000000 837 6
0.000000000 1 157
0.000000000 9 151
0.000000000 4 6
0.000000000 1 64
0.000000000 9 2
0.000000000 112 62
0.000000000 11 25
0.000000000 2776 69
0.000000000 1 32
0.000000000 102 150
0.000000000 3114 182
0.000000000 25 30
0.000000000 10 170
0.000000000 154 182
0.000000000 1 125
0.000000000 2 90
0.000000000 960 125
0.000000000 110 186
0.000000000 2452 111
0.000000000 11 150
0.000000000 19 35
0.000000000 23 164
0.000000000 55 92
0.000000000 500 171
0.000000000 169 179
0.000000000 3 184
0.000000000 1092 32
0.000000000 41 147
0.000000000 54 97
0.000000000 51 196
0.000000000 16 81
0.000000000 3 159
0.000000000 45 151
0.000000000 172 40
0.000000000 10 42
0.000000000 12 196
0.000000000 26 21
0.000000000 335 1
0.000000000 86 31
0.000000000 1119 160
0.000000000 1315 55
0.000000000 121 174
0.000000000 1 55
0.000000000 3 56
0.000000000 14 87
0.000000000 249 53
0.000000000 2 72
0.000000000 9 26
0.000000000 4 58
0.000000000 271 5
0.000000000 1112 58
0.000000000 7 67
0.000000000 858 149
0.000000000 49 113
0.000000000 530 163
0.000000000 43 190
0.000000000 1094 64
0.000000000 6 119
0.000000000 934 62
0.000000000 5 187
0.000000000 25 149
0.000000000 1 37
0.000000000 301 143
0.000000000 1698 11
0.000000000 2 174
0.000000000 10 144
0.000000000 116 112
0.000000000 3696 180
0.000000000 407 170
0.000000000 6 180
0.000000000 5 51
0.000000000 1430 108
0.000000000 78 85
0.000000000 3216 189
0.000000000 1 150
0.000000000 49 130
0.000000000 1631 149
0.000000000 85 43
0.000000000 62 10
0.000000000 43 108
0.000000000 1 155
0.000000000 25 184
0.000000000 341 145
0.000000000 2865 66
0.000000000 1 49
0.000000000 5 192
0.000000000 12 43
0.000000000 912 163
0.000000000 21 93
0.000000000 3 116
0.000000000 3802 38
0.000000000 8 1
0.000000000 3 70
0.000000000 276 81
0.000000000 14 57
0.000000000 113 165
0.000000000 2529 118
0.000000000 2461 103
0.000000000 3 196
0.000000000 413 153
0.000000000 157 50
0.000000000 3 115
0.000000000 1440 186
0.000000000 195 154
0.000000000 1706 2
0.000000000 1 27
0.000000000 13 83
0.000000000 133 52
0.000000000 720 67
0.000000000 7 132
0.000000000 4 115
0.000000000 49 98
0.000000000 460 64
0.000000000 10 183
0.000000000 51 10
0.000000000 2836 122
0.000000000 183 4
0.000000000 1399 65
0.000000000 12 78
0.000000000 135 121
0.000000000 5 41
0.000000000 1 58
0.000000000 2439 100
0.000000000 3 192
0.000000000 1 136
0.000000000 9 76
0.000000000 11 25
0.000000000 44 67
0.000000000 1163 20
0.000000000 145 119
0.000000000 3324 143
0.000000000 13 184
0.000000000 575 137
0.000000000 1923 145
0.000000000 8 171
0.000000000 2 190
0.000000000 6 170
0.000000000 62 28
0.000000000 6 129
0.000000000 810 84
0.000000000 101 125
0.000000000 731 92
0.000000000 1250 80
0.000000000 18 105
0.000000000 49 178
0.000000000 152 137
0.000000000 1690 16
0.000000000 881 24
0.000000000 633 53
0.000000000 8 127
0.000000000 3558 168
0.000000000 17 46
0.000000000 34 167
0.000000000 85 112
0.000000000 336 72
0.000000000 4 25
0.000000000 1 177
0.000000000 333 52
0.000000000 156 51
0.000000000 11 134
0.000000000 227 169
0.000000000 9 4
0.000000000 33 68
0.000000000 39 173
0.000000000 177 196
0.000000000 28 25
0.000000000 824 167
0.000000000 1 147
0.000000000 4 93
0.000000000 353 199
0.000000000 1925 193
0.000000000 38 39
0.000000000 2967 58
0.000000000 1268 146
0.000000000 41 22
0.000000000 10 32
0.000000000 692 171
0.000000000 4 87
0.000000000 4 179
0.000000000 3 83
0.000000000 3755 36
0.000000000 65 179
0.000000000 1 193
0.000000000 1 105
0.000000000 8 194
0.000000000 267 76
0.000000000 1560 18
0.000000000 4 198
0.000000000 6 34
0.000000000 1 186
0.000000000 18 197
0.000000000 1 160
0.000000000 2520 17
0.000000000 297 21
0.000000000 551 103
0.000000000 1583 38
0.000000000 3 87
0.000000000 5 72
0.000000000 15 143
0.000000000 8 179
0.000000000 269 130
0.000000000 216 166
0.000000000 1 68
0.000000000 4 8
0.000000000 33 134
0.000000000 2 144
0.000000000 2 34
0.000000000 736 69
0.000000000 1099 124
0.000000000 57 182
0.000000000 3309 128
0.000000000 41 190
0.000000000 3633 122
0.000000000 2081 68
0.000000000 38 160
0.000000000 2278 115
0.000000000 1 139
0.000000000 1 65
0.000000000 193 34
0.000000000 5 37
0.000000000 72 136
0.000000000 169 157
0.000000000 15 132
0.000000000 22 144
0.000000000 565 25
0.000000000 407 161
0.000000000 2 139
0.000000000 31 31
0.000000000 1379 74
0.000000000 3 173
0.000000000 424 52
0.000000000 22 44
0.000000000 17 51
0.000000000 475 142
0.000000000 144 32
0.000000000 177 92
0.000000000 423 136
0.000000000 1076 38
0.000000000 331 134
0.000000000 1 56
0.000000000 1726 155
0.000000000 1470 62
0.000000000 398 147
0.000000000 3 126
0.000000000 39 137
0.000000000 1585 186
0.000000000 79 167
0.000000000 3 133
0.000000000 2633 60
0.000000000 175 170
0.000000000 119 176
0.000000000 3 137
0.000000000 288 126
0.000000000 3 61
0.000000000 1 24
0.000000000 14 99
0.000000000 197 112
0.000000000 32 129
0.000000000 4034 5
0.000000000 295 173
0.000000000 46 73
0.000000000 2511 7
0.000000000 23 162
0.000000000 27 28
0.000000000 391 183
0.000000000 113 108
0.000000000 1625 124
0.000000000 197 169
0.000000000 44 31
0.000000000 19 40
0.000000000 23 15
0.000000000 4058 41
0.000000000 1 130
0.000000000 18 109
0.000000000 15 61
0.000000000 7 134
0.000000000 523 89
0.000000000 284 47
0.000000000 2 151
0.000000000 404 29
0.000000000 20 9
0.000000000 1 60
0.000000000 1 81
0.000000000 2379 48
0.000000000 81 72
0.000000000 22 126
0.000000000 4 45
0.000000000 3497 61
0.000000000 1 125
0.000000000 208 122
0.000000000 2 67
0.000000000 53 114
0.000000000 133 44
0.000000000 2385 25
0.000000000 22 53
0.000000000 6 52
0.000000000 5 153
0.000000000 1169 103
0.000000000 119 154
0.000000000 49 126
0.000000000 17 30
0.000000000 133 79
0.000000000 86 60
0.000000000 1017 53
0.000000000 10 7
0.000000000 382 190
0.000000000 4 173
0.000000000 1243 41
0.000000000 97 180
0.000000000 3 55
0.000000000 2143 189
0.000000000 22 112
0.000000000 229 20
0.000000000 1250 48
0.000000000 10 53
0.000000000 227 60
0.000000000 28 130
0.000000000 47 122
0.000000000 72 129
0.000000000 294 82
0.000000000 851 168
0.000000000 230 132
0.000000000 3413 52
0.000000000 1 5
0.000000000 246 151
0.000000000 10 35
0.000000000 152 44
0.000000000 781 178
0.000000000 115 128
0.000000000 502 96
0.000000000 27 92
0.000000000 73 18
0.000000000 12 28
0.000000000 32 27
0.000000000 857 107
0.000000000 697 21
0.000000000 288 72
0.000000000 1 147
0.000000000 6 63
0.000000000 336 63
0.000000000 6 61
0.000000000 50 149
0.000000000 2016 117
0.000000000 3 85
0.000000000 39 6
0.000000000 81 13
0.000000000 3 27
0.000000000 78 197
0.000000000 2541 57
0.000000000 360 168
0.000000000 2496 197
0.000000000 166 173
0.000000000 3457 105
0.000000000 142 6
0.000000000 3 21
0.000000000 2436 12
0.000000000 24 134
0.000000000 698 1
0.000000000 935 78
0.000000000 7 138
0.000000000 12 126
0.000000000 104 94
0.000000000 3076 116
0.000000000 355 134
0.000000000 149 33
0.000000000 4000 66
0.000000000 363 124
0.000000000 29 144
0.000000000 2102 63
0.000000000 1831 198
0.000000000 651 154
0.000000000 1166 123
0.000000000 3154 183
0.000000000 63 197
0.000000000 2 95
0.000000000 246 33
0.000000000 16 137
0.000000000 62 81
0.000000000 983 105
0.000000000 27 39
0.000000000 42 13
0.000000000 3249 19
0.000000000 1369 13
0.000000000 1 186
0.000000000 1 170
0.000000000 6 67
0.000000000 926 135
0.000000000 24 193
0.000000000 1 174
0.000000000 2236 129
0.000000000 9 143
0.000000000 2 48
0.000000000 2 181
0.000000000 296 83
0.000000000 27 199
0.000000000 46 153
0.000000000 1147 118
0.000000000 4 71
0.000000000 9 116
0.000000000 1 193
0.000000000 148 26
0.000000000 2024 168
0.000000000 286 22
0.000000000 15 131
0.000000000 122 57
0.000000000 6 48
0.000000000 3 177
0.000000000 1 137
0.000000000 29 136
0.000000000 366 150
0.000000000 8 181
0.000000000 1 32
0.000000000 2 134
0.000000000 5 25
0.000000000 1358 174
0.000000000 23 73
0.000000000 3 53
0.000000000 5 82
0.000000000 15 156
0.000000000 256 93
0.000000000 1 52
0.000000000 1349 179
0.000000000 1 117
0.000000000 562 20
0.000000000 527 46
0.000000000 1 1
0.000000000 11 86
0.000000000 17 35
0.000000000 2687 41
0.000000000 341 59
0.000000000 13 153
0.000000000 2132 18
0.000000000 487 58
0.000000000 1411 54
0.000000000 79 196
0.000000000 5 104
0.000000000 266 126
0.000000000 1 64
0.000000000 48 7
0.000000000 123 152
0.000000000 1 117
0.000000000 43 51
0.000000000 120 9
0.000000000 1 155
0.000000000 2518 157
0.000000000 64 59
0.000000000 1084 112
0.000000000 1308 39
0.000000000 3474 71
0.000000000 3 166
0.000000000 178 1
0.000000000 246 131
0.000000000 1 128
0.000000000 126 75
0.000000000 6 98
0.000000000 173 167
0.000000000 10 120
0.000000000 1085 145
0.000000000 876 138
0.000000000 646 138
0.000000000 162 54
0.000000000 21 100
0.000000000 288 129
0.000000000 1 100
0.000000000 1 16
0.000000000 4 47
0.000000000 2 73
0.000000000 135 198
0.000000000 93 137
0.000000000 234 150
0.000000000 425 177
0.000000000 4 157
0.000000000 3 59
0.000000000 143 169
0.000000000 3 57
0.000000000 583 29
0.000000000 1 143
0.000000000 104 68
0.000000000 370 12
0.000000000 102 48
0.000000000 26 15
0.000000000 245 4
0.000000000 2977 62
0.000000000 1 171
0.000000000 3679 83
0.000000000 116 81
0.000000000 213 50
0.000000000 116 34
0.000000000 1348 168
0.000000000 30 135
0.000000000 1601 23
0.000000000 2 126
0.000000000 2241 147
0.000000000 3203 86
0.000000000 17 87
0.000000000 61 12
0.000000000 10 167
0.000000000 549 147
0.000000000 712 141
0.000000000 271 162
0.000000000 430 165
0.000000000 23 56
0.000000000 137 16
0.000000000 6 108
0.000000000 420 39
0.000000000 2 146
0.000000000 578 27
0.000000000 521 173
0.000000000 1141 171
0.000000000 288 45
0.000000000 137 5
0.000000000 223 52
0.000000000 331 54
0.000000000 212 164
0.000000000 20 170
0.000000000 652 137
0.000000000 160 103
0.000000000 2 145
0.000000000 34 100
0.000000000 2003 152
0.000000000 144 42
0.000000000 676 151
0.000000000 73 107
0.000000000 85 183
0.000000000 1 44
0.000000000 2946 16
0.000000000 33 149
0.000000000 207 84
0.000000000 2874 147
0.000000000 231 169
0.000000000 533 34
0.000000000 201 53
0.000000000 87 93
0.000000000 17 84
0.000000000 3996 57
0.000000000 38 6
0.000000000 55 13
0.000000000 8 130
0.000000000 53 101
0.000000000 60 23
0.000000000 41 31
0.000000000 2441 184
0.000000000 220 40
0.000000000 5 175
0.000000000 176 133
0.000000000 1794 7
0.000000000 4 187
0.000000000 15 196
0.000000000 3820 126
0.000000000 1 55
0.000000000 480 40
0.000000000 2 38
0.000000000 35 114
0.000000000 1645 159
0.000000000 159 140
0.000000000 2 47
0.000000000 2487 182
0.000000000 108 43
0.000000000 148 8
0.000000000 10 134
0.000000000 2984 68
0.000000000 1942 150
0.000000000 35 187
0.000000000 181 147
0.000000000 2155 132
0.000000000 324 89
0.000000000 97 193
0.000000000 101 15
0.000000000 5 20
0.000000000 2092 29
0.000000000 2094 147
0.000000000 1229 170
0.000000000 1 34
0.000000000 1635 142
0.000000000 39 151
0.000000000 257 152
0.000000000 590 31
0.000000000 3309 18
0.000000000 311 188
0.000000000 109 77
0.000000000 72 112
0.000000000 945 106
0.000000000 130 162
0.000000000 9 133
0.000000000 3 23
0.000000000 2554 76
0.000000000 872 153
0.000000000 108 103
0.000000000 1 16
0.000000000 2 153
0.000000000 461 69
0.000000000 29 133
0.000000000 52 68
0.000000000 5 131
0.000000000 892 56
0.000000000 33 100
0.000000000 1356 68
0.000000000 150 47
0.000000000 18 74
0.000000000 9 134
0.000000000 2 43
0.000000000 8 136
0.000000000 330 85
0.000000000 133 82
0.000000000 46 197
0.000000000 29 156
0.000000000 456 26
0.000000000 20 136
0.000000000 8 47
0.000000000 11 18
0.000000000 3 195
0.000000000 3368 134
0.000000000 1476 151
0.000000000 47 45
0.000000000 4 125
0.000000000 51 166
0.000000000 499 86
0.000000000 165 130
0.000000000 17 88
0.000000000 25 40
0.000000000 14 117
0.000000000 1 120
0.000000000 1 160
0.000000000 4 50
0.000000000 1 87
0.000000000 50 179
0.000000000 6 30
0.000000000 17 94
0.000000000 13 59
0.000000000 172 111
0.000000000 83 66
0.000000000 255 154
0.000000000 4 36
0.000000000 718 160
0.000000000 1035 104
0.000000000 9 179
0.000000000 9 199
0.000000000 935 109
0.000000000 639 100
0.000000000 2 185
0.000000000 79 128
0.000000000 658 187
0.000000000 2 29
0.000000000 11 114
0.000000000 353 158
0.000000000 1 97
0.000000000 5 43
0.000000000 38 71
0.000000000 72 59
0.000000000 2105 73
0.000000000 127 4
0.000000000 7 13
0.000000000 305 110
0.000000000 7 62
0.000000000 1384 182
0.000000000 2520 153
0.000000000 750 9
0.000000000 1212 17
0.000000000 368 1
0.000000000 12 23
0.000000000 114 134
0.000000000 200 79
0.000000000 82 89
0.000000000 25 190
0.000000000 14 148
0.000000000 638 109
0.000000000 14 85
0.000000000 37 79
0.000000000 15 78
0.000000000 2808 20
0.000000000 713 198
0.000000000 14 148
0.000000000 309 62
0.000000000 1355 18
0.000000000 3 58
0.000000000 1 112
0.000000000 80 54
0.000000000 336 196
0.000000000 6 125
0.000000000 715 196
0.000000000 13 37
0.000000000 39 162
0.000000000 4 94
0.000000000 58 110
0.000000000 16 77
0.000000000 234 87
0.000000000 1755 142
0.000000000 5 72
0.000000000 67 157
0.000000000 5 126
0.000000000 1 97
0.000000000 18 120
0.000000000 95 87
0.000000000 583 131
0.000000000 78 139
0.000000000 1 57
0.000000000 167 123
0.000000000 2567 32
0.000000000 26 129
0.000000000 6 68
0.000000000 625 171
0.000000000 47 46
0.000000000 36 136
0.000000000 12 192
0.000000000 2043 137
0.000000000 93 53
0.000000000 10 93
0.000000000 519 51
0.000000000 95 2
0.000000000 83 190
0.000000000 33 181
0.000000000 1627 36
0.000000000 2359 177
0.000000000 159 103
0.000000000 11 9
0.000000000 5 73
0.000000000 5 137
0.000000000 12 87
0.000000000 409 17
0.000000000 1556 109
0.000000000 3 20
0.000000000 50 33
0.000000000 14 161
0.000000000 1 75
0.000000000 24 33
0.000000000 280 37
0.000000000 2 159
0.000000000 1724 28
0.000000000 418 158
0.000000000 2 63
0.000000000 361 124
0.000000000 613 27
0.000000000 1214 117
0.000000000 13 171
0.000000000 669 91
0.000000000 8 85
0.000000000 2 98
0.000000000 117 57
0.000000000 1 61
0.000000000 179 176
0.000000000 574 42
0.000000000 1 77
0.000000000 3677 2
0.000000000 1 144
0.000000000 16 147
0.000000000 1 113
0.000000000 80 150
0.000000000 478 177
0.000000000 3 33
0.000000000 2 132
0.000000000 8 146
0.000000000 140 28
0.000000000 1431 38
0.000000000 30 147
0.000000000 17 32
0.000000000 1014 41
0.000000000 61 104
0.000000000 3 9
0.000000000 3 43
0.000000000 14 126
0.000000000 526 168
0.000000000 2455 60
0.000000000 1093 67
0.000000000 87 165
0.000000000 1275 117
0.000000000 2223 52
0.000000000 159 81
0.000000000 417 67
0.000000000 3481 164
0.000000000 44 63
0.000000000 22 20
0.000000000 186 183
0.000000000 758 197
0.000000000 403 96
0.000000000 4 165
0.000000000 432 91
0.000000000 12 164
0.000000000 43 86
0.000000000 12 47
0.000000000 202 80
0.000000000 2031 89
0.000000000 23 125
0.000000000 3 163
0.000000000 289 188
0.000000000 1730 38
0.000000000 23 92
0.000000000 1167 196
0.000000000 2 136
0.000000000 9 170
0.000000000 335 90
0.000000000 340 53
0.000000000 997 34
0.000000000 1 86
0.000000000 16 48
0.000000000 9 69
0.000000000 14 157
0.000000000 26 184
0.000000000 305 89
0.000000000 1 92
0.000000000 6 152
0.000000000 13 84
0.000000000 5 137
0.000000000 10 170
0.000000000 2009 157
0.000000000 100 186
0.000000000 1 180
0.000000000 62 38
0.000000000 1814 169
0.000000000 2043 174
0.000000000 9 148
0.000000000 1497 61
0.000000000 552 17
0.000000000 1815 16
0.000000000 5 84
0.000000000 1 133
0.000000000 4025 22
0.000000000 319 26
0.000000000 112 24
0.000000000 591 127
0.000000000 2 101
0.000000000 35 81
0.000000000 1 48
0.000000000 408 156
0.000000000 840 60
0.000000000 830 13
0.000000000 19 63
0.000000000 8 41
0.000000000 13 132
0.000000000 1587 7
0.000000000 41 115
0.000000000 5 193
0.000000000 60 185
0.000000000 2970 1
0.000000000 12 187
0.000000000 20 34
0.000000000 3 148
0.000000000 44 22
0.000000000 20 14
0.000000000 264 40
0.000000000 18 123
0.000000000 45 65
0.000000000 4 55
0.000000000 1 4
0.000000000 3 24
0.000000000 2 4
0.000000000 1 19
0.000000000 45 77
0.000000000 1 61
0.000000000 7 100
0.000000000 15 98
0.000000000 33 158
0.000000000 96 35
0.000000000 10 115
0.000000000 55 159
0.000000000 418 179
0.000000000 83 2
0.000000000 1 27
0.000000000 3529 153
0.000000000 825 142
0.000000000 32 146
0.000000000 515 175
0.000000000 223 160
0.000000000 11 128
0.000000000 8 89
0.000000000 1497 41
0.000000000 3001 47
0.000000000 3 53
0.000000000 46 194
0.000000000 1 86
0.000000000 925 6
0.000000000 919 181
0.000000000 1 109
0.000000000 6 4
0.000000000 135 100
0.000000000 2557 162
0.000000000 111 48
0.000000000 78 42
0.000000000 27 99
0.000000000 38 48
0.000000000 1 10
0.000000000 23 19
0.000000000 30 46
0.000000000 711 91
0.000000000 303 153
0.000000000 4 144
0.000000000 1 72
0.000000000 5 76
0.000000000 14 95
0.000000000 310 75
0.000000000 518 105
0.000000000 17 66
0.000000000 420 10
0.000000000 61 55
0.000000000 9 74
0.000000000 115 108
0.000000000 37 15
0.000000000 4 145
0.000000000 25 137
0.000000000 3 23
0.000000000 3 190
0.000000000 7 91
0.000000000 864 128
0.000000000 487 68
0.000000000 16 62
0.000000000 2 102
0.000000000 2346 176
0.000000000 2 53
0.000000000 7 195
0.000000000 28 81
0.000000000 22 28
0.000000000 94 119
0.000000000 6 114
0.000000000 1 152
0.000000000 30 146
0.000000000 62 178
0.000000000 46 106
0.000000000 1 59
0.000000000 692 174
0.000000000 93 163
0.000000000 5 30
0.000000000 337 83
0.000000000 976 175
0.000000000 12 129
0.000000000 25 105
0.000000000 5 54
0.000000000 2 156
0.000000000 1460 9
0.000000000 29 90
0.000000000 1 200
0.000000000 311 130
0.000000000 41 130
0.000000000 59 194
0.000000000 639 20
0.000000000 5 87
0.000000000 757 169
0.000000000 35 140
0.000000000 1 112
0.000000000 5 44
0.000000000 6 41
0.000000000 8 74
0.000000000 7 32
0.000000000 26 89
0.000000000 663 167
0.000000000 2 36
0.000000000 272 62
0.000000000 4043 81
0.000000000 8 119
0.000000000 18 37
0.000000000 2418 179
0.000000000 1806 30
0.000000000 62 15
0.000000000 195 167
0.000000000 208 168
0.000000000 35 129
0.000000000 41 20
0.000000000 2 75
0.000000000 1341 119
0.000000000 2 44
0.000000000 41 35
0.000000000 1794 168
0.000000000 774 189
0.000000000 2 187
0.000000000 815 47
0.000000000 86 161
0.000000000 3 43
0.000000000 1 135
0.000000000 56 166
0.000000000 2018 196
0.000000000 8 1
0.000000000 934 122
0.000000000 71 54
0.000000000 744 174
0.000000000 3111 190
0.000000000 5 192
0.000000000 54 59
0.000000000 2 96
0.000000000 3 122
0.000000000 181 101
0.000000000 18 22
0.000000000 44 198
0.000000000 24 64
0.000000000 2 29
0.000000000 8 68
0.000000000 329 142
0.000000000 91 75
0.000000000 265 135
0.000000000 9 129
0.000000000 3 177
0.000000000 78 110
0.000000000 54 131
0.000000000 4 117
0.000000000 4 179
0.000000000 312 35
0.000000000 1737 154
0.000000000 2618 120
0.000000000 157 155
0.000000000 20 172
0.000000000 2346 44
0.000000000 97 150
0.000000000 25 5
0.000000000 2076 181
0.000000000 317 193
0.000000000 3 147
0.000000000 1710 197
0.000000000 180 128
0.000000000 2914 124
0.000000000 1 81
0.000000000 7 166
0.000000000 61 120
0.000000000 30 129
0.000000000 22 178
0.000000000 442 124
0.000000000 448 40
0.000000000 2 8
0.000000000 2 3
0.000000000 67 41
0.000000000 6 168
0.000000000 16 17
0.000000000 2492 77
0.000000000 1 140
0.000000000 1809 111
0.000000000 40 41
0.000000000 3 157
0.000000000 31 156
0.000000000 2 146
0.000000000 1 144
0.000000000 3441 125
0.000000000 2080 91
0.000000000 6 85
0.000000000 3 126
0.000000000 15 178
0.000000000 44 135
0.000000000 59 88
0.000000000 1 59
0.000000000 1 190
0.000000000 299 21
0.000000000 1 101
0.000000000 193 148
0.000000000 3 30
0.000000000 14 44
0.000000000 3 44
0.000000000 7 188
0.000000000 290 62
0.000000000 2 169
0.000000000 1 71
0.000000000 1 193
0.000000000 44 19
0.000000000 4 4
0.000000000 1098 190
0.000000000 1130 183
0.000000000 2 193
0.000000000 15 134
0.000000000 2 115
0.000000000 1 153
0.000000000 2 25
0.000000000 8 59
0.000000000 176 165
0.000000000 2 153
0.000000000 1 187
0.000000000 191 140
0.000000000 472 40
0.000000000 92 63
0.000000000 1 194
0.000000000 559 99
0.000000000 1 29
0.000000000 3 110
0.000000000 48 15
0.000000000 24 60
0.000000000 626 135
0.000000000 169 134
0.000000000 152 12
0.000000000 116 188
0.000000000 22 28
0.000000000 1145 156
0.000000000 2 108
0.000000000 3 181
0.000000000 1342 117
0.000000000 25 110
0.000000000 40 51
0.000000000 10 108
0.000000000 3 111
0.000000000 11 82
0.000000000 159 27
0.000000000 15 182
0.000000000 597 48
0.000000000 5 10
0.000000000 556 76
0.000000000 77 92
0.000000000 3 102
0.000000000 6 82
0.000000000 3 1
0.000000000 649 134
0.000000000 1068 62
0.000000000 1 102
0.000000000 14 42
0.000000000 517 152
0.000000000 55 195
0.000000000 72 144
0.000000000 15 22
0.000000000 549 56
0.000000000 964 59
0.000000000 2 126
0.000000000 1 147
0.000000000 220 124
0.000000000 7 84
0.000000000 438 9
0.000000000 61 59
0.000000000 153 43
0.000000000 88 96
0.000000000 49 91
0.000000000 165 123
0.000000000 5 196
0.000000000 16 138
0.000000000 88 7
0.000000000 6 190
0.000000000 599 105
0.000000000 1 126
0.000000000 1 144
0.000000000 3 162
0.000000000 22 83
0.000000000 6 169
0.000000000 3635 96
0.000000000 843 18
0.000000000 8 52
0.000000000 4 191
0.000000000 4 132
0.000000000 20 69
0.000000000 1805 71
0.000000000 134 161
0.000000000 47 164
0.000000000 7 80
0.000000000 9 20
0.000000000 2179 10
0.000000000 18 51
0.000000000 5 176
0.000000000 1660 173
0.000000000 2 99
0.000000000 3518 55
0.000000000 299 17
0.000000000 2645 132
0.000000000 30 49
0.000000000 5 21
0.000000000 10 154
0.000000000 136 132
0.000000000 97 106
0.000000000 370 176
0.000000000 2 83
0.000000000 15 185
0.000000000 713 16
0.000000000 3580 159
0.000000000 438 133
0.000000000 233 185
0.000000000 83 165
0.000000000 302 81
0.000000000 56 78
0.000000000 579 36
0.000000000 1007 165
0.000000000 43 51
0.000000000 166 34
0.000000000 1 126
0.000000000 73 37
0.000000000 22 83
0.000000000 391 140
0.000000000 73 61
0.000000000 2760 37
0.000000000 3222 154
0.000000000 2 133
0.000000000 21 80
0.000000000 475 190
0.000000000 216 1
0.000000000 39 176
0.000000000 182 52
0.000000000 83 182
0.000000000 2127 128
0.000000000 4 53
0.000000000 180 150
0.000000000 165 80
0.000000000 1246 168
0.000000000 8 138
0.000000000 8 16
0.000000000 1 181
0.000000000 3 117
0.000000000 7 101
0.000000000 652 167
0.000000000 38 190
0.000000000 138 113
0.000000000 231 120
0.000000000 41 198
0.000000000 836 138
0.000000000 16 39
0.000000000 4 163
0.000000000 27 33
0.000000000 1 198
0.000000000 3684 168
0.000000000 589 32
0.000000000 200 166
0.000000000 37 145
0.000000000 1 136
0.000000000 74 182
0.000000000 68 88
0.000000000 13 91
0.000000000 1 166
0.000000000 12 133
0.000000000 12 161
0.000000000 2 134
0.000000000 150 172
0.000000000 253 9
0.000000000 100 135
0.000000000 84 144
0.000000000 3368 7
0.000000000 10 77
0.000000000 191 106
0.000000000 3 104
0.000000000 20 40
0.000000000 2 187
0.000000000 2 25
0.000000000 454 135
0.000000000 14 40
0.000000000 16 43
0.000000000 4 27
0.000000000 55 92
0.000000000 9 177
0.000000000 105 87
0.000000000 2 137
0.000000000 533 194
0.000000000 46 162
0.000000000 2 46
0.000000000 1 100
0.000000000 153 23
0.000000000 234 156
0.000000000 1561 85
0.000000000 2 69
0.000000000 540 7
0.000000000 3965 195
0.000000000 380 117
0.000000000 434 27
0.000000000 15 133
0.000000000 2 136
0.000000000 42 106
0.000000000 43 12
0.000000000 5 136
0.000000000 697 130
0.000000000 843 62
0.000000000 846 50
0.000000000 421 47
0.000000000 41 136
0.000000000 337 120
0.000000000 2823 185
0.000000000 15 179
0.000000000 212 88
0.000000000 2775 62
0.000000000 934 26
0.000000000 687 111
0.000000000 35 4
0.000000000 3 58
0.000000000 1793 132
0.000000000 650 36
0.000000000 601 109
0.000000000 257 83
0.000000000 20 30
0.000000000 97 119
0.000000000 4 181
0.000000000 1 64
0.000000000 49 149
0.000000000 16 72
0.000000000 1455 149
0.000000000 71 169
0.000000000 693 111
0.000000000 12 2
0.000000000 18 98
0.000000000 49 148
0.000000000 58 177
0.000000000 248 143
0.000000000 238 6
0.000000000 4 73
0.000000000 32 85
0.000000000 8 179
0.000000000 1341 47
0.000000000 2 173
0.000000000 11 52
0.000000000 169 166
0.000000000 462 24
0.000000000 95 182
0.000000000 3 139
0.000000000 2 122
0.000000000 143 101
0.000000000 2 17
0.000000000 2 87
0.000000000 1273 159
0.000000000 169 99
0.000000000 747 3
0.000000000 8 28
0.000000000 5 55
0.000000000 2 3
0.000000000 95 76
0.000000000 295 1
0.000000000 40 185
0.000000000 49 132
0.000000000 1 50
0.000000000 288 150
0.000000000 5 177
0.000000000 51 158
0.000000000 2000 99
0.000000000 1962 25
0.000000000 68 7
0.000000000 168 193
0.000000000 2975 113
0.000000000 638 189
0.000000000 50 24
0.000000000 3329 154
0.000000000 1327 111
0.000000000 291 89
0.000000000 1651 156
0.000000000 2 169
0.000000000 4 73
0.000000000 562 37
0.000000000 390 68
0.000000000 39 121
0.000000000 19 131
0.000000000 36 14
0.000000000 158 12
0.000000000 2008 46
0.000000000 2 112
0.000000000 8 193
0.000000000 12 23
0.000000000 286 197
0.000000000 62 106
0.000000000 2 174
0.000000000 132 87
0.000000000 17 102
0.000000000 2 186
0.000000000 10 150
0.000000000 12 62
0.000000000 1 106
0.000000000 1563 116
0.000000000 918 137
0.000000000 20 1
0.000000000 2208 3
0.000000000 1697 122
0.000000000 1919 123
0.000000000 39 127
0.000000000 7 89
0.000000000 7 127
0.000000000 1 168
0.000000000 2930 138
0.000000000 461 64
0.000000000 4 34
0.000000000 11 41
0.000000000 61 55
0.000000000 2434 66
0.000000000 788 31
0.000000000 736 65
0.000000000 110 28
0.000000000 59 185
0.000000000 525 18
0.000000000 1 165
0.000000000 234 155
0.000000000 3 177
0.000000000 10 87
0.000000000 11 52
0.000000000 1873 101
0.000000000 382 98
0.000000000 441 133
0.000000000 278 94
0.000000000 38 136
0.000000000 15 151
0.000000000 53 165
0.000000000 1 125
0.000000000 2312 149
0.000000000 7 28
0.000000000 2358 32
0.000000000 271 3
0.000000000 1098 112
0.000000000 100 173
0.000000000 1905 114
0.000000000 240 41
0.000000000 1 4
0.000000000 354 170
0.000000000 903 102
0.000000000 1636 183
0.000000000 54 22
0.000000000 112 49
0.000000000 5 191
0.000000000 11 55
0.000000000 82 98
0.000000000 676 79
0.000000000 49 67
0.000000000 365 198
0.000000000 499 102
0.000000000 346 153
0.000000000 6 34
0.000000000 2 68
0.000000000 112 45
0.000000000 8 106
0.000000000 3392 135
0.000000000 354 137
0.000000000 138 191
0.000000000 36 19
0.000000000 499 31
0.000000000 35 112
0.000000000 12 89
0.000000000 501 81
0.000000000 1 113
0.000000000 28 113
0.000000000 2384 106
0.000000000 3 26
0.000000000 49 90
0.000000000 2848 78
0.000000000 2 130
0.000000000 45 13
0.000000000 21 3
0.000000000 81 121
0.000000000 7 40
0.000000000 1877 23
0.000000000 1 27
0.000000000 1949 137
0.000000000 349 95
0.000000000 98 21
0.000000000 9 99
0.000000000 1 160
0.000000000 36 124
0.000000000 323 69
0.000000000 38 99
0.000000000 1 65
0.000000000 79 9
0.000000000 297 28
0.000000000 36 119
0.000000000 96 17
0.000000000 23 180
0.000000000 7 34
0.000000000 115 28
0.000000000 1069 71
0.000000000 19 2
0.000000000 718 96
0.000000000 22 31
0.000000000 64 59
0.000000000 4 63
0.000000000 1 75
0.000000000 727 191
0.000000000 1 163
0.000000000 3 126
0.000000000 1861 134
0.000000000 488 126
0.000000000 76 182
0.000000000 232 14
0.000000000 72 165
0.000000000 22 135
0.000000000 55 185
0.000000000 1032 174
0.000000000 4 25
0.000000000 629 188
0.000000000 1 189
0.000000000 111 33
0.000000000 2 34
0.000000000 14 87
0.000000000 3854 129
0.000000000 787 96
0.000000000 1029 54
0.000000000 5 137
0.000000000 10 50
0.000000000 806 26
0.000000000 11 73
0.000000000 2 66
0.000000000 3 127
0.000000000 56 75
0.000000000 349 69
0.000000000 114 78
0.000000000 1 42
0.000000000 3 1
0.000000000 967 15
0.000000000 207 22
0.000000000 3 66
0.000000000 8 116
0.000000000 7 164
0.000000000 45 90
0.000000000 9 56
0.000000000 34 44
0.000000000 17 173
0.000000000 123 85
0.000000000 2498 18
0.000000000 2086 156
0.000000000 1 34
0.000000000 73 37
0.000000000 161 25
0.000000000 580 118
0.000000000 4 193
0.000000000 14 136
0.000000000 5 37
0.000000000 2 150
0.000000000 8 159
0.000000000 10 81
0.000000000 29 114
0.000000000 305 136
0.000000000 1 127
0.000000000 16 87
0.000000000 2 147
0.000000000 1 187
0.000000000 28 154
0.000000000 13 47
0.000000000 51 107
0.000000000 1022 128
0.000000000 907 35
0.000000000 226 59
0.000000000 2593 128
0.000000000 5 138
0.000000000 1437 118
0.000000000 47 145
0.000000000 15 113
0.000000000 13 176
0.000000000 8 148
0.000000000 478 96
0.000000000 80 8
0.000000000 6 54
0.000000000 3 34
0.000000000 4 18
0.000000000 267 69
0.000000000 27 109
0.000000000 18 80
0.000000000 703 93
0.000000000 1114 196
0.000000000 6 6
0.000000000 1188 43
0.000000000 4 22
0.000000000 1 142
0.000000000 156 5
0.000000000 2836 83
0.000000000 278 178
0.000000000 972 21
0.000000000 1529 126
0.000000000 559 180
0.000000000 19 140
0.000000000 11 59
0.000000000 59 166
0.000000000 642 126
0.000000000 12 147
0.000000000 1 5
0.000000000 13 198
0.000000000 89 60
0.000000000 2 23
0.000000000 1115 189
0.000000000 231 84
0.000000000 1 176
0.000000000 20 48
0.000000000 57 125
0.000000000 1 135
0.000000000 131 129
0.000000000 922 165
0.000000000 4009 100
0.000000000 2 91
0.000000000 2 31
0.000000000 2 162
0.000000000 3 151
0.000000000 25 97
0.000000000 3220 169
0.000000000 85 108
0.000000000 1064 137
0.000000000 20 177
0.000000000 114 146
0.000000000 1 138
0.000000000 261 1
0.000000000 29 30
0.000000000 3 12
0.000000000 106 141
0.000000000 775 95
0.000000000 2014 75
0.000000000 1 74
0.000000000 6 6
0.000000000 27 128
0.000000000 18 87
0.000000000 5 83
0.000000000 259 15
0.000000000 11 26
0.000000000 4 80
0.000000000 79 103
0.000000000 1510 128
0.000000000 3 110
0.000000000 22 105
0.000000000 2531 26
0.000000000 434 112
0.000000000 2894 78
0.000000000 3078 105
0.000000000 36 147
0.000000000 975 43
0.000000000 1 80
0.000000000 28 35
0.000000000 720 72
0.000000000 84 53
0.000000000 3953 120
0.000000000 1 121
0.000000000 1 182
0.000000000 3 4
0.000000000 7 185
0.000000000 6 100
0.000000000 133 64
0.000000000 4 97
0.000000000 844 172
0.000000000 13 75
0.000000000 2 158
0.000000000 1957 16
0.000000000 354 85
0.000000000 15 52
0.000000000 59 197
0.000000000 40 151
0.000000000 3 65
0.000000000 42 1
