8 7.747130834 0.010678533 0.182584140 1068.509802411 11
384.472558185 238.394922374 3.108509445 0.028657912 9020.425864095 0.500000000 0.500000000
21
1 0.478679555 2.148484087 0.324084004 0.059880281 8.784777340 0.349950885
2 -1.000000000 2.436830463 0.335946226 -1.000000000 8.823308906 0.357171770
4 0.521051539 3.013523213 0.359670669 0.068515254 8.900372038 0.371613541
8 0.577547518 -1.000000000 0.407119556 0.080028553 9.054498303 0.400497082
16 -1.000000000 6.473679714 0.502017330 0.103055150 9.362750831 0.458264165
32 0.916523394 11.087221716 0.691812878 0.149108343 9.979255888 0.573798330
64 1.368491228 20.314305719 1.071403975 0.241214730 11.212266001 0.804866661
128 2.272426896 38.768473725 1.830586167 0.425427505 13.678286228 1.267003322
190 3.148114575 56.645948981 -1.000000000 0.603883630 16.067243322 1.714698212
256 4.080298233 75.676809738 3.348950551 -1.000000000 18.610326681 2.191276644
512 7.696040905 149.493481764 6.385679319 1.530704152 28.474407587 4.039823289
1024 14.927526251 297.126825815 12.459136855 3.004406347 48.202569401 7.736916578
1123 16.325801738 325.673116950 13.633496808 -1.000000000 52.017194439 8.451784226
1137 16.523537665 329.709966201 13.799567913 -1.000000000 52.556636363 8.552876621
1147 16.664777613 332.593429952 13.918190130 3.358440273 -1.000000000 8.625085474
1323 19.150600701 383.342391970 16.005941158 3.865025403 59.723507647 9.895961292
1398 20.209900312 404.968370102 16.895607790 4.080899748 62.613375100 10.437527692
1613 23.246559197 466.962840749 -1.000000000 4.699739537 70.897661799 11.990018038
2048 29.390496942 -1.000000000 24.606051927 5.951810739 87.658893027 15.131103157
2733 39.065433391 789.910780861 32.731673827 7.923463090 114.053015765 20.077409609
4096 58.316438325 1182.926890122 48.899882073 11.846619521 166.571540280 29.919476314
2000
0.000000000 680 19
0.000000000 142 97
0.000000000 1 64
0.000000000 543 155
0.000000000 307 11
0.000000000 30 162
0.000000000 7 45
0.000000000 3887 89
0.000000000 1040 90
0.000000000 41 94
0.000000000 33 37
0.000000000 1 184
0.000000000 4 122
0.000000000 312 61
0.000000000 6 77
0.000000000 1309 102
0.000000000 112 43
0.000000000 9 34
0.000000000 1 178
0.000000000 502 188
0.000000000 12 48
0.000000000 3 29
0.000000000 614 28
0.000000000 297 162
0.000000000 18 128
0.000000000 185 82
0.000000000 1 187
0.000000000 924 19
0.000000000 1155 63
0.000000000 30 94
0.000000000 698 9
0.000000000 3511 169
0.000000000 1 116
0.000000000 178 164
0.000000000 13 12
0.000000000 273 197
0.000000000 4 68
0.000000000 169 60
0.000000000 546 4
0.000000000 1640 40
0.000000000 375 193
0.000000000 285 143
0.000000000 3939 96
0.000000000 34 182
0.000000000 75 200
0.000000000 144 83
0.000000000 8 118
0.000000000 1 69
0.000000000 45 194
0.000000000 4 151
0.000000000 218 196
0.000000000 1770 64
0.000000000 4 178
0.000000000 3012 68
0.000000000 1378 31
0.000000000 15 82
0.000000000 10 38
0.000000000 116 53
0.000000000 2 87
0.000000000 20 36
0.000000000 232 173
0.000000000 76 64
0.000000000 13 19
0.000000000 2711 72
0.000000000 3 170
0.000000000 1539 77
0.000000000 11 99
0.000000000 699 116
0.000000000 3 124
0.000000000 763 28
0.000000000 177 67
0.000000000 2 48
0.000000000 3 190
0.000000000 4 138
0.000000000 42 79
0.000000000 164 103
0.000000000 1354 125
0.000000000 2 129
0.000000000 1546 145
0.000000000 3452 105
0.000000000 166 46
0.000000000 3 99
0.000000000 1 39
0.000000000 13 87
0.000000000 5 76
0.000000000 4 39
0.000000000 1279 57
0.000000000 7 185
0.000000000 522 30
0.000000000 1639 57
0.000000000 1 184
0.000000000 7 67
0.000000000 1 125
0.000000000 6 23
0.000000000 2 129
0.000000000 2448 13
0.000000000 368 74
0.000000000 17 147
0.000000000 621 154
0.000000000 394 195
0.000000000 1102 48
0.000000000 5 91
0.000000000 3347 186
0.000000000 1264 103
0.000000000 1217 142
0.000000000 2301 183
0.000000000 54 22
0.000000000 5 162
0.000000000 1757 161
0.000000000 3184 88
0.000000000 2663 48
0.000000000 55 174
0.000000000 3399 114
0.000000000 1 173
0.000000000 1330 36
0.000000000 17 70
0.000000000 1684 189
0.000000000 6 78
0.000000000 2 85
0.000000000 7 49
0.000000000 1143 177
0.000000000 62 87
0.000000000 316 21
0.000000000 29 117
0.000000000 7 31
0.000000000 3 42
0.000000000 65 55
0.000000000 63 123
0.000000000 11 67
0.000000000 1 58
0.000000000 6 48
0.000000000 171 122
0.000000000 3 197
0.000000000 1846 52
0.000000000 20 57
0.000000000 84 59
0.000000000 633 149
0.000000000 339 78
0.000000000 72 32
0.000000000 3614 173
0.000000000 1042 181
0.000000000 765 37
0.000000000 2313 8
0.000000000 37 194
0.000000000 46 130
0.000000000 16 58
0.000000000 1 58
0.000000000 489 71
0.000000000 14 155
0.000000000 28 131
0.000000000 1328 50
0.000000000 16 57
0.000000000 3216 180
0.000000000 811 115
0.000000000 6 160
0.000000000 85 75
0.000000000 636 163
0.000000000 3 158
0.000000000 4 84
0.000000000 184 91
0.000000000 33 187
0.000000000 2 169
0.000000000 408 147
0.000000000 91 117
0.000000000 285 96
0.000000000 1460 96
0.000000000 2580 55
0.000000000 3 99
0.000000000 17 40
0.000000000 1044 22
0.000000000 412 160
0.000000000 65 138
0.000000000 831 86
0.000000000 2 121
0.000000000 162 114
0.000000000 2 29
0.000000000 14 133
0.000000000 112 154
0.000000000 4089 190
0.000000000 1258 115
0.000000000 157 82
0.000000000 2271 85
0.000000000 504 189
0.000000000 274 144
0.000000000 2383 128
0.000000000 8 59
0.000000000 4 3
0.000000000 403 123
0.000000000 818 49
0.000000000 47 103
0.000000000 2 112
0.000000000 19 135
0.000000000 2594 168
0.000000000 277 15
0.000000000 3180 115
0.000000000 571 140
0.000000000 19 9
0.000000000 2268 42
0.000000000 3589 3
0.000000000 2 20
0.000000000 1 100
0.000000000 3 94
0.000000000 2832 165
0.000000000 4 58
0.000000000 378 33
0.000000000 121 157
0.000000000 2 170
0.000000000 9 15
0.000000000 1468 182
0.000000000 294 103
0.000000000 2355 140
0.000000000 142 91
0.000000000 10 170
0.000000000 30 101
0.000000000 19 81
0.000000000 279 79
0.000000000 2196 173
0.000000000 23 91
0.000000000 1 10
0.000000000 371 7
0.000000000 47 176
0.000000000 118 113
0.000000000 311 64
0.000000000 26 117
0.000000000 18 48
0.000000000 21 166
0.000000000 109 127
0.000000000 2452 62
0.000000000 6 153
0.000000000 19 10
0.000000000 33 134
0.000000000 6 36
0.000000000 154 200
0.000000000 20 142
0.000000000 641 193
0.000000000 791 11
0.000000000 2081 39
0.000000000 7 104
0.000000000 32 190
0.000000000 954 121
0.000000000 553 57
0.000000000 35 82
0.000000000 13 42
0.000000000 99 91
0.000000000 86 117
0.000000000 194 102
0.000000000 3261 179
0.000000000 1425 115
0.000000000 991 89
0.000000000 1 48
0.000000000 116 170
0.000000000 221 17
0.000000000 1 65
0.000000000 2223 17
0.000000000 751 46
0.000000000 1 64
0.000000000 8 41
0.000000000 273 8
0.000000000 229 31
0.000000000 1194 121
0.000000000 52 77
0.000000000 996 48
0.000000000 562 117
0.000000000 297 185
0.000000000 429 182
0.000000000 9 137
0.000000000 831 49
0.000000000 532 6
0.000000000 340 32
0.000000000 13 113
0.000000000 199 77
0.000000000 1499 21
0.000000000 28 62
0.000000000 692 180
0.000000000 259 187
0.000000000 194 104
0.000000000 670 122
0.000000000 1 114
0.000000000 3 63
0.000000000 63 166
0.000000000 20 175
0.000000000 47 160
0.000000000 514 160
0.000000000 44 2
0.000000000 17 160
0.000000000 1 20
0.000000000 38 193
0.000000000 1 72
0.000000000 23 182
0.000000000 1926 128
0.000000000 49 121
0.000000000 87 171
0.000000000 7 178
0.000000000 224 102
0.000000000 2008 157
0.000000000 9 81
0.000000000 30 31
0.000000000 6 177
0.000000000 577 154
0.000000000 14 139
0.000000000 5 99
0.000000000 55 77
0.000000000 2973 73
0.000000000 2 177
0.000000000 1 68
0.000000000 1746 51
0.000000000 180 71
0.000000000 662 185
0.000000000 2 3
0.000000000 4 173
0.000000000 1 24
0.000000000 1 153
0.000000000 1 14
0.000000000 121 100
0.000000000 15 156
0.000000000 1 80
0.000000000 1423 128
0.000000000 25 178
0.000000000 58 197
0.000000000 652 144
0.000000000 1014 180
0.000000000 50 72
0.000000000 616 107
0.000000000 2506 3
0.000000000 5 108
0.000000000 1 147
0.000000000 4 189
0.000000000 110 184
0.000000000 8 38
0.000000000 4 154
0.000000000 2993 118
0.000000000 765 22
0.000000000 27 58
0.000000000 34 189
0.000000000 14 7
0.000000000 19 165
0.000000000 615 9
0.000000000 4 151
0.000000000 126 62
0.000000000 1 16
0.000000000 5 24
0.000000000 12 31
0.000000000 5 78
0.000000000 257 155
0.000000000 19 156
0.000000000 871 193
0.000000000 345 24
0.000000000 2 89
0.000000000 186 36
0.000000000 118 158
0.000000000 413 56
0.000000000 79 72
0.000000000 3 16
0.000000000 1 145
0.000000000 278 14
0.000000000 3763 105
0.000000000 180 9
0.000000000 1491 154
0.000000000 7 194
0.000000000 610 65
0.000000000 1 4
0.000000000 10 16
0.000000000 892 83
0.000000000 159 58
0.000000000 832 193
0.000000000 5 85
0.000000000 31 152
0.000000000 6 60
0.000000000 2654 24
0.000000000 12 174
0.000000000 1 56
0.000000000 22 64
0.000000000 1 74
0.000000000 1 113
0.000000000 3 141
0.000000000 3 146
0.000000000 241 53
0.000000000 433 70
0.000000000 15 63
0.000000000 2592 168
0.000000000 570 164
0.000000000 411 2
0.000000000 6 44
0.000000000 10 75
0.000000000 48 110
0.000000000 37 114
0.000000000 34 90
0.000000000 10 99
0.000000000 291 89
0.000000000 1 107
0.000000000 357 26
0.000000000 3 17
0.000000000 2956 121
0.000000000 4073 72
0.000000000 3506 70
0.000000000 12 157
0.000000000 27 46
0.000000000 3 80
0.000000000 4 179
0.000000000 277 3
0.000000000 914 108
0.000000000 119 140
0.000000000 1797 195
0.000000000 934 177
0.000000000 751 117
0.000000000 203 82
0.000000000 24 25
0.000000000 638 143
0.000000000 3 167
0.000000000 177 154
0.000000000 2 8
0.000000000 101 41
0.000000000 592 117
0.000000000 94 130
0.000000000 2564 69
0.000000000 1 174
0.000000000 1 157
0.000000000 12 114
0.000000000 300 165
0.000000000 14 31
0.000000000 19 186
0.000000000 210 91
0.000000000 1777 160
0.000000000 568 168
0.000000000 18 16
0.000000000 554 45
0.000000000 30 66
0.000000000 106 9
0.000000000 15 58
0.000000000 1 158
0.000000000 3381 137
0.000000000 2036 50
0.000000000 2 57
0.000000000 2 42
0.000000000 860 100
0.000000000 1 58
0.000000000 2812 34
0.000000000 1935 35
0.000000000 1 184
0.000000000 1 4
0.000000000 23 98
0.000000000 14 40
0.000000000 1 140
0.000000000 88 64
0.000000000 154 31
0.000000000 1379 47
0.000000000 29 69
0.000000000 7 104
0.000000000 94 32
0.000000000 767 87
0.000000000 4 42
0.000000000 247 71
0.000000000 35 191
0.000000000 30 17
0.000000000 149 159
0.000000000 104 44
0.000000000 24 29
0.000000000 2 145
0.000000000 1791 25
0.000000000 330 195
0.000000000 44 26
0.000000000 37 29
0.000000000 408 182
0.000000000 16 78
0.000000000 13 16
0.000000000 2144 123
0.000000000 8 49
0.000000000 349 114
0.000000000 1 166
0.000000000 7 11
0.000000000 58 122
0.000000000 4 45
0.000000000 2 119
0.000000000 3 131
0.000000000 4 182
0.000000000 8 8
0.000000000 6 142
0.000000000 274 191
0.000000000 511 146
0.000000000 1298 6
0.000000000 63 80
0.000000000 2201 12
0.000000000 16 29
0.000000000 987 135
0.000000000 12 62
0.000000000 142 198
0.000000000 75 117
0.000000000 1 154
0.000000000 193 9
0.000000000 335 176
0.000000000 18 44
0.000000000 443 186
0.000000000 11 58
0.000000000 2 173
0.000000000 129 193
0.000000000 1 88
0.000000000 501 171
0.000000000 1549 190
0.000000000 2953 139
0.000000000 10 95
0.000000000 9 51
0.000000000 374 160
0.000000000 1303 82
0.000000000 17 135
0.000000000 29 84
0.000000000 1 122
0.000000000 13 155
0.000000000 120 128
0.000000000 1 136
0.000000000 5 17
0.000000000 181 17
0.000000000 3257 140
0.000000000 23 175
0.000000000 1 175
0.000000000 23 87
0.000000000 11 192
0.000000000 590 41
0.000000000 3083 115
0.000000000 35 14
0.000000000 48 108
0.000000000 15 171
0.000000000 33 159
0.000000000 2 27
0.000000000 3571 183
0.000000000 808 63
0.000000000 877 122
0.000000000 778 131
0.000000000 3799 96
0.000000000 2865 199
0.000000000 2 96
0.000000000 204 20
0.000000000 51 182
0.000000000 479 131
0.000000000 1260 157
0.000000000 2001 1
0.000000000 3938 104
0.000000000 9 11
0.000000000 2408 32
0.000000000 1 160
0.000000000 1962 166
0.000000000 11 105
0.000000000 7 91
0.000000000 2 109
0.000000000 39 150
0.000000000 395 2
0.000000000 2429 61
0.000000000 296 117
0.000000000 451 96
0.000000000 49 128
0.000000000 3523 140
0.000000000 2340 80
0.000000000 1 44
0.000000000 162 200
0.000000000 1 131
0.000000000 19 129
0.000000000 7 53
0.000000000 662 94
0.000000000 58 130
0.000000000 1 186
0.000000000 81 79
0.000000000 852 156
0.000000000 22 94
0.000000000 29 43
0.000000000 191 139
0.000000000 6 130
0.000000000 627 44
0.000000000 142 170
0.000000000 3 188
0.000000000 445 29
0.000000000 3 142
0.000000000 59 87
0.000000000 7 131
0.000000000 6 119
0.000000000 5 68
0.000000000 490 152
0.000000000 1195 48
0.000000000 1018 153
0.000000000 25 81
0.000000000 643 94
0.000000000 5 25
0.000000000 917 74
0.000000000 187 89
0.000000000 431 58
0.000000000 800 109
0.000000000 8 43
0.000000000 30 80
0.000000000 386 57
0.000000000 619 87
0.000000000 4 36
0.000000000 4 120
0.000000000 675 72
0.000000000 2 8
0.000000000 476 121
0.000000000 131 113
0.000000000 4 136
0.000000000 2573 118
0.000000000 3299 143
0.000000000 8 6
0.000000000 332 140
0.000000000 848 151
0.000000000 1102 80
0.000000000 44 190
0.000000000 4 117
0.000000000 303 57
0.000000000 1073 163
0.000000000 3 180
0.000000000 1292 63
0.000000000 7 11
0.000000000 776 172
0.000000000 1249 176
0.000000000 4 125
0.000000000 120 118
0.000000000 569 162
0.000000000 13 125
0.000000000 3 122
0.000000000 69 134
0.000000000 9 19
0.000000000 246 16
0.000000000 132 47
0.000000000 7 87
0.000000000 34 28
0.000000000 1295 65
0.000000000 1 39
0.000000000 7 86
0.000000000 1962 65
0.000000000 3408 56
0.000000000 667 171
0.000000000 46 185
0.000000000 155 200
0.000000000 28 143
0.000000000 12 164
0.000000000 1180 108
0.000000000 4 182
0.000000000 607 12
0.000000000 4058 30
0.000000000 1 84
0.000000000 25 190
0.000000000 27 142
0.000000000 2042 10
0.000000000 58 104
0.000000000 456 135
0.000000000 306 64
0.000000000 693 105
0.000000000 243 74
0.000000000 1711 50
0.000000000 1 186
0.000000000 6 97
0.000000000 176 176
0.000000000 54 9
0.000000000 7 86
0.000000000 54 133
0.000000000 2 164
0.000000000 1515 73
0.000000000 5 37
0.000000000 1 122
0.000000000 2 50
0.000000000 1 31
0.000000000 1672 196
0.000000000 3 62
0.000000000 2378 20
0.000000000 78 91
0.000000000 17 34
0.000000000 2320 163
0.000000000 631 26
0.000000000 2421 6
0.000000000 1 191
0.000000000 2904 172
0.000000000 255 69
0.000000000 181 83
0.000000000 393 54
0.000000000 1 196
0.000000000 2 45
0.000000000 108 114
0.000000000 14 132
0.000000000 1821 150
0.000000000 20 141
0.000000000 46 168
0.000000000 17 6
0.000000000 405 108
0.000000000 2 170
0.000000000 2510 126
0.000000000 1 52
0.000000000 91 5
0.000000000 145 11
0.000000000 95 116
0.000000000 15 11
0.000000000 1 97
0.000000000 741 94
0.000000000 7 134
0.000000000 708 43
0.000000000 1 111
0.000000000 1 158
0.000000000 8 109
0.000000000 2 44
0.000000000 1428 30
0.000000000 2192 122
0.000000000 1885 177
0.000000000 34 121
0.000000000 2 60
0.000000000 83 6
0.000000000 2353 60
0.000000000 3 11
0.000000000 1503 101
0.000000000 242 180
0.000000000 630 189
0.000000000 3 122
0.000000000 130 178
0.000000000 228 132
0.000000000 603 25
0.000000000 426 33
0.000000000 48 21
0.000000000 62 34
0.000000000 17 189
0.000000000 682 95
0.000000000 1 69
0.000000000 3089 65
0.000000000 175 57
0.000000000 1048 50
0.000000000 63 100
0.000000000 40 103
0.000000000 900 171
0.000000000 566 38
0.000000000 19 106
0.000000000 2345 35
0.000000000 4 88
0.000000000 4 145
0.000000000 48 59
0.000000000 2055 166
0.000000000 1950 90
0.000000000 9 9
0.000000000 6 81
0.000000000 17 102
0.000000000 186 85
0.000000000 17 63
0.000000000 1 10
0.000000000 72 39
0.000000000 874 75
0.000000000 2 94
0.000000000 699 123
0.000000000 3 200
0.000000000 2082 183
0.000000000 2 24
0.000000000 2273 183
0.000000000 3 28
0.000000000 318 9
0.000000000 3084 73
0.000000000 2 45
0.000000000 2 56
0.000000000 18 150
0.000000000 341 193
0.000000000 1 150
0.000000000 6 105
0.000000000 3595 154
0.000000000 83 80
0.000000000 233 140
0.000000000 164 48
0.000000000 99 20
0.000000000 280 66
0.000000000 10 51
0.000000000 16 83
0.000000000 13 91
0.000000000 3828 199
0.000000000 509 26
0.000000000 743 168
0.000000000 21 33
0.000000000 1 118
0.000000000 61 39
0.000000000 2544 188
0.000000000 10 40
0.000000000 94 123
0.000000000 3 12
0.000000000 6 198
0.000000000 24 49
0.000000000 52 45
0.000000000 87 36
0.000000000 8 33
0.000000000 1324 180
0.000000000 49 21
0.000000000 372 60
0.000000000 7 134
0.000000000 2 17
0.000000000 24 147
0.000000000 642 140
0.000000000 613 41
0.000000000 301 148
0.000000000 26 17
0.000000000 18 145
0.000000000 199 68
0.000000000 573 184
0.000000000 1415 14
0.000000000 372 11
0.000000000 2486 96
0.000000000 495 98
0.000000000 1 80
0.000000000 737 147
0.000000000 327 35
0.000000000 27 77
0.000000000 825 10
0.000000000 63 37
0.000000000 2 118
0.000000000 6 126
0.000000000 497 129
0.000000000 1 19
0.000000000 2 54
0.000000000 1 98
0.000000000 9 177
0.000000000 90 58
0.000000000 23 61
0.000000000 96 32
0.000000000 700 88
0.000000000 518 28
0.000000000 94 27
0.000000000 240 147
0.000000000 6 8
0.000000000 2662 163
0.000000000 88 154
0.000000000 1261 104
0.000000000 3 119
0.000000000 2517 92
0.000000000 3 20
0.000000000 202 82
0.000000000 37 44
0.000000000 1 196
0.000000000 14 74
0.000000000 1584 84
0.000000000 1231 46
0.000000000 4 21
0.000000000 63 54
0.000000000 66 182
0.000000000 1 59
0.000000000 1577 121
0.000000000 1685 125
0.000000000 5 50
0.000000000 1 144
0.000000000 1215 136
0.000000000 3 136
0.000000000 23 122
0.000000000 933 20
0.000000000 436 133
0.000000000 3272 180
0.000000000 671 95
0.000000000 3841 61
0.000000000 3 163
0.000000000 2 123
0.000000000 249 148
0.000000000 5 181
0.000000000 103 180
0.000000000 3589 7
0.000000000 438 99
0.000000000 1800 40
0.000000000 3 77
0.000000000 22 156
0.000000000 2 142
0.000000000 8 151
0.000000000 3559 24
0.000000000 450 55
0.000000000 4 68
0.000000000 1 159
0.000000000 247 9
0.000000000 11 73
0.000000000 290 81
0.000000000 2706 128
0.000000000 194 151
0.000000000 2 53
0.000000000 7 58
0.000000000 38 155
0.000000000 3 85
0.000000000 42 118
0.000000000 97 199
0.000000000 1 51
0.000000000 14 7
0.000000000 3151 120
0.000000000 138 169
0.000000000 3 9
0.000000000 101 24
0.000000000 12 20
0.000000000 1 53
0.000000000 383 72
0.000000000 1039 190
0.000000000 1159 172
0.000000000 4 67
0.000000000 37 59
0.000000000 3 2
0.000000000 2219 62
0.000000000 109 189
0.000000000 3 178
0.000000000 754 186
0.000000000 184 61
0.000000000 435 50
0.000000000 5 25
0.000000000 4 127
0.000000000 592 184
0.000000000 1 76
0.000000000 74 91
0.000000000 974 34
0.000000000 4 184
0.000000000 11 67
0.000000000 2899 183
0.000000000 344 173
0.000000000 1 58
0.000000000 72 85
0.000000000 2 17
0.000000000 1999 138
0.000000000 22 77
0.000000000 1 155
0.000000000 2 44
0.000000000 4 103
0.000000000 1786 86
0.000000000 2 47
0.000000000 4 127
0.000000000 44 38
0.000000000 45 104
0.000000000 1 121
0.000000000 1956 25
0.000000000 2 176
0.000000000 63 96
0.000000000 21 140
0.000000000 1095 99
0.000000000 1 18
0.000000000 43 15
0.000000000 909 140
0.000000000 2875 26
0.000000000 13 167
0.000000000 1 82
0.000000000 174 183
0.000000000 156 106
0.000000000 1 120
0.000000000 28 98
0.000000000 162 188
0.000000000 2 99
0.000000000 1 45
0.000000000 15 104
0.000000000 2179 41
0.000000000 12 109
0.000000000 632 27
0.000000000 809 118
0.000000000 1132 57
0.000000000 150 185
0.000000000 14 177
0.000000000 9 151
0.000000000 3309 137
0.000000000 3 44
0.000000000 1168 183
0.000000000 4 158
0.000000000 12 7
0.000000000 140 90
0.000000000 616 32
0.000000000 636 51
0.000000000 473 27
0.000000000 4 160
0.000000000 325 162
0.000000000 57 164
0.000000000 90 57
0.000000000 4 185
0.000000000 970 130
0.000000000 158 71
0.000000000 1 35
0.000000000 50 192
0.000000000 2 171
0.000000000 4036 11
0.000000000 106 4
0.000000000 2 47
0.000000000 893 142
0.000000000 4 121
0.000000000 2 180
0.000000000 887 51
0.000000000 3 81
0.000000000 619 135
0.000000000 1 17
0.000000000 3815 116
0.000000000 958 19
0.000000000 9 183
0.000000000 3 53
0.000000000 19 80
0.000000000 1431 137
0.000000000 2 61
0.000000000 3685 198
0.000000000 1350 96
0.000000000 68 168
0.000000000 1 194
0.000000000 32 115
0.000000000 6 24
0.000000000 11 132
0.000000000 12 24
0.000000000 1208 169
0.000000000 112 12
0.000000000 387 135
0.000000000 243 184
0.000000000 1150 29
0.000000000 63 177
0.000000000 612 29
0.000000000 296 185
0.000000000 3 69
0.000000000 3513 165
0.000000000 1 83
0.000000000 1 89
0.000000000 114 176
0.000000000 10 124
0.000000000 258 156
0.000000000 216 154
0.000000000 71 101
0.000000000 8 183
0.000000000 18 78
0.000000000 46 53
0.000000000 6 63
0.000000000 29 86
0.000000000 3 119
0.000000000 4 67
0.000000000 588 176
0.000000000 1656 109
0.000000000 3 9
0.000000000 3728 83
0.000000000 25 13
0.000000000 1 56
0.000000000 924 37
0.000000000 1730 106
0.000000000 32 85
0.000000000 42 94
0.000000000 619 56
0.000000000 196 17
0.000000000 96 176
0.000000000 514 124
0.000000000 2650 136
0.000000000 2 118
0.000000000 3 40
0.000000000 5 197
0.000000000 3 77
0.000000000 447 162
0.000000000 17 96
0.000000000 446 184
0.000000000 526 81
0.000000000 26 37
0.000000000 1 40
0.000000000 50 11
0.000000000 98 93
0.000000000 51 47
0.000000000 282 130
0.000000000 1592 45
0.000000000 231 149
0.000000000 2801 183
0.000000000 4 50
0.000000000 5 51
0.000000000 4 197
0.000000000 487 129
0.000000000 895 171
0.000000000 1 61
0.000000000 2878 27
0.000000000 7 101
0.000000000 3 113
0.000000000 1774 186
0.000000000 240 16
0.000000000 1 154
0.000000000 227 144
0.000000000 1 86
0.000000000 6 107
0.000000000 118 71
0.000000000 52 35
0.000000000 3303 134
0.000000000 13 145
0.000000000 1053 53
0.000000000 24 184
0.000000000 314 74
0.000000000 1965 174
0.000000000 96 96
0.000000000 1 152
0.000000000 401 120
0.000000000 1313 30
0.000000000 24 53
0.000000000 1485 44
0.000000000 41 34
0.000000000 2 142
0.000000000 129 50
0.000000000 1 55
0.000000000 84 176
0.000000000 22 54
0.000000000 37 181
0.000000000 13 163
0.000000000 2146 116
0.000000000 86 175
0.000000000 9 159
0.000000000 708 142
0.000000000 3344 123
0.000000000 11 56
0.000000000 587 47
0.000000000 209 187
0.000000000 1 136
0.000000000 609 197
0.000000000 69 101
0.000000000 27 32
0.000000000 211 168
0.000000000 1 13
0.000000000 323 188
0.000000000 82 2
0.000000000 62 35
0.000000000 127 136
0.000000000 71 177
0.000000000 446 51
0.000000000 10 94
0.000000000 1537 76
0.000000000 173 31
0.000000000 411 195
0.000000000 85 44
0.000000000 3 117
0.000000000 252 149
0.000000000 1 29
0.000000000 9 177
0.000000000 3 158
0.000000000 31 147
0.000000000 237 136
0.000000000 296 166
0.000000000 68 84
0.000000000 1 135
0.000000000 2910 61
0.000000000 3914 75
0.000000000 28 175
0.000000000 425 65
0.000000000 120 113
0.000000000 222 98
0.000000000 509 143
0.000000000 202 127
0.000000000 87 114
0.000000000 525 129
0.000000000 1438 166
0.000000000 9 105
0.000000000 2764 184
0.000000000 3473 199
0.000000000 13 79
0.000000000 81 24
0.000000000 215 184
0.000000000 9 189
0.000000000 10 147
0.000000000 317 60
0.000000000 958 103
0.000000000 9 75
0.000000000 360 167
0.000000000 6 37
0.000000000 5 184
0.000000000 142 52
0.000000000 1137 54
0.000000000 3235 153
0.000000000 2407 194
0.000000000 1712 10
0.000000000 4 101
0.000000000 1010 19
0.000000000 15 19
0.000000000 568 137
0.000000000 2 198
0.000000000 2651 31
0.000000000 11 157
0.000000000 1 33
0.000000000 3 188
0.000000000 32 156
0.000000000 64 107
0.000000000 30 31
0.000000000 1700 43
0.000000000 182 90
0.000000000 7 168
0.000000000 274 72
0.000000000 2192 37
0.000000000 783 80
0.000000000 2861 93
0.000000000 2 34
0.000000000 218 6
0.000000000 1785 72
0.000000000 2009 145
0.000000000 3 120
0.000000000 5 77
0.000000000 2120 45
0.000000000 38 131
0.000000000 3668 97
0.000000000 1178 105
0.000000000 391 5
0.000000000 629 194
0.000000000 444 121
0.000000000 869 15
0.000000000 362 79
0.000000000 2 78
0.000000000 1735 155
0.000000000 1677 23
0.000000000 889 146
0.000000000 201 78
0.000000000 2738 83
0.000000000 49 6
0.000000000 1226 178
0.000000000 3240 52
0.000000000 7 168
0.000000000 342 179
0.000000000 42 1
0.000000000 27 157
0.000000000 249 133
0.000000000 1662 62
0.000000000 105 200
0.000000000 4 161
0.000000000 14 188
0.000000000 105 167
0.000000000 2 149
0.000000000 63 176
0.000000000 11 118
0.000000000 550 112
0.000000000 65 9
0.000000000 5 111
0.000000000 187 36
0.000000000 463 185
0.000000000 80 181
0.000000000 12 19
0.000000000 281 118
0.000000000 150 2
0.000000000 608 19
0.000000000 48 184
0.000000000 4 81
0.000000000 378 32
0.000000000 438 49
0.000000000 535 115
0.000000000 1538 48
0.000000000 3 45
0.000000000 2027 62
0.000000000 1 115
0.000000000 67 71
0.000000000 355 160
0.000000000 111 12
0.000000000 5 49
0.000000000 475 18
0.000000000 935 128
0.000000000 11 23
0.000000000 1 25
0.000000000 20 200
0.000000000 979 66
0.000000000 1 123
0.000000000 2 8
0.000000000 33 154
0.000000000 156 137
0.000000000 7 60
0.000000000 9 53
0.000000000 685 115
0.000000000 17 184
0.000000000 3 68
0.000000000 7 16
0.000000000 15 70
0.000000000 4 18
0.000000000 42 56
0.000000000 21 161
0.000000000 1 53
0.000000000 2 20
0.000000000 480 175
0.000000000 10 43
0.000000000 2 146
0.000000000 3362 66
0.000000000 37 94
0.000000000 2557 60
0.000000000 40 23
0.000000000 42 122
0.000000000 16 142
0.000000000 649 190
0.000000000 171 82
0.000000000 183 133
0.000000000 2 138
0.000000000 16 183
0.000000000 2257 13
0.000000000 80 132
0.000000000 494 180
0.000000000 167 191
0.000000000 45 183
0.000000000 596 56
0.000000000 44 120
0.000000000 915 97
0.000000000 78 116
0.000000000 41 24
0.000000000 266 26
0.000000000 2804 194
0.000000000 641 15
0.000000000 2109 131
0.000000000 305 95
0.000000000 1871 67
0.000000000 184 58
0.000000000 47 82
0.000000000 10 181
0.000000000 115 151
0.000000000 54 168
0.000000000 75 93
0.000000000 4 184
0.000000000 860 179
0.000000000 1 185
0.000000000 1 154
0.000000000 8 89
0.000000000 170 106
0.000000000 1 114
0.000000000 7 188
0.000000000 95 149
0.000000000 149 184
0.000000000 12 19
0.000000000 1389 75
0.000000000 184 112
0.000000000 12 36
0.000000000 42 151
0.000000000 3334 161
0.000000000 6 14
0.000000000 221 147
0.000000000 35 52
0.000000000 3 94
0.000000000 5 187
0.000000000 231 70
0.000000000 31 197
0.000000000 1 2
0.000000000 66 85
0.000000000 2908 68
0.000000000 4 11
0.000000000 28 31
0.000000000 475 188
0.000000000 3 27
0.000000000 16 123
0.000000000 679 32
0.000000000 584 74
0.000000000 5 28
0.000000000 102 140
0.000000000 1971 6
0.000000000 4085 36
0.000000000 173 141
0.000000000 16 152
0.000000000 3350 57
0.000000000 349 73
0.000000000 81 157
0.000000000 32 12
0.000000000 1937 54
0.000000000 1984 189
0.000000000 34 185
0.000000000 4 97
0.000000000 2 143
0.000000000 2401 101
0.000000000 194 120
0.000000000 115 186
0.000000000 24 44
0.000000000 183 35
0.000000000 49 170
0.000000000 16 92
0.000000000 3646 95
0.000000000 2152 77
0.000000000 4 93
0.000000000 97 11
0.000000000 165 147
0.000000000 401 195
0.000000000 13 38
0.000000000 10 71
0.000000000 3430 115
0.000000000 2 9
0.000000000 3 178
0.000000000 28 137
0.000000000 1 187
0.000000000 17 96
0.000000000 536 13
0.000000000 3 188
0.000000000 503 51
0.000000000 1 82
0.000000000 66 130
0.000000000 980 72
0.000000000 3788 2
0.000000000 6 42
0.000000000 207 178
0.000000000 290 188
0.000000000 18 191
0.000000000 72 165
0.000000000 44 68
0.000000000 2968 67
0.000000000 1938 102
0.000000000 1086 70
0.000000000 65 132
0.000000000 12 66
0.000000000 4 77
0.000000000 245 13
0.000000000 12 55
0.000000000 1 83
0.000000000 1442 86
0.000000000 2373 156
0.000000000 42 1
0.000000000 16 94
0.000000000 16 116
0.000000000 2 195
0.000000000 276 135
0.000000000 1746 58
0.000000000 30 36
0.000000000 190 38
0.000000000 1929 54
0.000000000 29 165
0.000000000 146 151
0.000000000 4 8
0.000000000 1111 95
0.000000000 52 131
0.000000000 19 31
0.000000000 3 122
0.000000000 2288 172
0.000000000 77 13
0.000000000 130 45
0.000000000 143 165
0.000000000 455 168
0.000000000 113 49
0.000000000 4 79
0.000000000 650 100
0.000000000 139 45
0.000000000 27 157
0.000000000 4 159
0.000000000 26 21
0.000000000 83 97
0.000000000 303 96
0.000000000 2996 16
0.000000000 1 44
0.000000000 3647 192
0.000000000 1037 65
0.000000000 3358 198
0.000000000 5 115
0.000000000 1 87
0.000000000 1 46
0.000000000 2 172
0.000000000 63 17
0.000000000 321 106
0.000000000 6 171
0.000000000 109 137
0.000000000 137 78
0.000000000 13 95
0.000000000 1 198
0.000000000 3253 179
0.000000000 518 5
0.000000000 1293 41
0.000000000 2 77
0.000000000 165 8
0.000000000 7 102
0.000000000 3 35
0.000000000 1642 184
0.000000000 30 73
0.000000000 40 8
0.000000000 99 59
0.000000000 90 3
0.000000000 908 144
0.000000000 2 32
0.000000000 862 22
0.000000000 1096 117
0.000000000 152 176
0.000000000 440 194
0.000000000 110 179
0.000000000 1075 150
0.000000000 46 155
0.000000000 37 94
0.000000000 25 189
0.000000000 77 20
0.000000000 10 134
0.000000000 1 124
0.000000000 9 196
0.000000000 4083 162
0.000000000 13 124
0.000000000 23 132
0.000000000 1 70
0.000000000 16 179
0.000000000 856 123
0.000000000 746 138
0.000000000 350 1
0.000000000 700 85
0.000000000 486 154
0.000000000 3 175
0.000000000 135 81
0.000000000 47 89
0.000000000 783 149
0.000000000 14 32
0.000000000 12 56
0.000000000 461 24
0.000000000 1475 188
0.000000000 17 63
0.000000000 1 27
0.000000000 191 197
0.000000000 1 30
0.000000000 102 81
0.000000000 15 119
0.000000000 366 171
0.000000000 1223 172
0.000000000 11 90
0.000000000 911 49
0.000000000 259 35
0.000000000 179 149
0.000000000 222 87
0.000000000 6 60
0.000000000 5 40
0.000000000 4 3
0.000000000 1382 18
0.000000000 5 46
0.000000000 2108 75
0.000000000 476 54
0.000000000 4 163
0.000000000 3 131
0.000000000 1 146
0.000000000 2 121
0.000000000 2 185
0.000000000 805 161
0.000000000 1549 137
0.000000000 3 14
0.000000000 6 193
0.000000000 209 131
0.000000000 526 17
0.000000000 783 62
0.000000000 10 185
0.000000000 255 140
0.000000000 265 135
0.000000000 2 186
0.000000000 1246 62
0.000000000 3286 23
0.000000000 299 131
0.000000000 5 127
0.000000000 4 136
0.000000000 2447 122
0.000000000 6 46
0.000000000 16 20
0.000000000 1 82
0.000000000 2300 21
0.000000000 63 15
0.000000000 55 28
0.000000000 158 90
0.000000000 138 151
0.000000000 83 105
0.000000000 111 82
0.000000000 185 129
0.000000000 1282 89
0.000000000 108 195
0.000000000 1 105
0.000000000 2 148
0.000000000 19 9
0.000000000 19 198
0.000000000 383 89
0.000000000 3851 90
0.000000000 664 132
0.000000000 9 162
0.000000000 14 181
0.000000000 249 154
0.000000000 194 126
0.000000000 1830 129
0.000000000 1586 144
0.000000000 36 104
0.000000000 73 22
0.000000000 2817 143
0.000000000 7 191
0.000000000 266 183
0.000000000 169 79
0.000000000 102 177
0.000000000 1007 127
0.000000000 4 98
0.000000000 3835 155
0.000000000 3015 15
0.000000000 1 158
0.000000000 10 155
0.000000000 12 155
0.000000000 48 16
0.000000000 92 16
0.000000000 163 184
0.000000000 5 57
0.000000000 4 70
0.000000000 6 132
0.000000000 8 36
0.000000000 15 89
0.000000000 56 20
0.000000000 26 182
0.000000000 18 152
0.000000000 222 45
0.000000000 89 94
0.000000000 1276 189
0.000000000 3 72
0.000000000 3 62
0.000000000 2 37
0.000000000 23 168
0.000000000 221 112
0.000000000 287 109
0.000000000 46 197
0.000000000 8 192
0.000000000 2164 2
0.000000000 1064 168
0.000000000 13 162
0.000000000 183 3
0.000000000 271 18
0.000000000 1 190
0.000000000 3 53
0.000000000 1171 169
0.000000000 325 12
0.000000000 112 112
0.000000000 3767 158
0.000000000 3 21
0.000000000 105 44
0.000000000 923 193
0.000000000 30 107
0.000000000 752 114
0.000000000 2154 98
0.000000000 307 90
0.000000000 2215 129
0.000000000 1 81
0.000000000 2939 142
0.000000000 55 108
0.000000000 141 169
0.000000000 43 183
0.000000000 1 199
0.000000000 14 144
0.000000000 1126 140
0.000000000 1632 20
0.000000000 545 179
0.000000000 20 1
0.000000000 25 15
0.000000000 2136 197
0.000000000 883 15
0.000000000 424 22
0.000000000 47 158
0.000000000 9 72
0.000000000 194 129
0.000000000 1108 26
0.000000000 7 44
0.000000000 2142 79
0.000000000 24 31
0.000000000 12 131
0.000000000 190 29
0.000000000 1885 99
0.000000000 1 78
0.000000000 39 138
0.000000000 685 129
0.000000000 1388 86
0.000000000 2 89
0.000000000 2054 172
0.000000000 3 58
0.000000000 144 75
0.000000000 176 109
0.000000000 2 170
0.000000000 31 169
0.000000000 83 194
0.000000000 3218 31
0.000000000 1397 53
0.000000000 372 167
0.000000000 3 144
0.000000000 4 157
0.000000000 27 13
0.000000000 1108 14
0.000000000 289 100
0.000000000 10 177
0.000000000 1705 75
0.000000000 215 140
0.000000000 392 173
0.000000000 463 2
0.000000000 766 32
0.000000000 10 95
0.000000000 2606 174
0.000000000 6 111
0.000000000 6 181
0.000000000 116 93
0.000000000 9 129
0.000000000 8 57
0.000000000 62 182
0.000000000 2 50
0.000000000 3714 148
0.000000000 14 160
0.000000000 281 24
0.000000000 19 108
0.000000000 9 139
0.000000000 1428 86
0.000000000 266 99
0.000000000 3864 84
0.000000000 113 23
0.000000000 1 5
0.000000000 1 118
0.000000000 233 28
0.000000000 9 67
0.000000000 7 138
0.000000000 362 51
0.000000000 37 16
0.000000000 1 182
0.000000000 158 111
0.000000000 42 100
0.000000000 1 191
0.000000000 420 13
0.000000000 3080 71
0.000000000 7 194
0.000000000 94 26
0.000000000 3 152
0.000000000 860 157
0.000000000 495 6
0.000000000 410 6
0.000000000 6 99
0.000000000 37 160
0.000000000 551 122
0.000000000 10 173
0.000000000 2 125
0.000000000 21 157
0.000000000 5 112
0.000000000 49 67
0.000000000 3 176
0.000000000 926 68
0.000000000 235 47
0.000000000 4 173
0.000000000 2 152
0.000000000 97 133
0.000000000 126 20
0.000000000 114 20
0.000000000 12 3
0.000000000 238 88
0.000000000 18 116
0.000000000 14 65
0.000000000 3 187
0.000000000 3 83
0.000000000 82 114
0.000000000 170 188
0.000000000 476 45
0.000000000 15 131
0.000000000 1 89
0.000000000 7 182
0.000000000 75 106
0.000000000 2569 101
0.000000000 1 135
0.000000000 1 130
0.000000000 14 62
0.000000000 2 108
0.000000000 1 14
0.000000000 276 163
0.000000000 1 113
0.000000000 12 131
0.000000000 1069 159
0.000000000 42 2
0.000000000 4 50
0.000000000 24 20
0.000000000 74 191
0.000000000 177 27
0.000000000 57 11
0.000000000 642 132
0.000000000 1137 98
0.000000000 1 2
0.000000000 20 189
0.000000000 219 92
0.000000000 1408 117
0.000000000 3903 160
0.000000000 331 84
0.000000000 2 122
0.000000000 1 61
0.000000000 1435 106
0.000000000 636 152
0.000000000 46 157
0.000000000 1 163
0.000000000 1036 175
0.000000000 7 166
0.000000000 81 76
0.000000000 83 90
0.000000000 6 20
0.000000000 2 155
0.000000000 344 171
0.000000000 1070 127
0.000000000 776 86
0.000000000 3118 41
0.000000000 15 194
0.000000000 3 105
0.000000000 202 199
0.000000000 33 9
0.000000000 9 124
0.000000000 5 144
0.000000000 993 108
0.000000000 9 73
0.000000000 1012 194
0.000000000 20 135
0.000000000 1 148
0.000000000 944 50
0.000000000 1 143
0.000000000 210 18
0.000000000 542 24
0.000000000 3 129
0.000000000 6 64
0.000000000 161 128
0.000000000 629 113
0.000000000 36 121
0.000000000 5 106
0.000000000 331 88
0.000000000 303 49
0.000000000 48 151
0.000000000 1774 47
0.000000000 75 18
0.000000000 2748 127
0.000000000 51 89
0.000000000 73 43
0.000000000 1 77
0.000000000 269 55
0.000000000 1005 24
0.000000000 9 175
0.000000000 851 198
0.000000000 2644 16
0.000000000 75 31
0.000000000 786 33
0.000000000 15 104
0.000000000 26 99
0.000000000 8 193
0.000000000 22 113
0.000000000 68 34
0.000000000 1572 116
0.000000000 29 58
0.000000000 6 18
0.000000000 3944 112
0.000000000 99 15
0.000000000 5 123
0.000000000 1162 3
0.000000000 4 76
0.000000000 1807 130
0.000000000 359 129
0.000000000 1511 31
0.000000000 374 195
0.000000000 55 24
0.000000000 89 104
0.000000000 340 197
0.000000000 2986 26
0.000000000 285 187
0.000000000 83 170
0.000000000 2142 147
0.000000000 97 109
0.000000000 24 81
0.000000000 7 121
0.000000000 3 173
0.000000000 6 94
0.000000000 2531 103
0.000000000 44 172
0.000000000 21 149
0.000000000 4 16
0.000000000 1736 43
0.000000000 8 17
0.000000000 202 134
0.000000000 22 74
0.000000000 2577 107
0.000000000 4 32
0.000000000 15 79
0.000000000 2811 39
0.000000000 774 179
0.000000000 2 107
0.000000000 938 101
0.000000000 900 151
0.000000000 18 69
0.000000000 1346 42
0.000000000 1 13
0.000000000 3 197
0.000000000 81 146
0.000000000 33 74
0.000000000 1607 161
0.000000000 218 137
0.000000000 4 167
0.000000000 3 183
0.000000000 34 56
0.000000000 3135 77
0.000000000 100 27
0.000000000 6 40
0.000000000 52 194
0.000000000 19 18
0.000000000 634 117
0.000000000 1 13
0.000000000 2 64
0.000000000 683 193
0.000000000 145 86
0.000000000 86 96
0.000000000 1 7
0.000000000 15 35
0.000000000 68 152
0.000000000 65 7
0.000000000 1 126
0.000000000 97 174
0.000000000 2984 56
0.000000000 364 28
0.000000000 3 48
0.000000000 411 90
0.000000000 24 152
0.000000000 473 151
0.000000000 470 70
0.000000000 84 176
0.000000000 111 7
0.000000000 986 54
0.000000000 211 90
0.000000000 935 121
0.000000000 3263 141
0.000000000 11 112
0.000000000 60 77
0.000000000 10 198
0.000000000 22 4
0.000000000 299 63
0.000000000 937 153
0.000000000 1559 128
0.000000000 1105 153
0.000000000 108 154
0.000000000 13 124
0.000000000 55 98
0.000000000 6 177
0.000000000 18 24
0.000000000 165 41
0.000000000 565 43
0.000000000 117 98
0.000000000 185 40
0.000000000 3 89
0.000000000 49 196
0.000000000 43 20
0.000000000 149 19
0.000000000 4 91
0.000000000 4 113
0.000000000 145 122
0.000000000 521 157
0.000000000 13 69
0.000000000 1624 18
0.000000000 860 70
0.000000000 227 16
0.000000000 46 147
0.000000000 9 80
0.000000000 33 77
0.000000000 69 58
0.000000000 19 22
0.000000000 794 45
0.000000000 86 117
0.000000000 29 73
0.000000000 9 195
0.000000000 6 98
0.000000000 1 59
0.000000000 5 184
0.000000000 136 171
0.000000000 8 37
0.000000000 403 32
0.000000000 206 131
0.000000000 371 161
0.000000000 616 46
0.000000000 4 199
0.000000000 7 27
0.000000000 377 186
0.000000000 784 18
0.000000000 5 173
0.000000000 91 141
0.000000000 2 110
0.000000000 85 94
0.000000000 40 119
0.000000000 9 198
0.000000000 6 155
0.000000000 19 198
0.000000000 727 94
0.000000000 28 168
0.000000000 208 49
0.000000000 24 50
0.000000000 288 123
0.000000000 445 199
0.000000000 97 82
0.000000000 64 51
0.000000000 3 185
0.000000000 620 146
0.000000000 10 170
0.000000000 4 173
0.000000000 1 103
0.000000000 1 65
0.000000000 458 6
0.000000000 36 114
0.000000000 866 139
0.000000000 1484 42
0.000000000 211 158
0.000000000 1 65
0.000000000 654 50
0.000000000 10 67
0.000000000 1 30
0.000000000 7 81
0.000000000 764 9
0.000000000 326 160
0.000000000 877 178
0.000000000 131 71
0.000000000 876 71
0.000000000 3636 70
0.000000000 452 57
0.000000000 69 195
0.000000000 326 2
0.000000000 9 107
0.000000000 8 94
0.000000000 79 140
0.000000000 271 50
0.000000000 10 180
0.000000000 322 10
0.000000000 119 113
0.000000000 131 82
0.000000000 46 74
0.000000000 33 123
0.000000000 40 120
0.000000000 6 181
0.000000000 7 49
0.000000000 43 20
0.000000000 194 83
0.000000000 34 157
0.000000000 3268 174
0.000000000 13 55
0.000000000 2 85
0.000000000 5 185
0.000000000 93 90
0.000000000 47 29
0.000000000 19 52
0.000000000 4 166
0.000000000 1 85
0.000000000 3 57
0.000000000 106 24
0.000000000 2182 197
0.000000000 8 136
0.000000000 12 135
0.000000000 11 156
0.000000000 47 17
0.000000000 19 102
0.000000000 49 12
0.000000000 2 159
0.000000000 82 105
0.000000000 1080 47
0.000000000 929 70
0.000000000 46 143
0.000000000 192 47
0.000000000 1019 82
0.000000000 12 16
