5 7.693159045 17.190236996 0.042823176 1594.058941571 26
619.325726608 121.050591031 0.527912743 0.012200317 13242.289247632 1.000000000 0.000000000
21
1 0.464043813 2.055554506 0.469319565 0.851842586 18.313960614 0.507047804
2 0.470358126 2.216061155 0.475619258 -1.000000000 -1.000000000 0.508434894
4 0.482986751 2.537074452 0.488218644 0.864685038 18.451418940 0.511209075
8 0.508244002 3.179101046 0.513417415 -1.000000000 18.634696708 0.516757436
16 0.558758503 -1.000000000 0.563814957 0.916054846 19.001252245 0.527854157
32 0.659787505 7.031260609 0.664610042 0.984547924 19.734363318 0.550047601
64 0.861845510 12.167473361 0.866200212 1.121534080 21.200585465 0.594434488
128 1.265961519 22.439898864 1.269380551 1.395506391 24.133029758 0.683208263
152 1.417505022 26.292058427 1.420573178 1.498246007 25.232696368 0.716498428
256 2.074193537 42.984749869 -1.000000000 -1.000000000 -1.000000000 0.860755812
350 2.667738926 58.072374827 2.667912353 -1.000000000 34.304945900 0.991142293
512 3.690657574 84.074451881 3.688462586 3.039340256 41.727695518 1.215850910
853 5.843838186 138.807219013 5.836657831 4.499098975 57.352125268 -1.000000000
1024 6.923585648 166.253855903 6.913905300 5.231118744 65.187249864 1.926041107
1860 12.202351019 300.437414034 12.180448482 8.809882055 103.492303445 -1.000000000
2015 13.181069479 325.315944548 13.156900866 9.473408746 110.594316968 3.300647522
2047 13.383127484 330.452157300 -1.000000000 9.610394901 112.060539114 3.345034410
2048 13.389441796 330.612663948 13.364790728 9.614675719 112.106358556 -1.000000000
3586 -1.000000000 -1.000000000 23.053718256 16.198572816 182.576660479 5.479766270
3925 25.241406630 631.883643148 25.189314115 17.649769900 198.109451345 5.949989857
4096 26.321154092 659.330280039 26.266561584 18.381789668 205.944575941 6.187182286
2000
0.000000000 116 1
0.000000000 22 182
0.000000000 3677 12
0.000000000 426 111
0.000000000 123 174
0.000000000 549 98
0.000000000 2192 63
0.000000000 1 49
0.000000000 8 111
0.000000000 459 67
0.000000000 107 77
0.000000000 21 58
0.000000000 1387 27
0.000000000 3252 164
0.000000000 55 19
0.000000000 884 70
0.000000000 2491 27
0.000000000 276 30
0.000000000 3364 112
0.000000000 15 68
0.000000000 2 102
0.000000000 325 173
0.000000000 477 90
0.000000000 546 98
0.000000000 902 58
0.000000000 57 53
0.000000000 23 174
0.000000000 8 153
0.000000000 3071 88
0.000000000 1029 41
0.000000000 705 95
0.000000000 3388 185
0.000000000 22 176
0.000000000 1 27
0.000000000 472 95
0.000000000 101 180
0.000000000 10 38
0.000000000 101 133
0.000000000 33 81
0.000000000 27 120
0.000000000 730 88
0.000000000 497 72
0.000000000 112 21
0.000000000 246 27
0.000000000 2512 25
0.000000000 57 28
0.000000000 119 146
0.000000000 647 52
0.000000000 221 87
0.000000000 18 158
0.000000000 2904 94
0.000000000 356 53
0.000000000 11 84
0.000000000 133 121
0.000000000 36 161
0.000000000 735 118
0.000000000 242 55
0.000000000 3 15
0.000000000 66 12
0.000000000 57 168
0.000000000 558 189
0.000000000 28 148
0.000000000 2 193
0.000000000 1 125
0.000000000 173 50
0.000000000 2 90
0.000000000 14 129
0.000000000 12 90
0.000000000 19 198
0.000000000 3882 156
0.000000000 2246 58
0.000000000 1 22
0.000000000 39 93
0.000000000 411 127
0.000000000 469 147
0.000000000 201 91
0.000000000 18 74
0.000000000 38 133
0.000000000 1976 108
0.000000000 893 26
0.000000000 4 173
0.000000000 3 134
0.000000000 2 154
0.000000000 28 192
0.000000000 105 94
0.000000000 3871 49
0.000000000 331 137
0.000000000 1 174
0.000000000 137 175
0.000000000 366 110
0.000000000 83 92
0.000000000 36 95
0.000000000 7 145
0.000000000 112 28
0.000000000 1 12
0.000000000 1010 164
0.000000000 54 53
0.000000000 501 191
0.000000000 302 134
0.000000000 4 157
0.000000000 1154 64
0.000000000 5 160
0.000000000 1 147
0.000000000 7 108
0.000000000 34 12
0.000000000 2 95
0.000000000 3622 74
0.000000000 35 166
0.000000000 45 145
0.000000000 344 57
0.000000000 1 56
0.000000000 170 98
0.000000000 3 185
0.000000000 1606 141
0.000000000 1 188
0.000000000 2 160
0.000000000 91 196
0.000000000 22 121
0.000000000 34 183
0.000000000 2 93
0.000000000 4048 96
0.000000000 934 62
0.000000000 14 22
0.000000000 29 16
0.000000000 4 91
0.000000000 3 160
0.000000000 9 168
0.000000000 1 99
0.000000000 67 59
0.000000000 2756 18
0.000000000 96 121
0.000000000 3 116
0.000000000 7 21
0.000000000 83 57
0.000000000 2 162
0.000000000 134 45
0.000000000 50 189
0.000000000 1286 75
0.000000000 3 43
0.000000000 7 33
0.000000000 2 132
0.000000000 1 142
0.000000000 163 197
0.000000000 32 169
0.000000000 2009 185
0.000000000 33 143
0.000000000 180 185
0.000000000 22 96
0.000000000 158 49
0.000000000 1 190
0.000000000 3 84
0.000000000 84 72
0.000000000 5 41
0.000000000 52 119
0.000000000 604 158
0.000000000 12 144
0.000000000 506 109
0.000000000 1462 23
0.000000000 898 103
0.000000000 1 159
0.000000000 1997 101
0.000000000 1102 136
0.000000000 80 135
0.000000000 93 174
0.000000000 774 67
0.000000000 1 1
0.000000000 5 153
0.000000000 19 121
0.000000000 8 1
0.000000000 40 196
0.000000000 82 98
0.000000000 13 160
0.000000000 11 73
0.000000000 45 183
0.000000000 190 173
0.000000000 13 71
0.000000000 151 50
0.000000000 202 195
0.000000000 125 130
0.000000000 754 113
0.000000000 109 165
0.000000000 1 94
0.000000000 169 180
0.000000000 13 196
0.000000000 10 23
0.000000000 125 138
0.000000000 2 108
0.000000000 2902 184
0.000000000 30 110
0.000000000 10 189
0.000000000 1 38
0.000000000 178 95
0.000000000 171 30
0.000000000 13 198
0.000000000 1 63
0.000000000 607 137
0.000000000 247 27
0.000000000 39 91
0.000000000 52 33
0.000000000 109 8
0.000000000 16 191
0.000000000 3120 37
0.000000000 2969 105
0.000000000 4059 84
0.000000000 1 23
0.000000000 3609 194
0.000000000 372 85
0.000000000 2105 96
0.000000000 46 33
0.000000000 2 4
0.000000000 38 9
0.000000000 24 47
0.000000000 16 22
0.000000000 252 169
0.000000000 2999 180
0.000000000 338 122
0.000000000 2 45
0.000000000 31 49
0.000000000 2 56
0.000000000 9 45
0.000000000 11 66
0.000000000 1970 123
0.000000000 65 96
0.000000000 397 47
0.000000000 75 87
0.000000000 187 10
0.000000000 1454 133
0.000000000 673 20
0.000000000 2785 67
0.000000000 16 194
0.000000000 1 13
0.000000000 2 134
0.000000000 107 118
0.000000000 1 172
0.000000000 240 121
0.000000000 479 72
0.000000000 502 150
0.000000000 3054 84
0.000000000 454 79
0.000000000 1241 13
0.000000000 5 1
0.000000000 533 190
0.000000000 40 7
0.000000000 784 32
0.000000000 198 53
0.000000000 1141 115
0.000000000 1029 185
0.000000000 6 139
0.000000000 1 78
0.000000000 3 184
0.000000000 219 51
0.000000000 12 118
0.000000000 33 126
0.000000000 1 53
0.000000000 13 191
0.000000000 12 81
0.000000000 1 111
0.000000000 10 181
0.000000000 11 71
0.000000000 1983 176
0.000000000 1 61
0.000000000 68 68
0.000000000 8 66
0.000000000 566 139
0.000000000 214 59
0.000000000 473 3
0.000000000 62 90
0.000000000 389 88
0.000000000 65 9
0.000000000 472 181
0.000000000 6 179
0.000000000 1368 9
0.000000000 51 179
0.000000000 54 43
0.000000000 4 2
0.000000000 4 198
0.000000000 989 146
0.000000000 153 87
0.000000000 1631 161
0.000000000 1 65
0.000000000 2006 136
0.000000000 101 111
0.000000000 807 32
0.000000000 308 44
0.000000000 75 28
0.000000000 865 63
0.000000000 451 43
0.000000000 254 22
0.000000000 4 175
0.000000000 248 14
0.000000000 3 144
0.000000000 19 177
0.000000000 10 100
0.000000000 10 121
0.000000000 4 178
0.000000000 2 177
0.000000000 7 67
0.000000000 512 42
0.000000000 6 148
0.000000000 150 24
0.000000000 9 79
0.000000000 318 22
0.000000000 48 125
0.000000000 291 97
0.000000000 1 35
0.000000000 76 96
0.000000000 109 20
0.000000000 186 182
0.000000000 1 175
0.000000000 12 146
0.000000000 18 37
0.000000000 417 67
0.000000000 3 154
0.000000000 1 124
0.000000000 2 199
0.000000000 428 172
0.000000000 3 56
0.000000000 2 45
0.000000000 1 25
0.000000000 51 142
0.000000000 40 75
0.000000000 383 19
0.000000000 84 125
0.000000000 19 183
0.000000000 3 78
0.000000000 72 196
0.000000000 111 11
0.000000000 23 35
0.000000000 1029 136
0.000000000 336 102
0.000000000 24 148
0.000000000 1245 75
0.000000000 47 30
0.000000000 3299 139
0.000000000 2707 44
0.000000000 3 103
0.000000000 835 179
0.000000000 1 199
0.000000000 455 57
0.000000000 9 51
0.000000000 7 7
0.000000000 4 96
0.000000000 156 80
0.000000000 2987 89
0.000000000 1073 156
0.000000000 2 145
0.000000000 130 126
0.000000000 334 120
0.000000000 185 167
0.000000000 5 85
0.000000000 1 148
0.000000000 2 153
0.000000000 818 194
0.000000000 161 53
0.000000000 13 189
0.000000000 79 67
0.000000000 5 75
0.000000000 133 57
0.000000000 744 90
0.000000000 2 45
0.000000000 1 13
0.000000000 36 92
0.000000000 1 31
0.000000000 3 155
0.000000000 81 49
0.000000000 50 66
0.000000000 30 131
0.000000000 31 90
0.000000000 5 5
0.000000000 13 132
0.000000000 267 42
0.000000000 14 37
0.000000000 2 77
0.000000000 3 140
0.000000000 182 119
0.000000000 60 43
0.000000000 289 24
0.000000000 619 60
0.000000000 1 147
0.000000000 6 143
0.000000000 27 25
0.000000000 1362 13
0.000000000 235 47
0.000000000 680 64
0.000000000 1745 3
0.000000000 1770 181
0.000000000 1168 200
0.000000000 4 118
0.000000000 1 65
0.000000000 3034 155
0.000000000 1 38
0.000000000 286 80
0.000000000 485 1
0.000000000 1 162
0.000000000 11 23
0.000000000 1 173
0.000000000 517 10
0.000000000 260 94
0.000000000 339 141
0.000000000 3242 192
0.000000000 2826 76
0.000000000 2 106
0.000000000 2299 26
0.000000000 3 130
0.000000000 3 93
0.000000000 5 85
0.000000000 30 181
0.000000000 265 193
0.000000000 7 87
0.000000000 2 73
0.000000000 5 154
0.000000000 31 178
0.000000000 2 178
0.000000000 991 124
0.000000000 4 183
0.000000000 141 159
0.000000000 39 84
0.000000000 1 77
0.000000000 4 176
0.000000000 28 33
0.000000000 46 196
0.000000000 17 190
0.000000000 2327 199
0.000000000 1391 150
0.000000000 186 39
0.000000000 2 36
0.000000000 9 87
0.000000000 255 83
0.000000000 12 105
0.000000000 1693 124
0.000000000 6 36
0.000000000 293 42
0.000000000 24 27
0.000000000 401 145
0.000000000 65 7
0.000000000 3 19
0.000000000 72 49
0.000000000 274 179
0.000000000 1 44
0.000000000 37 140
0.000000000 2562 190
0.000000000 1 178
0.000000000 21 132
0.000000000 6 53
0.000000000 136 145
0.000000000 48 174
0.000000000 20 70
0.000000000 28 89
0.000000000 2010 184
0.000000000 15 58
0.000000000 215 115
0.000000000 63 62
0.000000000 2 160
0.000000000 5 19
0.000000000 1138 182
0.000000000 1 91
0.000000000 2 138
0.000000000 4 96
0.000000000 86 23
0.000000000 73 183
0.000000000 138 27
0.000000000 78 24
0.000000000 203 52
0.000000000 548 26
0.000000000 45 129
0.000000000 430 187
0.000000000 24 131
0.000000000 231 14
0.000000000 2 29
0.000000000 1496 84
0.000000000 2431 99
0.000000000 237 84
0.000000000 366 36
0.000000000 216 35
0.000000000 1927 140
0.000000000 943 154
0.000000000 2 102
0.000000000 2348 93
0.000000000 191 22
0.000000000 2670 57
0.000000000 47 195
0.000000000 2 39
0.000000000 156 8
0.000000000 25 174
0.000000000 7 48
0.000000000 43 142
0.000000000 20 83
0.000000000 102 178
0.000000000 6 177
0.000000000 155 13
0.000000000 3327 34
0.000000000 476 60
0.000000000 825 117
0.000000000 9 18
0.000000000 7 66
0.000000000 582 151
0.000000000 866 139
0.000000000 9 187
0.000000000 11 5
0.000000000 582 138
0.000000000 15 15
0.000000000 1 152
0.000000000 2305 161
0.000000000 2 105
0.000000000 4 104
0.000000000 110 20
0.000000000 3440 57
0.000000000 11 70
0.000000000 79 42
0.000000000 83 33
0.000000000 3291 31
0.000000000 156 134
0.000000000 16 188
0.000000000 7 95
0.000000000 12 16
0.000000000 16 54
0.000000000 12 135
0.000000000 6 18
0.000000000 26 104
0.000000000 32 62
0.000000000 1610 103
0.000000000 1 101
0.000000000 1115 92
0.000000000 769 41
0.000000000 15 63
0.000000000 3872 129
0.000000000 4 35
0.000000000 9 54
0.000000000 2142 180
0.000000000 138 85
0.000000000 259 135
0.000000000 15 144
0.000000000 25 119
0.000000000 98 164
0.000000000 697 160
0.000000000 1 54
0.000000000 1494 181
0.000000000 1 41
0.000000000 18 13
0.000000000 718 122
0.000000000 2081 79
0.000000000 441 169
0.000000000 757 34
0.000000000 8 197
0.000000000 43 137
0.000000000 58 98
0.000000000 4 89
0.000000000 1582 188
0.000000000 75 39
0.000000000 495 93
0.000000000 7 168
0.000000000 9 31
0.000000000 3640 147
0.000000000 277 171
0.000000000 621 40
0.000000000 320 43
0.000000000 2279 100
0.000000000 27 28
0.000000000 731 38
0.000000000 71 73
0.000000000 115 146
0.000000000 1 162
0.000000000 522 110
0.000000000 68 106
0.000000000 1106 112
0.000000000 12 100
0.000000000 560 109
0.000000000 1 66
0.000000000 9 36
0.000000000 2616 152
0.000000000 133 196
0.000000000 2 93
0.000000000 1 6
0.000000000 15 177
0.000000000 1 136
0.000000000 312 137
0.000000000 49 126
0.000000000 51 187
0.000000000 14 119
0.000000000 2528 51
0.000000000 4 43
0.000000000 1533 84
0.000000000 12 117
0.000000000 31 3
0.000000000 2 26
0.000000000 33 68
0.000000000 10 93
0.000000000 19 82
0.000000000 3733 169
0.000000000 56 3
0.000000000 16 148
0.000000000 2740 7
0.000000000 6 146
0.000000000 3570 118
0.000000000 4 145
0.000000000 1 55
0.000000000 14 99
0.000000000 305 43
0.000000000 26 183
0.000000000 1396 128
0.000000000 82 130
0.000000000 1498 40
0.000000000 10 114
0.000000000 573 74
0.000000000 1 51
0.000000000 1 61
0.000000000 16 32
0.000000000 1 121
0.000000000 177 87
0.000000000 4 28
0.000000000 3810 25
0.000000000 2489 57
0.000000000 43 152
0.000000000 29 52
0.000000000 104 40
0.000000000 30 38
0.000000000 1115 177
0.000000000 156 129
0.000000000 46 6
0.000000000 42 68
0.000000000 2113 117
0.000000000 2 67
0.000000000 3761 169
0.000000000 2 179
0.000000000 2143 128
0.000000000 3069 188
0.000000000 22 122
0.000000000 1290 110
0.000000000 198 46
0.000000000 1 113
0.000000000 15 114
0.000000000 16 173
0.000000000 534 42
0.000000000 8 144
0.000000000 257 79
0.000000000 1 94
0.000000000 13 146
0.000000000 228 169
0.000000000 3 88
0.000000000 2186 95
0.000000000 12 149
0.000000000 551 54
0.000000000 5 69
0.000000000 245 157
0.000000000 14 142
0.000000000 229 199
0.000000000 299 22
0.000000000 665 106
0.000000000 11 120
0.000000000 780 167
0.000000000 625 124
0.000000000 198 97
0.000000000 1 199
0.000000000 614 165
0.000000000 68 148
0.000000000 3 36
0.000000000 301 91
0.000000000 1 186
0.000000000 38 11
0.000000000 1751 193
0.000000000 43 157
0.000000000 6 47
0.000000000 65 71
0.000000000 26 121
0.000000000 974 109
0.000000000 296 172
0.000000000 79 13
0.000000000 477 171
0.000000000 1 40
0.000000000 55 179
0.000000000 19 164
0.000000000 3735 47
0.000000000 997 179
0.000000000 4 28
0.000000000 3686 193
0.000000000 89 23
0.000000000 1 110
0.000000000 1202 56
0.000000000 2 122
0.000000000 42 143
0.000000000 585 23
0.000000000 17 153
0.000000000 81 71
0.000000000 1101 26
0.000000000 3714 113
0.000000000 17 196
0.000000000 658 91
0.000000000 4 1
0.000000000 417 18
0.000000000 231 47
0.000000000 636 94
0.000000000 448 81
0.000000000 26 73
0.000000000 4 193
0.000000000 11 31
0.000000000 13 125
0.000000000 5 25
0.000000000 4 59
0.000000000 350 38
0.000000000 2 169
0.000000000 1197 17
0.000000000 46 43
0.000000000 393 50
0.000000000 593 121
0.000000000 707 179
0.000000000 56 153
0.000000000 10 82
0.000000000 3110 77
0.000000000 1 16
0.000000000 1728 97
0.000000000 1 140
0.000000000 61 93
0.000000000 1640 143
0.000000000 66 62
0.000000000 5 106
0.000000000 313 86
0.000000000 319 105
0.000000000 1584 17
0.000000000 1381 59
0.000000000 51 57
0.000000000 164 2
0.000000000 888 81
0.000000000 2562 140
0.000000000 1424 100
0.000000000 1 68
0.000000000 32 74
0.000000000 3 106
0.000000000 16 35
0.000000000 39 127
0.000000000 428 89
0.000000000 806 132
0.000000000 514 95
0.000000000 2764 90
0.000000000 39 176
0.000000000 158 44
0.000000000 17 73
0.000000000 4 66
0.000000000 42 2
0.000000000 130 96
0.000000000 4 185
0.000000000 27 34
0.000000000 54 153
0.000000000 3 66
0.000000000 5 190
0.000000000 1276 141
0.000000000 1215 95
0.000000000 2807 15
0.000000000 586 120
0.000000000 1201 133
0.000000000 1 149
0.000000000 1 168
0.000000000 320 158
0.000000000 1 98
0.000000000 572 189
0.000000000 17 141
0.000000000 13 26
0.000000000 745 134
0.000000000 1052 140
0.000000000 10 142
0.000000000 3 78
0.000000000 7 6
0.000000000 1 149
0.000000000 1210 125
0.000000000 50 37
0.000000000 1019 48
0.000000000 216 152
0.000000000 3771 197
0.000000000 972 130
0.000000000 17 114
0.000000000 1423 55
0.000000000 11 88
0.000000000 81 50
0.000000000 229 122
0.000000000 372 94
0.000000000 206 92
0.000000000 8 41
0.000000000 3 76
0.000000000 3 185
0.000000000 5 18
0.000000000 1274 155
0.000000000 117 106
0.000000000 31 117
0.000000000 1600 192
0.000000000 3200 200
0.000000000 2870 99
0.000000000 37 197
0.000000000 784 119
0.000000000 9 106
0.000000000 5 152
0.000000000 1380 127
0.000000000 554 139
0.000000000 92 30
0.000000000 3624 39
0.000000000 32 161
0.000000000 3022 22
0.000000000 93 79
0.000000000 1876 58
0.000000000 1011 32
0.000000000 87 136
0.000000000 12 185
0.000000000 1030 6
0.000000000 212 56
0.000000000 8 164
0.000000000 259 112
0.000000000 241 125
0.000000000 8 178
0.000000000 1164 86
0.000000000 79 183
0.000000000 315 116
0.000000000 1866 157
0.000000000 1 80
0.000000000 38 79
0.000000000 350 142
0.000000000 219 110
0.000000000 2023 114
0.000000000 14 195
0.000000000 1 181
0.000000000 135 87
0.000000000 2 176
0.000000000 36 14
0.000000000 57 125
0.000000000 142 95
0.000000000 4 19
0.000000000 5 149
0.000000000 1 148
0.000000000 328 95
0.000000000 954 149
0.000000000 4 38
0.000000000 650 105
0.000000000 20 9
0.000000000 1 103
0.000000000 21 93
0.000000000 6 68
0.000000000 3958 22
0.000000000 24 176
0.000000000 3084 123
0.000000000 16 136
0.000000000 1402 111
0.000000000 468 143
0.000000000 41 79
0.000000000 1 128
0.000000000 1 160
0.000000000 4 85
0.000000000 391 6
0.000000000 3376 87
0.000000000 17 49
0.000000000 14 185
0.000000000 2 189
0.000000000 3213 110
0.000000000 14 166
0.000000000 90 46
0.000000000 353 60
0.000000000 3 180
0.000000000 26 125
0.000000000 299 84
0.000000000 5 68
0.000000000 1 168
0.000000000 156 176
0.000000000 611 152
0.000000000 1351 127
0.000000000 3748 23
0.000000000 13 95
0.000000000 210 15
0.000000000 22 75
0.000000000 2886 70
0.000000000 2 193
0.000000000 91 68
0.000000000 1 64
0.000000000 3 26
0.000000000 996 94
0.000000000 341 199
0.000000000 1011 107
0.000000000 6 151
0.000000000 9 170
0.000000000 9 193
0.000000000 60 68
0.000000000 41 86
0.000000000 168 54
0.000000000 32 178
0.000000000 28 75
0.000000000 115 136
0.000000000 802 31
0.000000000 27 56
0.000000000 10 51
0.000000000 3 73
0.000000000 9 62
0.000000000 43 148
0.000000000 12 178
0.000000000 16 53
0.000000000 1406 84
0.000000000 1 91
0.000000000 1 120
0.000000000 674 106
0.000000000 8 137
0.000000000 52 116
0.000000000 92 81
0.000000000 5 84
0.000000000 12 53
0.000000000 64 93
0.000000000 4040 157
0.000000000 1 183
0.000000000 14 136
0.000000000 464 60
0.000000000 24 83
0.000000000 1 200
0.000000000 65 79
0.000000000 1 56
0.000000000 1222 115
0.000000000 141 79
0.000000000 255 188
0.000000000 4 171
0.000000000 1 104
0.000000000 32 163
0.000000000 5 161
0.000000000 27 57
0.000000000 18 199
0.000000000 2 46
0.000000000 1001 171
0.000000000 362 47
0.000000000 1 71
0.000000000 3 155
0.000000000 23 161
0.000000000 8 63
0.000000000 4 188
0.000000000 1 160
0.000000000 165 176
0.000000000 180 172
0.000000000 1 9
0.000000000 20 5
0.000000000 7 21
0.000000000 1106 94
0.000000000 30 96
0.000000000 307 133
0.000000000 26 111
0.000000000 3661 91
0.000000000 1361 185
0.000000000 16 15
0.000000000 100 26
0.000000000 2638 6
0.000000000 769 49
0.000000000 10 179
0.000000000 10 128
0.000000000 843 171
0.000000000 1121 31
0.000000000 608 67
0.000000000 20 191
0.000000000 1269 105
0.000000000 66 60
0.000000000 177 140
0.000000000 7 175
0.000000000 234 155
0.000000000 1 17
0.000000000 4 129
0.000000000 3219 112
0.000000000 39 87
0.000000000 238 156
0.000000000 2 1
0.000000000 179 35
0.000000000 2483 91
0.000000000 81 161
0.000000000 1 103
0.000000000 385 71
0.000000000 123 26
0.000000000 161 124
0.000000000 15 42
0.000000000 13 104
0.000000000 3 42
0.000000000 6 165
0.000000000 399 13
0.000000000 4 49
0.000000000 55 4
0.000000000 15 46
0.000000000 1 114
0.000000000 47 107
0.000000000 49 183
0.000000000 122 81
0.000000000 7 149
0.000000000 611 74
0.000000000 149 83
0.000000000 23 18
0.000000000 1 197
0.000000000 70 144
0.000000000 232 71
0.000000000 150 35
0.000000000 331 165
0.000000000 1 23
0.000000000 2 29
0.000000000 1227 53
0.000000000 1785 66
0.000000000 107 108
0.000000000 23 161
0.000000000 543 3
0.000000000 5 69
0.000000000 1 12
0.000000000 1540 65
0.000000000 134 73
0.000000000 26 106
0.000000000 1 158
0.000000000 569 146
0.000000000 315 112
0.000000000 1843 92
0.000000000 82 15
0.000000000 146 139
0.000000000 120 141
0.000000000 598 100
0.000000000 2 154
0.000000000 5 117
0.000000000 7 2
0.000000000 2 6
0.000000000 1 69
0.000000000 2 82
0.000000000 104 47
0.000000000 3 2
0.000000000 357 92
0.000000000 267 84
0.000000000 895 159
0.000000000 2 157
0.000000000 11 151
0.000000000 2 17
0.000000000 19 77
0.000000000 2919 110
0.000000000 182 109
0.000000000 752 129
0.000000000 11 194
0.000000000 1 84
0.000000000 1592 49
0.000000000 3426 38
0.000000000 2 144
0.000000000 34 141
0.000000000 8 81
0.000000000 10 161
0.000000000 10 10
0.000000000 3265 9
0.000000000 149 5
0.000000000 15 190
0.000000000 2 79
0.000000000 49 104
0.000000000 111 34
0.000000000 56 20
0.000000000 61 97
0.000000000 2 65
0.000000000 923 181
0.000000000 12 184
0.000000000 6 162
0.000000000 3 135
0.000000000 103 25
0.000000000 2592 186
0.000000000 18 126
0.000000000 19 106
0.000000000 2 166
0.000000000 1153 25
0.000000000 52 176
0.000000000 40 82
0.000000000 2 117
0.000000000 968 126
0.000000000 118 28
0.000000000 78 95
0.000000000 201 43
0.000000000 531 33
0.000000000 8 179
0.000000000 1173 143
0.000000000 9 166
0.000000000 1370 75
0.000000000 8 164
0.000000000 2 90
0.000000000 132 122
0.000000000 182 26
0.000000000 18 102
0.000000000 177 49
0.000000000 3 102
0.000000000 1077 167
0.000000000 6 181
0.000000000 1 3
0.000000000 905 165
0.000000000 1 9
0.000000000 4 113
0.000000000 1365 129
0.000000000 11 18
0.000000000 358 47
0.000000000 16 113
0.000000000 1237 80
0.000000000 12 33
0.000000000 222 83
0.000000000 296 2
0.000000000 149 75
0.000000000 600 71
0.000000000 604 33
0.000000000 1 185
0.000000000 15 104
0.000000000 5 188
0.000000000 20 59
0.000000000 761 30
0.000000000 7 194
0.000000000 2360 182
0.000000000 1624 189
0.000000000 76 84
0.000000000 1 6
0.000000000 19 75
0.000000000 29 71
0.000000000 784 89
0.000000000 10 9
0.000000000 718 19
0.000000000 16 98
0.000000000 14 106
0.000000000 290 141
0.000000000 1829 144
0.000000000 355 92
0.000000000 4 34
0.000000000 222 46
0.000000000 67 17
0.000000000 5 94
0.000000000 10 150
0.000000000 518 14
0.000000000 16 89
0.000000000 51 131
0.000000000 35 149
0.000000000 4 42
0.000000000 44 111
0.000000000 1421 27
0.000000000 728 62
0.000000000 6 137
0.000000000 3215 138
0.000000000 1077 52
0.000000000 603 189
0.000000000 302 170
0.000000000 3497 30
0.000000000 124 102
0.000000000 1267 28
0.000000000 413 75
0.000000000 161 106
0.000000000 232 200
0.000000000 968 17
0.000000000 2 166
0.000000000 59 12
0.000000000 2939 166
0.000000000 328 98
0.000000000 767 85
0.000000000 1 187
0.000000000 1 121
0.000000000 1 118
0.000000000 64 55
0.000000000 3120 39
0.000000000 133 190
0.000000000 256 134
0.000000000 193 79
0.000000000 153 111
0.000000000 1 177
0.000000000 215 35
0.000000000 2 56
0.000000000 6 50
0.000000000 170 197
0.000000000 75 181
0.000000000 2000 174
0.000000000 9 111
0.000000000 1 102
0.000000000 1441 181
0.000000000 3 154
0.000000000 12 35
0.000000000 1 136
0.000000000 65 81
0.000000000 291 183
0.000000000 155 19
0.000000000 322 128
0.000000000 2884 194
0.000000000 1 181
0.000000000 7 86
0.000000000 3 111
0.000000000 81 109
0.000000000 7 23
0.000000000 54 126
0.000000000 4 43
0.000000000 1 199
0.000000000 155 18
0.000000000 746 177
0.000000000 2 27
0.000000000 5 84
0.000000000 600 134
0.000000000 203 117
0.000000000 181 175
0.000000000 1586 135
0.000000000 10 72
0.000000000 15 49
0.000000000 3 85
0.000000000 4 51
0.000000000 2 160
0.000000000 3837 63
0.000000000 19 83
0.000000000 835 67
0.000000000 2 113
0.000000000 17 49
0.000000000 283 89
0.000000000 3 194
0.000000000 124 82
0.000000000 4 4
0.000000000 705 196
0.000000000 2521 126
0.000000000 256 139
0.000000000 247 118
0.000000000 849 83
0.000000000 71 158
0.000000000 13 107
0.000000000 2 148
0.000000000 7 190
0.000000000 18 51
0.000000000 257 67
0.000000000 1 148
0.000000000 1240 55
0.000000000 7 178
0.000000000 92 126
0.000000000 803 109
0.000000000 2 112
0.000000000 2 104
0.000000000 7 35
0.000000000 123 43
0.000000000 24 19
0.000000000 11 127
0.000000000 199 120
0.000000000 25 164
0.000000000 50 90
0.000000000 536 165
0.000000000 10 122
0.000000000 102 78
0.000000000 414 152
0.000000000 518 168
0.000000000 2645 33
0.000000000 2 142
0.000000000 1 98
0.000000000 116 89
0.000000000 1189 3
0.000000000 2754 147
0.000000000 2380 7
0.000000000 777 85
0.000000000 4 156
0.000000000 78 145
0.000000000 4 1
0.000000000 2129 69
0.000000000 19 60
0.000000000 12 125
0.000000000 54 97
0.000000000 211 19
0.000000000 371 127
0.000000000 279 107
0.000000000 1159 181
0.000000000 1 71
0.000000000 352 109
0.000000000 1039 165
0.000000000 399 68
0.000000000 493 103
0.000000000 38 5
0.000000000 1 151
0.000000000 1144 188
0.000000000 453 76
0.000000000 27 57
0.000000000 1 186
0.000000000 911 110
0.000000000 2590 167
0.000000000 64 11
0.000000000 399 13
0.000000000 10 98
0.000000000 1236 45
0.000000000 73 183
0.000000000 1 145
0.000000000 120 58
0.000000000 46 30
0.000000000 68 67
0.000000000 1932 77
0.000000000 3812 169
0.000000000 4 106
0.000000000 123 114
0.000000000 163 96
0.000000000 3103 178
0.000000000 8 47
0.000000000 8 103
0.000000000 153 157
0.000000000 14 56
0.000000000 1 109
0.000000000 2 40
0.000000000 3 89
0.000000000 395 124
0.000000000 1611 163
0.000000000 742 54
0.000000000 14 32
0.000000000 1227 138
0.000000000 5 36
0.000000000 152 190
0.000000000 484 113
0.000000000 1341 7
0.000000000 8 134
0.000000000 85 54
0.000000000 1511 69
0.000000000 310 128
0.000000000 194 17
0.000000000 1 147
0.000000000 16 5
0.000000000 77 150
0.000000000 13 142
0.000000000 18 99
0.000000000 2 137
0.000000000 9 15
0.000000000 51 49
0.000000000 2 110
0.000000000 508 122
0.000000000 554 16
0.000000000 1 119
0.000000000 204 47
0.000000000 99 23
0.000000000 2997 64
0.000000000 1 147
0.000000000 382 48
0.000000000 595 175
0.000000000 5 149
0.000000000 1566 113
0.000000000 39 141
0.000000000 2 16
0.000000000 1757 187
0.000000000 9 198
0.000000000 128 74
0.000000000 1 28
0.000000000 272 30
0.000000000 12 128
0.000000000 2371 57
0.000000000 2141 34
0.000000000 54 165
0.000000000 1 200
0.000000000 2 29
0.000000000 7 54
0.000000000 3 185
0.000000000 9 109
0.000000000 1 148
0.000000000 348 176
0.000000000 33 102
0.000000000 134 29
0.000000000 456 25
0.000000000 1 86
0.000000000 4061 147
0.000000000 2415 89
0.000000000 221 150
0.000000000 1 187
0.000000000 237 109
0.000000000 244 182
0.000000000 19 162
0.000000000 5 195
0.000000000 25 96
0.000000000 80 105
0.000000000 2 109
0.000000000 107 128
0.000000000 11 153
0.000000000 1311 28
0.000000000 4 11
0.000000000 1 168
0.000000000 4 41
0.000000000 58 123
0.000000000 8 136
0.000000000 16 64
0.000000000 580 85
0.000000000 2 189
0.000000000 43 92
0.000000000 2 57
0.000000000 1074 176
0.000000000 1 190
0.000000000 3433 110
0.000000000 4 117
0.000000000 8 186
0.000000000 6 146
0.000000000 10 71
0.000000000 1147 24
0.000000000 2631 119
0.000000000 206 134
0.000000000 20 80
0.000000000 29 4
0.000000000 890 119
0.000000000 1444 127
0.000000000 1271 164
0.000000000 183 164
0.000000000 81 161
0.000000000 3155 9
0.000000000 1 145
0.000000000 19 95
0.000000000 20 184
0.000000000 20 178
0.000000000 1500 39
0.000000000 5 161
0.000000000 11 82
0.000000000 1 108
0.000000000 27 52
0.000000000 17 3
0.000000000 2842 73
0.000000000 1681 45
0.000000000 7 166
0.000000000 2322 15
0.000000000 340 79
0.000000000 91 39
0.000000000 832 172
0.000000000 461 79
0.000000000 79 91
0.000000000 1332 175
0.000000000 82 198
0.000000000 2365 114
0.000000000 10 26
0.000000000 1366 98
0.000000000 133 151
0.000000000 569 150
0.000000000 170 51
0.000000000 6 176
0.000000000 33 100
0.000000000 69 171
0.000000000 1 61
0.000000000 24 100
0.000000000 3202 82
0.000000000 2 96
0.000000000 76 43
0.000000000 1279 92
0.000000000 150 112
0.000000000 15 93
0.000000000 185 100
0.000000000 6 53
0.000000000 139 185
0.000000000 3926 76
0.000000000 22 185
0.000000000 33 115
0.000000000 17 112
0.000000000 8 85
0.000000000 6 117
0.000000000 29 89
0.000000000 2015 2
0.000000000 2 1
0.000000000 445 110
0.000000000 3 54
0.000000000 65 128
0.000000000 30 113
0.000000000 536 149
0.000000000 1 138
0.000000000 6 141
0.000000000 8 97
0.000000000 3 185
0.000000000 162 73
0.000000000 7 113
0.000000000 9 41
0.000000000 20 48
0.000000000 81 137
0.000000000 46 184
0.000000000 62 102
0.000000000 1261 136
0.000000000 367 49
0.000000000 1927 150
0.000000000 814 147
0.000000000 419 136
0.000000000 13 70
0.000000000 4 15
0.000000000 3798 156
0.000000000 1697 177
0.000000000 97 82
0.000000000 36 74
0.000000000 10 181
0.000000000 1 74
0.000000000 1978 115
0.000000000 598 21
0.000000000 34 189
0.000000000 102 106
0.000000000 46 158
0.000000000 277 90
0.000000000 13 99
0.000000000 87 180
0.000000000 5 161
0.000000000 704 43
0.000000000 62 90
0.000000000 3 141
0.000000000 346 47
0.000000000 7 27
0.000000000 7 143
0.000000000 11 16
0.000000000 29 155
0.000000000 24 50
0.000000000 621 138
0.000000000 206 196
0.000000000 168 33
0.000000000 1 14
0.000000000 9 53
0.000000000 3304 96
0.000000000 3 60
0.000000000 227 127
0.000000000 1 133
0.000000000 3109 124
0.000000000 517 37
0.000000000 1864 24
0.000000000 5 56
0.000000000 6 40
0.000000000 3340 85
0.000000000 36 14
0.000000000 23 75
0.000000000 1234 80
0.000000000 8 117
0.000000000 477 41
0.000000000 24 84
0.000000000 421 110
0.000000000 1293 69
0.000000000 13 43
0.000000000 12 63
0.000000000 466 195
0.000000000 16 191
0.000000000 1 139
0.000000000 2 4
0.000000000 1 111
0.000000000 134 42
0.000000000 143 65
0.000000000 616 156
0.000000000 1045 87
0.000000000 32 140
0.000000000 1 142
0.000000000 22 14
0.000000000 18 116
0.000000000 2 57
0.000000000 4 69
0.000000000 6 35
0.000000000 90 5
0.000000000 86 10
0.000000000 21 19
0.000000000 841 74
0.000000000 2454 173
0.000000000 1754 154
0.000000000 1 154
0.000000000 41 128
0.000000000 1 74
0.000000000 1 145
0.000000000 542 138
0.000000000 12 179
0.000000000 1294 198
0.000000000 4 108
0.000000000 1 9
0.000000000 2420 69
0.000000000 66 84
0.000000000 200 51
0.000000000 98 193
0.000000000 1 29
0.000000000 18 115
0.000000000 609 51
0.000000000 3609 48
0.000000000 55 116
0.000000000 317 138
0.000000000 72 142
0.000000000 49 69
0.000000000 3310 143
0.000000000 89 117
0.000000000 8 17
0.000000000 20 15
0.000000000 7 164
0.000000000 232 27
0.000000000 2125 98
0.000000000 1341 139
0.000000000 9 140
0.000000000 286 199
0.000000000 2 78
0.000000000 1 90
0.000000000 24 125
0.000000000 18 80
0.000000000 1415 200
0.000000000 4 49
0.000000000 87 99
0.000000000 12 114
0.000000000 1217 48
0.000000000 3 106
0.000000000 2 38
0.000000000 91 125
0.000000000 7 164
0.000000000 3 169
0.000000000 2 192
0.000000000 28 195
0.000000000 1374 91
0.000000000 16 167
0.000000000 1 106
0.000000000 971 152
0.000000000 431 79
0.000000000 994 101
0.000000000 3 197
0.000000000 13 33
0.000000000 17 143
0.000000000 47 16
0.000000000 85 176
0.000000000 20 102
0.000000000 7 112
0.000000000 386 39
0.000000000 3472 159
0.000000000 3003 15
0.000000000 365 108
0.000000000 7 35
0.000000000 30 90
0.000000000 1509 150
0.000000000 3556 12
0.000000000 12 12
0.000000000 278 99
0.000000000 7 62
0.000000000 9 136
0.000000000 138 99
0.000000000 1 195
0.000000000 34 79
0.000000000 26 53
0.000000000 16 173
0.000000000 4 177
0.000000000 5 158
0.000000000 19 113
0.000000000 436 150
0.000000000 78 77
0.000000000 602 107
0.000000000 30 183
0.000000000 2 81
0.000000000 3 9
0.000000000 10 18
0.000000000 4 74
0.000000000 1670 160
0.000000000 12 88
0.000000000 1 122
0.000000000 5 80
0.000000000 62 89
0.000000000 3 151
0.000000000 1 53
0.000000000 111 112
0.000000000 91 13
0.000000000 452 138
0.000000000 4011 159
0.000000000 3 75
0.000000000 283 41
0.000000000 1 6
0.000000000 58 120
0.000000000 3652 192
0.000000000 95 106
0.000000000 683 151
0.000000000 20 159
0.000000000 224 4
0.000000000 320 162
0.000000000 41 54
0.000000000 305 104
0.000000000 3 60
0.000000000 1 10
0.000000000 8 131
0.000000000 125 111
0.000000000 26 66
0.000000000 663 37
0.000000000 83 146
0.000000000 498 135
0.000000000 2194 191
0.000000000 3989 1
0.000000000 272 106
0.000000000 11 127
0.000000000 336 104
0.000000000 442 178
0.000000000 18 42
0.000000000 2 86
0.000000000 3 68
0.000000000 6 22
0.000000000 450 148
0.000000000 3 138
0.000000000 1 129
0.000000000 292 108
0.000000000 44 66
0.000000000 3 64
0.000000000 337 128
0.000000000 29 42
0.000000000 146 11
0.000000000 6 184
0.000000000 141 82
0.000000000 122 114
0.000000000 3 196
0.000000000 2 15
0.000000000 216 156
0.000000000 18 58
0.000000000 21 47
0.000000000 87 41
0.000000000 1 74
0.000000000 149 47
0.000000000 416 18
0.000000000 867 174
0.000000000 1 90
0.000000000 45 83
0.000000000 2377 109
0.000000000 3 98
0.000000000 2333 99
0.000000000 3 197
0.000000000 2 52
0.000000000 83 101
0.000000000 1 12
0.000000000 5 123
0.000000000 528 185
0.000000000 232 194
0.000000000 179 72
0.000000000 74 120
0.000000000 3618 189
0.000000000 4093 40
0.000000000 1 41
0.000000000 736 143
0.000000000 12 175
0.000000000 36 120
0.000000000 2456 14
0.000000000 2 95
0.000000000 6 70
0.000000000 1681 12
0.000000000 23 33
0.000000000 2 45
0.000000000 1426 77
0.000000000 6 28
0.000000000 431 14
0.000000000 154 51
0.000000000 14 58
0.000000000 54 159
0.000000000 36 175
0.000000000 785 65
0.000000000 185 133
0.000000000 91 191
0.000000000 928 96
0.000000000 622 56
0.000000000 575 191
0.000000000 10 169
0.000000000 19 37
0.000000000 4 91
0.000000000 37 92
0.000000000 351 68
0.000000000 1 198
0.000000000 142 132
0.000000000 68 109
0.000000000 3226 184
0.000000000 7 174
0.000000000 1 96
0.000000000 2 145
0.000000000 1708 27
0.000000000 8 47
0.000000000 13 178
0.000000000 288 160
0.000000000 75 63
0.000000000 1 107
0.000000000 247 101
0.000000000 8 98
0.000000000 4 53
0.000000000 24 110
0.000000000 1257 103
0.000000000 2 124
0.000000000 866 191
0.000000000 1 171
0.000000000 5 181
0.000000000 1 159
0.000000000 3 60
0.000000000 2862 34
0.000000000 13 81
0.000000000 26 45
0.000000000 9 81
0.000000000 8 156
0.000000000 3685 189
0.000000000 30 87
0.000000000 1 163
0.000000000 221 198
0.000000000 6 18
0.000000000 1 164
0.000000000 395 42
0.000000000 401 116
0.000000000 142 104
0.000000000 575 26
0.000000000 466 163
0.000000000 342 100
0.000000000 756 72
0.000000000 3 87
0.000000000 85 59
0.000000000 128 41
0.000000000 85 137
0.000000000 42 181
0.000000000 119 176
0.000000000 1075 158
0.000000000 3924 135
0.000000000 10 20
0.000000000 969 30
0.000000000 29 59
0.000000000 18 118
0.000000000 7 36
0.000000000 87 119
0.000000000 214 15
0.000000000 142 45
0.000000000 9 129
0.000000000 5 188
0.000000000 1 50
0.000000000 1 151
0.000000000 11 2
0.000000000 2 193
0.000000000 199 173
0.000000000 69 117
0.000000000 4 138
0.000000000 2402 72
0.000000000 5 175
0.000000000 331 43
0.000000000 16 57
0.000000000 1 144
0.000000000 3 107
0.000000000 152 94
0.000000000 1 138
0.000000000 13 7
0.000000000 81 173
0.000000000 8 6
0.000000000 10 190
0.000000000 1617 182
0.000000000 6 21
0.000000000 5 165
0.000000000 330 103
0.000000000 785 37
0.000000000 8 126
0.000000000 11 17
0.000000000 208 151
0.000000000 8 163
0.000000000 14 73
0.000000000 17 129
0.000000000 1213 40
0.000000000 462 15
0.000000000 506 48
0.000000000 48 186
0.000000000 100 32
0.000000000 7 56
0.000000000 322 17
0.000000000 31 19
0.000000000 12 88
0.000000000 4053 100
0.000000000 457 154
0.000000000 1055 11
0.000000000 11 117
0.000000000 700 54
0.000000000 14 77
0.000000000 10 117
0.000000000 3524 62
0.000000000 9 81
0.000000000 1515 70
0.000000000 1100 43
0.000000000 68 65
0.000000000 1 1
0.000000000 9 148
0.000000000 780 193
0.000000000 4 61
0.000000000 8 41
0.000000000 145 122
0.000000000 4 105
0.000000000 2607 168
0.000000000 21 2
0.000000000 11 117
0.000000000 3717 154
0.000000000 14 160
0.000000000 60 183
0.000000000 504 77
0.000000000 55 26
0.000000000 1 69
0.000000000 216 16
0.000000000 1 34
0.000000000 14 179
0.000000000 58 114
0.000000000 478 185
0.000000000 5 107
0.000000000 2 9
0.000000000 732 117
0.000000000 329 55
0.000000000 216 31
0.000000000 3358 30
0.000000000 2 138
0.000000000 1 23
0.000000000 15 138
0.000000000 3763 88
0.000000000 1 157
0.000000000 33 162
0.000000000 1 12
0.000000000 78 40
0.000000000 2569 74
0.000000000 496 16
0.000000000 3 78
0.000000000 34 72
0.000000000 46 134
0.000000000 31 173
0.000000000 3790 140
0.000000000 2 106
0.000000000 6 186
0.000000000 197 185
0.000000000 3395 192
0.000000000 52 134
0.000000000 3 14
0.000000000 13 106
0.000000000 687 118
0.000000000 56 2
0.000000000 25 160
0.000000000 37 44
0.000000000 1639 174
0.000000000 553 168
0.000000000 268 66
0.000000000 13 93
0.000000000 556 99
0.000000000 151 7
0.000000000 5 88
0.000000000 51 150
0.000000000 7 71
0.000000000 647 63
0.000000000 100 194
0.000000000 1 58
0.000000000 13 3
0.000000000 13 179
0.000000000 1 39
0.000000000 13 79
0.000000000 2737 93
0.000000000 9 86
0.000000000 2334 197
0.000000000 4 133
0.000000000 3781 12
0.000000000 115 181
0.000000000 871 45
0.000000000 1436 166
0.000000000 14 109
0.000000000 96 23
0.000000000 1 181
0.000000000 5 146
0.000000000 1 162
0.000000000 565 36
0.000000000 112 4
0.000000000 9 15
0.000000000 2680 27
0.000000000 124 69
0.000000000 1138 111
0.000000000 1 146
0.000000000 1 35
0.000000000 11 170
0.000000000 1 46
0.000000000 761 38
0.000000000 164 65
0.000000000 575 89
0.000000000 152 67
0.000000000 2225 175
0.000000000 15 155
0.000000000 4 140
0.000000000 6 163
0.000000000 828 46
0.000000000 3 167
0.000000000 1057 68
0.000000000 13 103
0.000000000 87 172
0.000000000 1506 122
0.000000000 140 109
0.000000000 15 194
0.000000000 1187 125
0.000000000 2650 192
0.000000000 3503 199
0.000000000 59 108
0.000000000 31 37
0.000000000 3 190
0.000000000 304 107
0.000000000 1 105
0.000000000 840 73
0.000000000 3 88
0.000000000 2707 113
0.000000000 3 36
0.000000000 1 43
0.000000000 1 134
0.000000000 9 27
0.000000000 922 39
0.000000000 71 4
0.000000000 25 174
0.000000000 58 63
0.000000000 3 39
0.000000000 324 25
0.000000000 13 31
0.000000000 4 65
0.000000000 2454 106
0.000000000 2758 158
0.000000000 74 69
0.000000000 2752 91
0.000000000 80 181
0.000000000 7 134
0.000000000 2997 181
0.000000000 5 65
0.000000000 36 14
0.000000000 19 127
0.000000000 1339 46
0.000000000 10 2
0.000000000 42 161
0.000000000 29 58
0.000000000 203 71
0.000000000 2379 181
0.000000000 2 156
0.000000000 1316 32
0.000000000 21 174
0.000000000 6 74
0.000000000 2 104
0.000000000 1150 8
0.000000000 375 1
0.000000000 542 162
0.000000000 153 111
0.000000000 64 8
0.000000000 9 92
0.000000000 902 171
0.000000000 14 171
0.000000000 128 125
0.000000000 1104 26
0.000000000 2 160
0.000000000 830 19
0.000000000 7 115
0.000000000 1 169
0.000000000 103 36
0.000000000 2092 58
0.000000000 241 37
0.000000000 174 110
0.000000000 352 163
0.000000000 11 123
0.000000000 3 147
0.000000000 771 138
