8 4.378924913 0.055477156 2.984966954 25.761035835 52
42.247761615 114.421017558 3.590467873 0.046277153 51784.421216410 0.500000000 0.500000000
21
1 0.491480101 3.763658158 0.213903099 0.667098010 6.753585341 0.433056649
2 0.506424051 3.797973749 0.233373202 0.672276062 6.802698967 0.437159025
4 0.536311950 3.866604931 0.272313408 -1.000000000 6.900926219 0.445363777
8 0.596087749 4.003867296 0.350193819 0.703344370 7.097380722 0.461773282
16 0.715639347 4.278392025 -1.000000000 0.744768782 7.490289729 0.494592291
32 0.954742543 4.827441482 0.817476288 0.827617605 8.276107743 0.560230310
64 1.432948934 5.925540397 -1.000000000 0.993315251 9.847743770 0.691506347
128 -1.000000000 8.121738227 2.686606162 1.324710543 12.991015825 0.954058421
256 4.302187283 12.514133887 5.178779328 1.987501126 19.277559935 1.479162569
512 8.127838414 21.298925207 10.163125660 3.313082294 31.850648154 2.529370864
801 12.446639887 31.216131033 15.789985385 4.809539158 46.044486027 3.714957573
1024 15.779140677 38.868507846 20.131818323 5.964244628 56.996824593 4.629787456
1177 18.065564986 -1.000000000 -1.000000000 6.756486498 64.511209350 5.257451008
1198 18.379387931 44.839420696 -1.000000000 6.865225578 -1.000000000 5.343600907
2048 31.081745203 74.007673126 40.069203649 11.266569298 -1.000000000 8.830620640
2338 35.415490626 83.959194543 45.715533478 -1.000000000 121.532128970 10.020309725
2403 36.386847358 86.189707964 46.981090163 13.104777558 124.724514651 10.286964175
2783 42.065548257 99.229632579 54.379729249 15.072437103 143.387692477 11.845867114
2814 42.528810698 100.293415903 54.983302438 15.232956697 144.910214878 11.973040775
3996 60.192559282 140.854444575 77.996964015 -1.000000000 202.962520642 16.822049391
4096 61.686954255 144.286003684 79.943974301 21.871218637 207.873883228 17.232287006
2000
0.000000000 42 17
0.000000000 1276 45
0.000000000 3305 155
0.000000000 54 132
0.000000000 31 56
0.000000000 5 62
0.000000000 38 129
0.000000000 1 11
0.000000000 2 166
0.000000000 1 143
0.000000000 71 112
0.000000000 1500 192
0.000000000 2263 108
0.000000000 214 35
0.000000000 38 101
0.000000000 39 78
0.000000000 1 62
0.000000000 2 62
0.000000000 968 97
0.000000000 63 138
0.000000000 56 116
0.000000000 1 122
0.000000000 131 24
0.000000000 116 104
0.000000000 20 28
0.000000000 54 28
0.000000000 343 123
0.000000000 336 45
0.000000000 1 123
0.000000000 54 4
0.000000000 494 77
0.000000000 141 167
0.000000000 10 122
0.000000000 4 189
0.000000000 62 145
0.000000000 381 110
0.000000000 16 34
0.000000000 26 52
0.000000000 871 169
0.000000000 8 153
0.000000000 15 120
0.000000000 3606 31
0.000000000 38 24
0.000000000 28 171
0.000000000 3 95
0.000000000 21 51
0.000000000 4 88
0.000000000 2646 132
0.000000000 178 1
0.000000000 1775 118
0.000000000 29 37
0.000000000 508 166
0.000000000 9 50
0.000000000 1 89
0.000000000 8 2
0.000000000 2 151
0.000000000 3 40
0.000000000 2 36
0.000000000 4 19
0.000000000 3 136
0.000000000 6 3
0.000000000 43 40
0.000000000 7 8
0.000000000 114 70
0.000000000 1 133
0.000000000 376 1
0.000000000 13 5
0.000000000 341 14
0.000000000 691 178
0.000000000 306 115
0.000000000 650 81
0.000000000 15 69
0.000000000 36 187
0.000000000 1 103
0.000000000 3566 157
0.000000000 767 105
0.000000000 404 176
0.000000000 3774 4
0.000000000 1313 168
0.000000000 90 73
0.000000000 205 178
0.000000000 66 52
0.000000000 86 196
0.000000000 3 194
0.000000000 27 75
0.000000000 2205 126
0.000000000 26 139
0.000000000 36 68
0.000000000 1 95
0.000000000 64 153
0.000000000 4 182
0.000000000 2 4
0.000000000 227 49
0.000000000 8 44
0.000000000 3873 98
0.000000000 33 99
0.000000000 64 144
0.000000000 1 120
0.000000000 23 128
0.000000000 453 31
0.000000000 395 28
0.000000000 459 34
0.000000000 66 110
0.000000000 767 16
0.000000000 16 79
0.000000000 351 170
0.000000000 10 112
0.000000000 61 134
0.000000000 31 50
0.000000000 8 168
0.000000000 97 58
0.000000000 928 103
0.000000000 744 42
0.000000000 69 113
0.000000000 2 191
0.000000000 1 20
0.000000000 1739 191
0.000000000 2 178
0.000000000 1296 81
0.000000000 3795 9
0.000000000 93 31
0.000000000 4 160
0.000000000 29 96
0.000000000 7 128
0.000000000 244 64
0.000000000 1625 115
0.000000000 26 183
0.000000000 3182 35
0.000000000 112 147
0.000000000 10 13
0.000000000 31 102
0.000000000 549 186
0.000000000 1 170
0.000000000 9 150
0.000000000 25 149
0.000000000 1908 185
0.000000000 60 82
0.000000000 27 175
0.000000000 981 75
0.000000000 101 25
0.000000000 2038 23
0.000000000 1338 177
0.000000000 496 54
0.000000000 1 6
0.000000000 1293 43
0.000000000 98 130
0.000000000 278 8
0.000000000 75 56
0.000000000 705 177
0.000000000 396 196
0.000000000 28 25
0.000000000 1723 133
0.000000000 4 73
0.000000000 47 183
0.000000000 10 176
0.000000000 5 186
0.000000000 826 90
0.000000000 1 108
0.000000000 46 114
0.000000000 2 84
0.000000000 1115 176
0.000000000 3014 176
0.000000000 3 100
0.000000000 123 73
0.000000000 1 149
0.000000000 96 196
0.000000000 23 10
0.000000000 2121 125
0.000000000 1108 105
0.000000000 4 64
0.000000000 4 147
0.000000000 2 55
0.000000000 1 31
0.000000000 802 48
0.000000000 344 106
0.000000000 1476 27
0.000000000 1354 92
0.000000000 1 193
0.000000000 50 133
0.000000000 34 158
0.000000000 1 23
0.000000000 3 101
0.000000000 533 164
0.000000000 3 142
0.000000000 46 168
0.000000000 82 134
0.000000000 18 154
0.000000000 5 101
0.000000000 586 63
0.000000000 1 73
0.000000000 1 10
0.000000000 11 182
0.000000000 9 100
0.000000000 9 97
0.000000000 15 130
0.000000000 13 69
0.000000000 66 14
0.000000000 3032 192
0.000000000 1507 40
0.000000000 83 101
0.000000000 3 51
0.000000000 14 104
0.000000000 931 109
0.000000000 80 48
0.000000000 3667 17
0.000000000 5 54
0.000000000 229 59
0.000000000 17 150
0.000000000 897 132
0.000000000 194 139
0.000000000 1 21
0.000000000 8 78
0.000000000 1 191
0.000000000 507 193
0.000000000 2952 167
0.000000000 2 171
0.000000000 47 196
0.000000000 111 129
0.000000000 2036 108
0.000000000 7 155
0.000000000 2 24
0.000000000 284 8
0.000000000 1836 145
0.000000000 1 60
0.000000000 76 103
0.000000000 10 149
0.000000000 727 191
0.000000000 2078 1
0.000000000 144 22
0.000000000 4 83
0.000000000 57 163
0.000000000 9 118
0.000000000 6 87
0.000000000 13 81
0.000000000 15 28
0.000000000 33 1
0.000000000 1221 143
0.000000000 53 52
0.000000000 186 119
0.000000000 2005 96
0.000000000 2 134
0.000000000 24 103
0.000000000 1462 52
0.000000000 3229 64
0.000000000 654 126
0.000000000 85 71
0.000000000 1 36
0.000000000 11 158
0.000000000 3 80
0.000000000 3 131
0.000000000 81 182
0.000000000 3 33
0.000000000 249 178
0.000000000 1 49
0.000000000 45 124
0.000000000 177 53
0.000000000 27 91
0.000000000 159 42
0.000000000 426 96
0.000000000 1143 29
0.000000000 211 61
0.000000000 1438 146
0.000000000 205 100
0.000000000 3107 158
0.000000000 23 117
0.000000000 130 82
0.000000000 553 30
0.000000000 1428 118
0.000000000 53 184
0.000000000 38 102
0.000000000 1 129
0.000000000 7 3
0.000000000 3950 2
0.000000000 1 195
0.000000000 206 77
0.000000000 233 129
0.000000000 2732 3
0.000000000 89 160
0.000000000 13 94
0.000000000 138 140
0.000000000 68 160
0.000000000 1 79
0.000000000 29 112
0.000000000 5 189
0.000000000 175 178
0.000000000 29 33
0.000000000 1516 162
0.000000000 1 67
0.000000000 130 14
0.000000000 133 5
0.000000000 12 140
0.000000000 79 196
0.000000000 30 111
0.000000000 2438 83
0.000000000 503 123
0.000000000 2736 79
0.000000000 21 54
0.000000000 19 82
0.000000000 1 72
0.000000000 383 137
0.000000000 2 2
0.000000000 30 81
0.000000000 5 5
0.000000000 255 129
0.000000000 5 191
0.000000000 33 24
0.000000000 10 6
0.000000000 9 45
0.000000000 53 198
0.000000000 16 190
0.000000000 10 144
0.000000000 136 147
0.000000000 271 124
0.000000000 58 188
0.000000000 28 169
0.000000000 87 57
0.000000000 571 167
0.000000000 5 125
0.000000000 6 63
0.000000000 608 175
0.000000000 4 28
0.000000000 2 194
0.000000000 1134 73
0.000000000 401 191
0.000000000 1 18
0.000000000 77 19
0.000000000 5 143
0.000000000 5 21
0.000000000 3847 4
0.000000000 44 170
0.000000000 13 66
0.000000000 564 125
0.000000000 2 93
0.000000000 2 44
0.000000000 979 21
0.000000000 50 172
0.000000000 223 145
0.000000000 368 89
0.000000000 54 166
0.000000000 1136 176
0.000000000 2999 50
0.000000000 6 17
0.000000000 942 164
0.000000000 1147 171
0.000000000 44 14
0.000000000 21 169
0.000000000 1 162
0.000000000 428 171
0.000000000 14 166
0.000000000 12 37
0.000000000 62 99
0.000000000 84 45
0.000000000 3602 85
0.000000000 5 161
0.000000000 27 105
0.000000000 9 188
0.000000000 3 182
0.000000000 41 140
0.000000000 8 195
0.000000000 193 87
0.000000000 2 171
0.000000000 1 199
0.000000000 3019 199
0.000000000 757 5
0.000000000 2 62
0.000000000 52 188
0.000000000 17 1
0.000000000 5 135
0.000000000 1008 195
0.000000000 5 118
0.000000000 2 153
0.000000000 77 175
0.000000000 2466 77
0.000000000 1 95
0.000000000 325 44
0.000000000 321 137
0.000000000 733 181
0.000000000 1523 82
0.000000000 10 174
0.000000000 2 116
0.000000000 2406 30
0.000000000 3351 24
0.000000000 1454 195
0.000000000 8 20
0.000000000 244 162
0.000000000 10 130
0.000000000 310 46
0.000000000 15 49
0.000000000 44 117
0.000000000 3 4
0.000000000 6 120
0.000000000 63 153
0.000000000 920 195
0.000000000 3 171
0.000000000 1 82
0.000000000 27 118
0.000000000 7 181
0.000000000 16 106
0.000000000 2416 152
0.000000000 16 65
0.000000000 33 128
0.000000000 12 131
0.000000000 33 134
0.000000000 51 18
0.000000000 33 4
0.000000000 1 190
0.000000000 331 1
0.000000000 15 186
0.000000000 381 130
0.000000000 322 130
0.000000000 257 47
0.000000000 4 162
0.000000000 1882 97
0.000000000 11 108
0.000000000 113 110
0.000000000 459 38
0.000000000 5 76
0.000000000 1 89
0.000000000 13 50
0.000000000 1 138
0.000000000 4 152
0.000000000 427 53
0.000000000 27 92
0.000000000 3608 121
0.000000000 611 144
0.000000000 37 146
0.000000000 113 180
0.000000000 1 123
0.000000000 3543 139
0.000000000 475 199
0.000000000 54 150
0.000000000 35 3
0.000000000 1399 96
0.000000000 20 140
0.000000000 43 179
0.000000000 8 196
0.000000000 103 172
0.000000000 3909 159
0.000000000 13 90
0.000000000 88 181
0.000000000 11 48
0.000000000 492 120
0.000000000 6 89
0.000000000 10 175
0.000000000 319 127
0.000000000 2844 166
0.000000000 2 28
0.000000000 342 156
0.000000000 154 40
0.000000000 427 96
0.000000000 1674 9
0.000000000 4 135
0.000000000 2490 70
0.000000000 25 64
0.000000000 2 41
0.000000000 544 7
0.000000000 399 153
0.000000000 11 173
0.000000000 8 5
0.000000000 5 182
0.000000000 2 168
0.000000000 1 13
0.000000000 190 97
0.000000000 8 86
0.000000000 900 155
0.000000000 3 124
0.000000000 139 91
0.000000000 3230 9
0.000000000 1 102
0.000000000 5 180
0.000000000 1 145
0.000000000 2 140
0.000000000 887 120
0.000000000 270 166
0.000000000 52 144
0.000000000 10 4
0.000000000 715 19
0.000000000 4 95
0.000000000 47 142
0.000000000 61 63
0.000000000 1644 57
0.000000000 56 178
0.000000000 16 32
0.000000000 473 171
0.000000000 107 163
0.000000000 3 8
0.000000000 2336 161
0.000000000 343 67
0.000000000 1 49
0.000000000 8 108
0.000000000 14 45
0.000000000 20 93
0.000000000 1 152
0.000000000 335 171
0.000000000 2 149
0.000000000 1554 173
0.000000000 2871 161
0.000000000 60 94
0.000000000 59 173
0.000000000 15 87
0.000000000 112 152
0.000000000 5 155
0.000000000 7 90
0.000000000 3 62
0.000000000 1 7
0.000000000 26 188
0.000000000 1 115
0.000000000 5 95
0.000000000 158 149
0.000000000 1 39
0.000000000 297 105
0.000000000 3 131
0.000000000 116 189
0.000000000 1386 177
0.000000000 3 141
0.000000000 374 1
0.000000000 137 173
0.000000000 71 88
0.000000000 58 30
0.000000000 61 20
0.000000000 651 126
0.000000000 124 60
0.000000000 3338 100
0.000000000 1039 162
0.000000000 5 35
0.000000000 278 11
0.000000000 312 61
0.000000000 1610 1
0.000000000 26 39
0.000000000 3 191
0.000000000 89 36
0.000000000 2 13
0.000000000 2945 153
0.000000000 2284 52
0.000000000 2395 151
0.000000000 1 146
0.000000000 10 131
0.000000000 13 120
0.000000000 2112 60
0.000000000 3614 25
0.000000000 203 25
0.000000000 985 126
0.000000000 39 123
0.000000000 63 27
0.000000000 19 72
0.000000000 20 140
0.000000000 13 127
0.000000000 19 162
0.000000000 10 170
0.000000000 4 102
0.000000000 1309 28
0.000000000 486 13
0.000000000 10 60
0.000000000 20 197
0.000000000 2507 11
0.000000000 8 2
0.000000000 574 126
0.000000000 3 141
0.000000000 2862 145
0.000000000 1454 4
0.000000000 25 126
0.000000000 8 145
0.000000000 1580 110
0.000000000 197 78
0.000000000 102 62
0.000000000 745 26
0.000000000 28 84
0.000000000 504 117
0.000000000 12 183
0.000000000 94 138
0.000000000 134 24
0.000000000 5 100
0.000000000 48 67
0.000000000 1804 182
0.000000000 69 50
0.000000000 207 11
0.000000000 13 170
0.000000000 147 18
0.000000000 59 95
0.000000000 2 26
0.000000000 1 108
0.000000000 90 82
0.000000000 8 105
0.000000000 355 122
0.000000000 221 73
0.000000000 37 171
0.000000000 916 116
0.000000000 42 142
0.000000000 37 193
0.000000000 251 179
0.000000000 845 18
0.000000000 4 150
0.000000000 1 48
0.000000000 1153 109
0.000000000 6 54
0.000000000 1 103
0.000000000 2382 21
0.000000000 52 92
0.000000000 1 185
0.000000000 2 13
0.000000000 1 176
0.000000000 8 151
0.000000000 1 102
0.000000000 1 69
0.000000000 214 184
0.000000000 40 162
0.000000000 3350 118
0.000000000 453 24
0.000000000 981 145
0.000000000 6 7
0.000000000 660 131
0.000000000 59 38
0.000000000 11 6
0.000000000 17 190
0.000000000 222 178
0.000000000 647 113
0.000000000 1276 39
0.000000000 358 85
0.000000000 12 44
0.000000000 5 100
0.000000000 1 104
0.000000000 7 75
0.000000000 1094 175
0.000000000 9 17
0.000000000 12 46
0.000000000 102 132
0.000000000 1 186
0.000000000 615 34
0.000000000 4 1
0.000000000 1321 132
0.000000000 17 54
0.000000000 19 197
0.000000000 165 86
0.000000000 236 56
0.000000000 2 162
0.000000000 326 33
0.000000000 82 83
0.000000000 1 102
0.000000000 5 129
0.000000000 2396 151
0.000000000 264 174
0.000000000 854 157
0.000000000 237 6
0.000000000 106 8
0.000000000 154 94
0.000000000 955 19
0.000000000 602 97
0.000000000 1 37
0.000000000 348 65
0.000000000 926 13
0.000000000 2621 38
0.000000000 1326 32
0.000000000 275 132
0.000000000 1490 169
0.000000000 9 23
0.000000000 387 167
0.000000000 3621 120
0.000000000 2 47
0.000000000 252 151
0.000000000 1 187
0.000000000 55 71
0.000000000 77 155
0.000000000 4 81
0.000000000 3603 62
0.000000000 28 26
0.000000000 171 55
0.000000000 224 67
0.000000000 715 134
0.000000000 223 186
0.000000000 312 95
0.000000000 35 192
0.000000000 365 67
0.000000000 78 131
0.000000000 76 37
0.000000000 462 99
0.000000000 13 28
0.000000000 134 183
0.000000000 1795 132
0.000000000 2 82
0.000000000 10 194
0.000000000 230 148
0.000000000 13 156
0.000000000 1600 161
0.000000000 170 162
0.000000000 1 187
0.000000000 21 1
0.000000000 3 129
0.000000000 3198 90
0.000000000 254 100
0.000000000 1 129
0.000000000 2 64
0.000000000 1056 89
0.000000000 21 153
0.000000000 73 145
0.000000000 33 174
0.000000000 1 103
0.000000000 3 177
0.000000000 3668 133
0.000000000 391 51
0.000000000 7 97
0.000000000 2985 19
0.000000000 19 132
0.000000000 7 115
0.000000000 98 9
0.000000000 2168 51
0.000000000 2498 31
0.000000000 3786 72
0.000000000 4 127
0.000000000 1 81
0.000000000 4 172
0.000000000 55 185
0.000000000 6 172
0.000000000 3322 1
0.000000000 62 155
0.000000000 415 35
0.000000000 232 82
0.000000000 2987 8
0.000000000 268 139
0.000000000 1598 115
0.000000000 2852 43
0.000000000 32 2
0.000000000 3 137
0.000000000 393 159
0.000000000 8 117
0.000000000 5 169
0.000000000 8 67
0.000000000 1257 138
0.000000000 4 145
0.000000000 5 12
0.000000000 9 128
0.000000000 208 159
0.000000000 1289 80
0.000000000 1 160
0.000000000 33 52
0.000000000 187 188
0.000000000 44 74
0.000000000 4 65
0.000000000 2 107
0.000000000 1209 15
0.000000000 207 112
0.000000000 171 138
0.000000000 620 108
0.000000000 10 75
0.000000000 14 183
0.000000000 2344 120
0.000000000 1078 129
0.000000000 2184 19
0.000000000 269 6
0.000000000 1 82
0.000000000 1 61
0.000000000 97 75
0.000000000 14 87
0.000000000 14 18
0.000000000 45 53
0.000000000 569 162
0.000000000 2193 92
0.000000000 3870 77
0.000000000 17 50
0.000000000 1952 160
0.000000000 2 69
0.000000000 1421 152
0.000000000 600 13
0.000000000 86 43
0.000000000 3 181
0.000000000 1 164
0.000000000 325 68
0.000000000 1 38
0.000000000 21 6
0.000000000 255 97
0.000000000 1 80
0.000000000 38 165
0.000000000 56 174
0.000000000 1479 4
0.000000000 9 84
0.000000000 1 113
0.000000000 54 34
0.000000000 343 13
0.000000000 1 166
0.000000000 5 138
0.000000000 2 110
0.000000000 132 147
0.000000000 669 140
0.000000000 1 84
0.000000000 2 120
0.000000000 12 171
0.000000000 65 158
0.000000000 33 185
0.000000000 1 129
0.000000000 322 184
0.000000000 4024 99
0.000000000 1 173
0.000000000 2 49
0.000000000 3 196
0.000000000 181 161
0.000000000 345 82
0.000000000 28 1
0.000000000 1 118
0.000000000 3 68
0.000000000 5 179
0.000000000 57 1
0.000000000 807 175
0.000000000 465 126
0.000000000 7 93
0.000000000 114 172
0.000000000 1955 158
0.000000000 2322 167
0.000000000 2326 120
0.000000000 77 94
0.000000000 940 137
0.000000000 17 171
0.000000000 2 121
0.000000000 4026 32
0.000000000 2 56
0.000000000 961 4
0.000000000 1 80
0.000000000 3 169
0.000000000 63 194
0.000000000 2356 30
0.000000000 400 60
0.000000000 3503 12
0.000000000 252 125
0.000000000 1 24
0.000000000 2 178
0.000000000 25 122
0.000000000 630 102
0.000000000 1828 83
0.000000000 1 103
0.000000000 163 14
0.000000000 67 110
0.000000000 3 150
0.000000000 187 139
0.000000000 217 94
0.000000000 3 31
0.000000000 546 186
0.000000000 39 59
0.000000000 733 145
0.000000000 3681 145
0.000000000 34 101
0.000000000 1504 182
0.000000000 133 169
0.000000000 2 192
0.000000000 2 140
0.000000000 20 15
0.000000000 1 186
0.000000000 11 65
0.000000000 5 71
0.000000000 151 150
0.000000000 1868 81
0.000000000 1 57
0.000000000 64 176
0.000000000 551 131
0.000000000 3 157
0.000000000 25 105
0.000000000 2714 52
0.000000000 21 110
0.000000000 91 126
0.000000000 20 7
0.000000000 3 169
0.000000000 1 179
0.000000000 5 28
0.000000000 301 180
0.000000000 8 89
0.000000000 9 55
0.000000000 1189 63
0.000000000 67 10
0.000000000 27 135
0.000000000 1379 69
0.000000000 91 183
0.000000000 27 37
0.000000000 12 52
0.000000000 1874 21
0.000000000 1 91
0.000000000 264 107
0.000000000 1391 160
0.000000000 217 4
0.000000000 80 136
0.000000000 3 145
0.000000000 9 130
0.000000000 32 184
0.000000000 98 2
0.000000000 7 57
0.000000000 163 132
0.000000000 14 131
0.000000000 1 126
0.000000000 17 9
0.000000000 545 131
0.000000000 1 189
0.000000000 259 157
0.000000000 2 162
0.000000000 22 8
0.000000000 1 172
0.000000000 995 137
0.000000000 1262 157
0.000000000 85 184
0.000000000 1406 3
0.000000000 19 186
0.000000000 287 64
0.000000000 32 184
0.000000000 12 51
0.000000000 7 128
0.000000000 2 85
0.000000000 5 194
0.000000000 1505 116
0.000000000 24 166
0.000000000 73 16
0.000000000 6 53
0.000000000 100 4
0.000000000 5 167
0.000000000 338 162
0.000000000 1 2
0.000000000 441 81
0.000000000 12 121
0.000000000 7 90
0.000000000 329 63
0.000000000 3 184
0.000000000 489 37
0.000000000 3771 162
0.000000000 113 115
0.000000000 18 188
0.000000000 2160 96
0.000000000 3 117
0.000000000 101 52
0.000000000 353 107
0.000000000 2 45
0.000000000 329 50
0.000000000 25 1
0.000000000 422 76
0.000000000 2 168
0.000000000 103 78
0.000000000 56 70
0.000000000 17 51
0.000000000 5 59
0.000000000 458 21
0.000000000 1122 130
0.000000000 6 48
0.000000000 2 129
0.000000000 211 173
0.000000000 6 81
0.000000000 113 85
0.000000000 3 23
0.000000000 104 160
0.000000000 36 166
0.000000000 1 55
0.000000000 7 7
0.000000000 3 198
0.000000000 1 47
0.000000000 2 85
0.000000000 2 188
0.000000000 323 127
0.000000000 386 110
0.000000000 2 141
0.000000000 947 165
0.000000000 1366 136
0.000000000 118 46
0.000000000 1453 80
0.000000000 1 88
0.000000000 984 133
0.000000000 453 54
0.000000000 1015 123
0.000000000 506 87
0.000000000 732 5
0.000000000 821 83
0.000000000 1 27
0.000000000 8 156
0.000000000 469 184
0.000000000 1099 48
0.000000000 3575 43
0.000000000 190 40
0.000000000 986 150
0.000000000 85 120
0.000000000 780 68
0.000000000 1 140
0.000000000 52 160
0.000000000 1 129
0.000000000 67 130
0.000000000 216 159
0.000000000 8 174
0.000000000 452 182
0.000000000 1 138
0.000000000 738 49
0.000000000 460 21
0.000000000 277 69
0.000000000 41 186
0.000000000 3 67
0.000000000 115 194
0.000000000 201 93
0.000000000 28 180
0.000000000 8 19
0.000000000 1 129
0.000000000 351 156
0.000000000 69 10
0.000000000 7 89
0.000000000 128 175
0.000000000 258 60
0.000000000 39 59
0.000000000 382 84
0.000000000 1 72
0.000000000 5 164
0.000000000 2237 90
0.000000000 3752 7
0.000000000 47 147
0.000000000 1124 114
0.000000000 1 140
0.000000000 8 185
0.000000000 14 93
0.000000000 143 145
0.000000000 202 140
0.000000000 66 158
0.000000000 5 76
0.000000000 88 174
0.000000000 35 54
0.000000000 491 129
0.000000000 3 80
0.000000000 22 25
0.000000000 22 39
0.000000000 16 75
0.000000000 175 34
0.000000000 879 171
0.000000000 3 103
0.000000000 1572 99
0.000000000 99 161
0.000000000 40 61
0.000000000 304 102
0.000000000 381 43
0.000000000 3003 83
0.000000000 499 5
0.000000000 1536 19
0.000000000 197 119
0.000000000 151 46
0.000000000 2547 42
0.000000000 137 20
0.000000000 466 110
0.000000000 92 76
0.000000000 1472 154
0.000000000 202 13
0.000000000 402 89
0.000000000 377 128
0.000000000 8 69
0.000000000 2 91
0.000000000 1 106
0.000000000 1114 76
0.000000000 3506 53
0.000000000 166 176
0.000000000 249 48
0.000000000 53 187
0.000000000 2 168
0.000000000 4 140
0.000000000 1645 165
0.000000000 1 196
0.000000000 1149 120
0.000000000 26 101
0.000000000 396 116
0.000000000 55 192
0.000000000 13 18
0.000000000 70 134
0.000000000 9 160
0.000000000 1 51
0.000000000 3093 75
0.000000000 169 55
0.000000000 255 125
0.000000000 1 140
0.000000000 1 1
0.000000000 492 111
0.000000000 1 184
0.000000000 432 123
0.000000000 330 182
0.000000000 1 40
0.000000000 37 131
0.000000000 239 180
0.000000000 324 8
0.000000000 2237 9
0.000000000 6 161
0.000000000 569 166
0.000000000 1 164
0.000000000 769 141
0.000000000 1056 159
0.000000000 686 189
0.000000000 398 61
0.000000000 236 194
0.000000000 1 161
0.000000000 14 125
0.000000000 3 126
0.000000000 76 65
0.000000000 510 31
0.000000000 47 176
0.000000000 347 12
0.000000000 1545 47
0.000000000 196 51
0.000000000 139 140
0.000000000 1 122
0.000000000 30 51
0.000000000 250 139
0.000000000 17 119
0.000000000 1 32
0.000000000 1 38
0.000000000 1 40
0.000000000 12 24
0.000000000 5 10
0.000000000 28 18
0.000000000 37 42
0.000000000 1948 129
0.000000000 1 34
0.000000000 5 24
0.000000000 776 28
0.000000000 3985 162
0.000000000 159 31
0.000000000 2589 140
0.000000000 664 120
0.000000000 185 19
0.000000000 353 67
0.000000000 1 88
0.000000000 150 148
0.000000000 1423 157
0.000000000 4 1
0.000000000 26 40
0.000000000 8 63
0.000000000 1 140
0.000000000 312 172
0.000000000 331 117
0.000000000 1395 125
0.000000000 2 99
0.000000000 2171 61
0.000000000 4 78
0.000000000 111 75
0.000000000 595 120
0.000000000 3699 172
0.000000000 205 105
0.000000000 1292 109
0.000000000 1050 35
0.000000000 17 154
0.000000000 35 115
0.000000000 2615 87
0.000000000 10 54
0.000000000 4 152
0.000000000 24 199
0.000000000 15 110
0.000000000 17 183
0.000000000 2 162
0.000000000 1 13
0.000000000 3358 127
0.000000000 193 36
0.000000000 2197 117
0.000000000 512 40
0.000000000 1 162
0.000000000 2 189
0.000000000 3 1
0.000000000 19 58
0.000000000 95 155
0.000000000 15 41
0.000000000 3499 100
0.000000000 54 90
0.000000000 8 151
0.000000000 8 126
0.000000000 1 8
0.000000000 344 178
0.000000000 126 158
0.000000000 78 135
0.000000000 2155 178
0.000000000 41 33
0.000000000 32 144
0.000000000 409 189
0.000000000 1149 125
0.000000000 1413 5
0.000000000 1544 183
0.000000000 11 49
0.000000000 1 49
0.000000000 65 106
0.000000000 2727 38
0.000000000 1 162
0.000000000 323 134
0.000000000 1 99
0.000000000 207 71
0.000000000 76 77
0.000000000 4 101
0.000000000 306 179
0.000000000 286 42
0.000000000 27 119
0.000000000 37 171
0.000000000 109 175
0.000000000 1 123
0.000000000 1027 124
0.000000000 1431 124
0.000000000 176 11
0.000000000 113 61
0.000000000 1 34
0.000000000 3245 69
0.000000000 81 137
0.000000000 580 142
0.000000000 1953 108
0.000000000 16 147
0.000000000 608 108
0.000000000 22 137
0.000000000 4 73
0.000000000 2540 64
0.000000000 583 190
0.000000000 42 55
0.000000000 402 73
0.000000000 2258 29
0.000000000 13 151
0.000000000 2 152
0.000000000 260 106
0.000000000 830 185
0.000000000 47 71
0.000000000 14 51
0.000000000 48 113
0.000000000 3915 156
0.000000000 16 152
0.000000000 714 144
0.000000000 3 195
0.000000000 292 119
0.000000000 104 59
0.000000000 533 118
0.000000000 17 155
0.000000000 246 99
0.000000000 1 77
0.000000000 39 1
0.000000000 134 198
0.000000000 449 127
0.000000000 140 70
0.000000000 3 36
0.000000000 36 87
0.000000000 10 2
0.000000000 61 90
0.000000000 1176 186
0.000000000 1378 194
0.000000000 337 177
0.000000000 2612 133
0.000000000 1085 155
0.000000000 38 2
0.000000000 28 33
0.000000000 3191 24
0.000000000 490 105
0.000000000 89 25
0.000000000 1698 79
0.000000000 9 85
0.000000000 9 168
0.000000000 40 1
0.000000000 2305 48
0.000000000 3 104
0.000000000 85 81
0.000000000 6 174
0.000000000 3719 9
0.000000000 3 16
0.000000000 23 60
0.000000000 20 189
0.000000000 54 104
0.000000000 511 1
0.000000000 66 16
0.000000000 118 137
0.000000000 845 47
0.000000000 203 120
0.000000000 4 141
0.000000000 10 28
0.000000000 21 174
0.000000000 1807 56
0.000000000 78 77
0.000000000 2 27
0.000000000 21 161
0.000000000 8 55
0.000000000 2 180
0.000000000 83 193
0.000000000 50 154
0.000000000 175 191
0.000000000 278 118
0.000000000 2 23
0.000000000 133 177
0.000000000 11 153
0.000000000 8 176
0.000000000 3 74
0.000000000 7 105
0.000000000 3033 71
0.000000000 35 127
0.000000000 7 198
0.000000000 37 172
0.000000000 32 77
0.000000000 690 22
0.000000000 10 77
0.000000000 1692 121
0.000000000 28 160
0.000000000 3 94
0.000000000 17 40
0.000000000 23 103
0.000000000 19 114
0.000000000 18 187
0.000000000 2 142
0.000000000 829 71
0.000000000 10 176
0.000000000 3354 77
0.000000000 70 170
0.000000000 499 71
0.000000000 3 37
0.000000000 12 181
0.000000000 3655 134
0.000000000 857 172
0.000000000 54 77
0.000000000 622 8
0.000000000 32 92
0.000000000 2339 43
0.000000000 21 192
0.000000000 842 87
0.000000000 1 49
0.000000000 104 23
0.000000000 589 128
0.000000000 203 191
0.000000000 3 179
0.000000000 120 95
0.000000000 1 24
0.000000000 43 171
0.000000000 1284 53
0.000000000 1 73
0.000000000 3 116
0.000000000 1437 138
0.000000000 548 189
0.000000000 1 138
0.000000000 38 5
0.000000000 1 192
0.000000000 1000 47
0.000000000 1 157
0.000000000 136 181
0.000000000 131 148
0.000000000 521 33
0.000000000 191 73
0.000000000 18 150
0.000000000 18 195
0.000000000 228 29
0.000000000 206 175
0.000000000 1656 104
0.000000000 54 54
0.000000000 1831 10
0.000000000 3 84
0.000000000 344 67
0.000000000 2 147
0.000000000 1040 124
0.000000000 541 187
0.000000000 1 73
0.000000000 1 20
0.000000000 1 89
0.000000000 8 23
0.000000000 124 81
0.000000000 1661 62
0.000000000 2909 140
0.000000000 24 138
0.000000000 20 116
0.000000000 508 109
0.000000000 42 78
0.000000000 1 105
0.000000000 362 92
0.000000000 780 70
0.000000000 1 177
0.000000000 114 193
0.000000000 4 143
0.000000000 8 91
0.000000000 1864 173
0.000000000 902 124
0.000000000 462 35
0.000000000 556 57
0.000000000 406 111
0.000000000 16 23
0.000000000 910 9
0.000000000 39 99
0.000000000 3 92
0.000000000 389 40
0.000000000 4012 128
0.000000000 73 180
0.000000000 775 62
0.000000000 10 77
0.000000000 832 187
0.000000000 48 25
0.000000000 1002 74
0.000000000 1 137
0.000000000 36 120
0.000000000 464 26
0.000000000 1 6
0.000000000 23 105
0.000000000 70 70
0.000000000 390 75
0.000000000 5 185
0.000000000 2053 118
0.000000000 21 54
0.000000000 276 41
0.000000000 4 194
0.000000000 65 27
0.000000000 873 159
0.000000000 78 1
0.000000000 4 70
0.000000000 2 178
0.000000000 345 101
0.000000000 29 164
0.000000000 4 131
0.000000000 2851 13
0.000000000 1 163
0.000000000 20 127
0.000000000 59 150
0.000000000 1335 28
0.000000000 39 116
0.000000000 477 32
0.000000000 13 181
0.000000000 1 97
0.000000000 3 20
0.000000000 62 94
0.000000000 183 68
0.000000000 301 5
0.000000000 470 76
0.000000000 2133 115
0.000000000 2159 157
0.000000000 401 89
0.000000000 55 180
0.000000000 1058 67
0.000000000 45 135
0.000000000 198 142
0.000000000 33 5
0.000000000 132 69
0.000000000 3256 164
0.000000000 1063 146
0.000000000 8 119
0.000000000 2807 20
0.000000000 3424 67
0.000000000 1695 139
0.000000000 2120 126
0.000000000 1848 96
0.000000000 41 121
0.000000000 5 180
0.000000000 53 103
0.000000000 2681 22
0.000000000 526 162
0.000000000 6 195
0.000000000 38 83
0.000000000 235 6
0.000000000 21 67
0.000000000 5 175
0.000000000 367 12
0.000000000 4 94
0.000000000 9 196
0.000000000 2 85
0.000000000 56 175
0.000000000 9 40
0.000000000 382 28
0.000000000 332 74
0.000000000 2 164
0.000000000 2273 19
0.000000000 278 164
0.000000000 52 107
0.000000000 1 181
0.000000000 21 42
0.000000000 11 194
0.000000000 2178 138
0.000000000 6 42
0.000000000 23 40
0.000000000 2799 29
0.000000000 169 45
0.000000000 779 110
0.000000000 1026 142
0.000000000 112 172
0.000000000 3056 164
0.000000000 26 57
0.000000000 3782 155
0.000000000 3 171
0.000000000 26 112
0.000000000 45 56
0.000000000 102 189
0.000000000 66 143
0.000000000 34 15
0.000000000 463 112
0.000000000 107 2
0.000000000 29 59
0.000000000 11 4
0.000000000 3 20
0.000000000 2356 30
0.000000000 2 182
0.000000000 4 179
0.000000000 8 195
0.000000000 2142 1
0.000000000 43 157
0.000000000 11 142
0.000000000 238 194
0.000000000 173 57
0.000000000 180 107
0.000000000 9 65
0.000000000 7 147
0.000000000 7 41
0.000000000 3226 23
0.000000000 314 171
0.000000000 86 43
0.000000000 7 79
0.000000000 4 61
0.000000000 61 71
0.000000000 1 63
0.000000000 36 32
0.000000000 738 85
0.000000000 15 26
0.000000000 109 121
0.000000000 1 103
0.000000000 582 190
0.000000000 1511 71
0.000000000 291 154
0.000000000 38 146
0.000000000 26 120
0.000000000 2 113
0.000000000 2308 95
0.000000000 1 7
0.000000000 993 97
0.000000000 3968 127
0.000000000 189 75
0.000000000 1 75
0.000000000 462 55
0.000000000 40 166
0.000000000 9 1
0.000000000 2113 17
0.000000000 2811 26
0.000000000 2 175
0.000000000 1289 112
0.000000000 1539 29
0.000000000 2 179
0.000000000 1925 119
0.000000000 13 120
0.000000000 129 111
0.000000000 1240 85
0.000000000 4 124
0.000000000 6 164
0.000000000 79 46
0.000000000 60 50
0.000000000 12 88
0.000000000 321 138
0.000000000 158 46
0.000000000 584 120
0.000000000 13 156
0.000000000 246 3
0.000000000 887 81
0.000000000 356 62
0.000000000 2282 3
0.000000000 101 139
0.000000000 1199 13
0.000000000 449 62
0.000000000 27 31
0.000000000 79 104
0.000000000 333 118
0.000000000 1 165
0.000000000 687 27
0.000000000 2 156
0.000000000 199 61
0.000000000 9 31
0.000000000 5 9
0.000000000 1 47
0.000000000 3376 23
0.000000000 1191 75
0.000000000 4 85
0.000000000 350 152
0.000000000 494 170
0.000000000 109 158
0.000000000 200 184
0.000000000 45 107
0.000000000 117 146
0.000000000 84 50
0.000000000 363 177
0.000000000 640 20
0.000000000 1107 180
0.000000000 1412 21
0.000000000 2 18
0.000000000 52 84
0.000000000 87 43
0.000000000 586 188
0.000000000 158 113
0.000000000 11 15
0.000000000 665 104
0.000000000 1 174
0.000000000 6 34
0.000000000 75 32
0.000000000 16 111
0.000000000 2 186
0.000000000 5 31
0.000000000 1 142
0.000000000 6 133
0.000000000 54 32
0.000000000 385 178
0.000000000 163 193
0.000000000 29 1
0.000000000 24 138
0.000000000 188 114
0.000000000 90 192
0.000000000 387 63
0.000000000 1 137
0.000000000 596 108
0.000000000 21 183
0.000000000 42 13
0.000000000 3018 99
0.000000000 22 104
0.000000000 4 62
0.000000000 390 16
0.000000000 7 175
0.000000000 30 181
0.000000000 4 17
0.000000000 70 53
0.000000000 2247 72
0.000000000 1 1
0.000000000 4 45
0.000000000 205 126
0.000000000 100 144
0.000000000 21 132
0.000000000 1 159
0.000000000 3 109
0.000000000 3 140
0.000000000 14 48
0.000000000 29 192
0.000000000 2134 119
0.000000000 2 113
0.000000000 129 152
0.000000000 66 107
0.000000000 2 102
0.000000000 12 108
0.000000000 4 140
0.000000000 27 36
0.000000000 10 183
0.000000000 7 101
0.000000000 1406 38
0.000000000 3730 1
0.000000000 16 56
0.000000000 1 38
0.000000000 4 100
0.000000000 20 54
0.000000000 1 113
0.000000000 426 159
0.000000000 3 177
0.000000000 52 113
0.000000000 6 93
0.000000000 221 179
0.000000000 3611 50
0.000000000 73 58
0.000000000 1 146
0.000000000 149 192
0.000000000 1017 35
0.000000000 173 32
0.000000000 45 63
0.000000000 2691 194
0.000000000 160 142
0.000000000 10 162
0.000000000 109 157
0.000000000 73 103
0.000000000 159 30
0.000000000 2987 107
0.000000000 100 11
0.000000000 79 23
0.000000000 29 36
0.000000000 749 100
0.000000000 1753 12
0.000000000 1237 140
0.000000000 12 138
0.000000000 99 173
0.000000000 21 173
0.000000000 2 7
0.000000000 64 78
0.000000000 3634 158
0.000000000 6 170
0.000000000 1 110
0.000000000 3761 128
0.000000000 262 128
0.000000000 1 179
0.000000000 2764 76
0.000000000 16 56
0.000000000 895 66
0.000000000 10 189
0.000000000 2044 79
0.000000000 298 27
0.000000000 146 50
0.000000000 8 149
0.000000000 886 42
0.000000000 315 198
0.000000000 16 125
0.000000000 54 2
0.000000000 3109 183
0.000000000 20 134
0.000000000 21 54
0.000000000 21 142
0.000000000 63 66
0.000000000 103 111
0.000000000 1 179
0.000000000 56 54
0.000000000 14 106
0.000000000 1 26
0.000000000 1 10
0.000000000 774 93
0.000000000 2394 2
0.000000000 26 116
0.000000000 398 158
0.000000000 23 171
0.000000000 12 116
0.000000000 419 54
0.000000000 51 95
0.000000000 307 34
0.000000000 268 32
0.000000000 787 111
0.000000000 530 47
0.000000000 3314 157
0.000000000 272 177
0.000000000 1370 82
0.000000000 2811 194
0.000000000 24 52
0.000000000 4 190
0.000000000 840 109
0.000000000 716 159
0.000000000 1765 10
0.000000000 3502 105
0.000000000 176 47
0.000000000 1 96
0.000000000 104 36
0.000000000 297 176
0.000000000 291 50
0.000000000 24 33
0.000000000 2 6
0.000000000 1 1
0.000000000 142 33
0.000000000 2 23
0.000000000 2083 1
0.000000000 840 1
0.000000000 21 51
0.000000000 753 18
0.000000000 3320 74
0.000000000 11 121
0.000000000 14 7
0.000000000 4 192
0.000000000 8 10
0.000000000 16 107
0.000000000 9 93
0.000000000 35 69
0.000000000 3 170
0.000000000 336 32
0.000000000 197 64
0.000000000 1 187
0.000000000 2420 109
0.000000000 5 166
0.000000000 324 78
0.000000000 9 13
0.000000000 171 26
0.000000000 866 157
0.000000000 1 145
0.000000000 15 102
0.000000000 2 19
0.000000000 689 1
0.000000000 520 8
0.000000000 3527 58
0.000000000 1420 27
0.000000000 2429 71
0.000000000 15 159
0.000000000 2 106
0.000000000 3759 185
0.000000000 487 35
0.000000000 1361 181
0.000000000 1 18
0.000000000 211 16
0.000000000 46 73
0.000000000 548 28
0.000000000 3 33
0.000000000 135 99
0.000000000 20 122
0.000000000 2823 146
0.000000000 3 115
0.000000000 30 78
0.000000000 2 37
0.000000000 23 170
0.000000000 12 146
0.000000000 24 100
0.000000000 482 64
0.000000000 2414 181
0.000000000 36 112
0.000000000 24 50
0.000000000 225 27
0.000000000 802 158
0.000000000 455 9
0.000000000 6 7
0.000000000 11 161
0.000000000 1 71
0.000000000 29 33
0.000000000 333 87
0.000000000 12 92
0.000000000 1508 107
0.000000000 312 4
0.000000000 230 108
0.000000000 407 1
0.000000000 3427 140
0.000000000 3063 155
0.000000000 6 46
0.000000000 36 149
0.000000000 30 51
0.000000000 3 85
0.000000000 601 135
0.000000000 1 152
0.000000000 1 123
0.000000000 85 188
0.000000000 180 52
0.000000000 22 110
0.000000000 36 12
0.000000000 35 64
0.000000000 221 49
0.000000000 12 174
0.000000000 1 160
0.000000000 20 56
0.000000000 74 24
0.000000000 493 195
0.000000000 937 50
0.000000000 575 118
0.000000000 10 75
0.000000000 521 165
0.000000000 282 183
0.000000000 2 77
0.000000000 13 71
0.000000000 1 23
0.000000000 10 185
0.000000000 645 82
0.000000000 35 119
0.000000000 1 76
0.000000000 508 106
0.000000000 1 60
0.000000000 22 40
0.000000000 564 96
0.000000000 14 39
0.000000000 33 107
0.000000000 1444 163
0.000000000 26 84
0.000000000 33 65
0.000000000 1923 184
0.000000000 1 97
0.000000000 32 59
0.000000000 1282 141
0.000000000 1 159
0.000000000 33 20
0.000000000 12 99
0.000000000 3 58
0.000000000 46 134
0.000000000 2946 117
0.000000000 7 78
0.000000000 218 172
0.000000000 1 92
0.000000000 2 149
0.000000000 703 111
0.000000000 32 103
0.000000000 1043 177
0.000000000 186 44
0.000000000 301 5
0.000000000 89 114
0.000000000 3297 118
0.000000000 14 1
0.000000000 130 90
0.000000000 23 58
0.000000000 293 6
0.000000000 9 121
0.000000000 1 38
0.000000000 604 35
0.000000000 45 172
0.000000000 418 96
0.000000000 2 192
0.000000000 180 135
0.000000000 1440 74
0.000000000 1 7
0.000000000 14 76
0.000000000 21 19
0.000000000 234 165
0.000000000 2258 185
0.000000000 379 93
0.000000000 83 99
0.000000000 827 9
0.000000000 2275 2
0.000000000 10 97
0.000000000 215 95
0.000000000 96 83
0.000000000 17 13
0.000000000 6 71
0.000000000 8 194
0.000000000 1594 84
0.000000000 9 1
0.000000000 95 106
0.000000000 829 52
0.000000000 11 96
0.000000000 4 152
0.000000000 2 61
0.000000000 1343 167
0.000000000 11 131
0.000000000 118 181
0.000000000 984 52
0.000000000 621 50
0.000000000 1 9
0.000000000 298 131
0.000000000 523 106
0.000000000 1 86
0.000000000 34 192
0.000000000 3 32
0.000000000 18 6
0.000000000 1 106
0.000000000 6 156
0.000000000 8 196
0.000000000 555 158
0.000000000 189 44
0.000000000 100 9
0.000000000 201 42
0.000000000 330 73
0.000000000 137 63
0.000000000 1 142
0.000000000 1360 23
0.000000000 50 177
0.000000000 3 148
0.000000000 2 191
0.000000000 4 175
0.000000000 2 130
0.000000000 716 95
0.000000000 2 88
0.000000000 1 153
0.000000000 338 51
0.000000000 2207 104
0.000000000 158 154
0.000000000 949 43
0.000000000 2 86
0.000000000 2 22
0.000000000 6 163
0.000000000 323 12
0.000000000 2556 2
0.000000000 4057 66
0.000000000 76 106
0.000000000 7 12
0.000000000 747 95
0.000000000 6 163
0.000000000 2941 38
0.000000000 45 157
0.000000000 74 136
0.000000000 29 196
0.000000000 10 43
0.000000000 3617 8
0.000000000 764 88
0.000000000 1113 136
0.000000000 46 88
0.000000000 1 183
0.000000000 91 195
0.000000000 672 76
0.000000000 1 99
0.000000000 731 100
0.000000000 23 191
0.000000000 43 56
0.000000000 11 57
0.000000000 3671 93
0.000000000 6 92
0.000000000 317 17
0.000000000 5 43
0.000000000 4 36
0.000000000 3 45
0.000000000 367 180
0.000000000 25 106
0.000000000 5 113
0.000000000 495 6
0.000000000 755 160
0.000000000 1869 176
0.000000000 168 141
0.000000000 85 79
0.000000000 3275 30
0.000000000 148 131
0.000000000 27 89
0.000000000 6 90
0.000000000 44 7
0.000000000 165 73
0.000000000 2196 4
0.000000000 1 182
0.000000000 435 15
0.000000000 180 27
0.000000000 2390 140
0.000000000 106 55
0.000000000 6 85
0.000000000 39 101
0.000000000 1070 116
0.000000000 572 134
0.000000000 44 193
0.000000000 1 68
0.000000000 606 89
0.000000000 522 53
0.000000000 204 9
0.000000000 49 151
0.000000000 10 80
0.000000000 7 185
0.000000000 1 125
0.000000000 29 61
0.000000000 10 177
0.000000000 437 19
0.000000000 533 175
0.000000000 7 49
0.000000000 3306 133
0.000000000 8 88
0.000000000 1 64
0.000000000 1 87
0.000000000 19 120
0.000000000 14 94
0.000000000 3 116
0.000000000 4 82
0.000000000 17 98
0.000000000 3809 59
0.000000000 46 182
0.000000000 673 168
0.000000000 29 147
0.000000000 11 15
0.000000000 705 76
0.000000000 37 96
0.000000000 9 154
0.000000000 304 120
0.000000000 1796 173
0.000000000 118 179
0.000000000 27 74
