8 6.585347646 0.068716237 0.008443681 4.904834582 52
220.498754919 195.142210153 3.220477831 0.024899141 18276.300749820 0.500000000 0.500000000
21
1 0.095316281 4.965567952 0.353284548 0.904637715 16.836481924 0.591113024
2 0.112026517 5.254145933 0.367520170 0.906121982 16.851756465 0.592097771
4 0.145446990 5.831301895 0.395991413 -1.000000000 16.882305548 0.594067263
8 0.212287936 6.985613819 0.452933899 0.915027582 16.943403713 -1.000000000
16 0.345969828 9.294237668 0.566818871 0.926901715 17.065600044 0.605884218
32 0.613333612 13.911485364 0.794588814 -1.000000000 17.309992706 -1.000000000
64 1.148061179 23.145980757 1.250128702 0.998146513 17.798778029 0.653152039
128 2.217516314 41.614971543 2.161208476 1.093139577 18.776348676 0.716175799
256 4.356426584 78.552953114 3.983368026 -1.000000000 20.731489971 0.842223321
512 8.634247123 152.428916257 7.627687125 1.663097960 -1.000000000 -1.000000000
803 13.496925939 236.405108736 11.770252976 2.095019548 29.086664095 1.380879525
1024 17.189888202 300.180842543 14.916325323 2.423042472 32.462337736 1.598508448
1662 27.851019077 484.293594438 23.998651828 3.370004578 42.207495124 2.226776562
2048 34.301170359 595.684695114 29.493601720 3.942931495 48.103468089 2.606888618
2078 34.802477454 604.342034545 29.920670364 -1.000000000 48.561704330 2.636431006
2220 37.175331034 645.320107851 31.942128615 4.198225354 50.730689203 2.776264974
2369 39.665156270 688.318227024 34.063236215 4.419381081 53.006595866 2.922992167
2555 42.773260255 741.993731495 36.711061811 4.695454673 55.847660559 3.106154971
2839 47.518967416 -1.000000000 40.753978311 5.116986394 60.185630305 3.385822909
4093 68.473603964 1185.826666314 -1.000000000 6.978256741 -1.000000000 4.620694718
4096 68.523734674 1186.692400257 58.648154513 6.982709541 79.385728796 4.623648957
2000
0.000000000 194 125
0.000000000 11 93
0.000000000 254 139
0.000000000 4 3
0.000000000 11 136
0.000000000 1 53
0.000000000 17 167
0.000000000 1 65
0.000000000 534 65
0.000000000 35 6
0.000000000 524 75
0.000000000 9 40
0.000000000 3613 59
0.000000000 6 1
0.000000000 101 152
0.000000000 113 43
0.000000000 4 195
0.000000000 4 52
0.000000000 2 7
0.000000000 39 165
0.000000000 14 132
0.000000000 7 128
0.000000000 68 42
0.000000000 853 166
0.000000000 294 153
0.000000000 2 113
0.000000000 3988 95
0.000000000 1346 100
0.000000000 20 58
0.000000000 60 152
0.000000000 2776 184
0.000000000 53 35
0.000000000 1964 121
0.000000000 128 112
0.000000000 412 35
0.000000000 3341 5
0.000000000 10 155
0.000000000 3365 169
0.000000000 1 141
0.000000000 32 103
0.000000000 2996 69
0.000000000 2151 133
0.000000000 283 5
0.000000000 193 72
0.000000000 113 137
0.000000000 105 89
0.000000000 488 83
0.000000000 83 114
0.000000000 212 91
0.000000000 6 166
0.000000000 7 145
0.000000000 2038 98
0.000000000 528 38
0.000000000 21 194
0.000000000 1 53
0.000000000 7 173
0.000000000 315 20
0.000000000 2 20
0.000000000 14 5
0.000000000 290 29
0.000000000 13 126
0.000000000 912 19
0.000000000 949 91
0.000000000 46 167
0.000000000 15 119
0.000000000 2 150
0.000000000 12 127
0.000000000 3 106
0.000000000 256 34
0.000000000 910 162
0.000000000 2287 111
0.000000000 721 40
0.000000000 3 142
0.000000000 1288 71
0.000000000 9 44
0.000000000 5 56
0.000000000 115 35
0.000000000 5 170
0.000000000 82 93
0.000000000 25 99
0.000000000 1 69
0.000000000 20 77
0.000000000 14 149
0.000000000 3679 194
0.000000000 21 77
0.000000000 34 98
0.000000000 458 137
0.000000000 45 111
0.000000000 1394 187
0.000000000 1 140
0.000000000 1 1
0.000000000 125 163
0.000000000 1 124
0.000000000 27 163
0.000000000 1217 167
0.000000000 479 157
0.000000000 704 189
0.000000000 2 97
0.000000000 123 78
0.000000000 1307 100
0.000000000 4 62
0.000000000 479 178
0.000000000 9 1
0.000000000 3 75
0.000000000 13 24
0.000000000 53 79
0.000000000 36 175
0.000000000 72 192
0.000000000 14 135
0.000000000 4 18
0.000000000 384 106
0.000000000 3512 57
0.000000000 2 9
0.000000000 2 8
0.000000000 177 48
0.000000000 30 5
0.000000000 45 117
0.000000000 73 86
0.000000000 5 96
0.000000000 62 112
0.000000000 951 162
0.000000000 2 47
0.000000000 3631 61
0.000000000 51 2
0.000000000 24 29
0.000000000 6 197
0.000000000 9 182
0.000000000 419 85
0.000000000 78 72
0.000000000 4070 1
0.000000000 15 26
0.000000000 292 85
0.000000000 31 41
0.000000000 3511 145
0.000000000 235 127
0.000000000 946 49
0.000000000 63 163
0.000000000 90 181
0.000000000 1 116
0.000000000 1861 107
0.000000000 12 90
0.000000000 4 138
0.000000000 4 137
0.000000000 8 89
0.000000000 2 55
0.000000000 9 117
0.000000000 2 182
0.000000000 188 101
0.000000000 3 24
0.000000000 1114 5
0.000000000 1073 3
0.000000000 3 171
0.000000000 1876 39
0.000000000 6 13
0.000000000 305 156
0.000000000 3 155
0.000000000 47 85
0.000000000 3853 134
0.000000000 1967 88
0.000000000 26 79
0.000000000 3 144
0.000000000 161 151
0.000000000 8 79
0.000000000 583 76
0.000000000 1 166
0.000000000 49 109
0.000000000 1619 175
0.000000000 114 161
0.000000000 42 28
0.000000000 2 175
0.000000000 5 102
0.000000000 1 148
0.000000000 8 105
0.000000000 1080 106
0.000000000 41 14
0.000000000 576 100
0.000000000 2185 1
0.000000000 2227 36
0.000000000 72 1
0.000000000 765 22
0.000000000 3 88
0.000000000 475 103
0.000000000 3087 169
0.000000000 264 193
0.000000000 2433 192
0.000000000 1863 151
0.000000000 991 39
0.000000000 7 188
0.000000000 559 128
0.000000000 24 157
0.000000000 125 111
0.000000000 1 95
0.000000000 26 70
0.000000000 12 24
0.000000000 27 82
0.000000000 763 96
0.000000000 45 186
0.000000000 4 95
0.000000000 2 40
0.000000000 4 189
0.000000000 6 101
0.000000000 32 34
0.000000000 2 135
0.000000000 580 29
0.000000000 2 130
0.000000000 2832 111
0.000000000 974 100
0.000000000 2389 67
0.000000000 77 186
0.000000000 22 187
0.000000000 23 144
0.000000000 9 23
0.000000000 329 138
0.000000000 1143 191
0.000000000 979 121
0.000000000 490 126
0.000000000 83 162
0.000000000 827 74
0.000000000 17 167
0.000000000 114 61
0.000000000 7 61
0.000000000 931 73
0.000000000 65 106
0.000000000 498 18
0.000000000 535 181
0.000000000 16 192
0.000000000 8 87
0.000000000 81 177
0.000000000 2 93
0.000000000 2689 72
0.000000000 35 132
0.000000000 2 77
0.000000000 21 169
0.000000000 62 120
0.000000000 2 167
0.000000000 55 3
0.000000000 1 94
0.000000000 6 166
0.000000000 366 110
0.000000000 2 140
0.000000000 1 40
0.000000000 421 16
0.000000000 2320 105
0.000000000 2193 82
0.000000000 12 57
0.000000000 524 176
0.000000000 8 41
0.000000000 20 154
0.000000000 28 104
0.000000000 34 119
0.000000000 23 106
0.000000000 150 73
0.000000000 77 51
0.000000000 26 102
0.000000000 142 104
0.000000000 1 137
0.000000000 3135 23
0.000000000 157 14
0.000000000 19 25
0.000000000 411 166
0.000000000 1044 36
0.000000000 4 124
0.000000000 604 143
0.000000000 1 66
0.000000000 3698 164
0.000000000 1 115
0.000000000 399 136
0.000000000 1609 166
0.000000000 500 189
0.000000000 3651 6
0.000000000 89 95
0.000000000 1 93
0.000000000 203 8
0.000000000 1 187
0.000000000 10 140
0.000000000 6 21
0.000000000 928 106
0.000000000 4 84
0.000000000 39 192
0.000000000 89 78
0.000000000 127 59
0.000000000 886 60
0.000000000 2 161
0.000000000 8 194
0.000000000 6 50
0.000000000 27 166
0.000000000 2458 198
0.000000000 62 7
0.000000000 10 72
0.000000000 1 135
0.000000000 44 68
0.000000000 496 199
0.000000000 3999 159
0.000000000 116 76
0.000000000 26 89
0.000000000 36 142
0.000000000 1 177
0.000000000 48 126
0.000000000 3423 158
0.000000000 42 45
0.000000000 936 187
0.000000000 84 68
0.000000000 1702 18
0.000000000 1231 153
0.000000000 13 20
0.000000000 1370 178
0.000000000 2649 155
0.000000000 27 12
0.000000000 3 8
0.000000000 1073 175
0.000000000 42 147
0.000000000 235 69
0.000000000 29 180
0.000000000 14 145
0.000000000 324 7
0.000000000 7 65
0.000000000 10 60
0.000000000 430 99
0.000000000 3 88
0.000000000 969 47
0.000000000 3769 100
0.000000000 17 147
0.000000000 8 121
0.000000000 40 107
0.000000000 95 68
0.000000000 9 129
0.000000000 6 30
0.000000000 1568 182
0.000000000 31 35
0.000000000 38 103
0.000000000 109 130
0.000000000 18 77
0.000000000 137 25
0.000000000 12 166
0.000000000 153 15
0.000000000 37 139
0.000000000 57 154
0.000000000 3397 46
0.000000000 5 37
0.000000000 4042 170
0.000000000 854 82
0.000000000 141 58
0.000000000 1825 9
0.000000000 26 11
0.000000000 1 78
0.000000000 2 27
0.000000000 188 146
0.000000000 14 105
0.000000000 8 61
0.000000000 64 16
0.000000000 5 75
0.000000000 15 87
0.000000000 2 149
0.000000000 22 80
0.000000000 14 100
0.000000000 1 61
0.000000000 1081 109
0.000000000 3 185
0.000000000 33 87
0.000000000 2 180
0.000000000 6 48
0.000000000 110 157
0.000000000 414 25
0.000000000 1 4
0.000000000 4 186
0.000000000 2 76
0.000000000 1644 73
0.000000000 957 116
0.000000000 1 188
0.000000000 3 106
0.000000000 3 87
0.000000000 892 95
0.000000000 172 42
0.000000000 1847 163
0.000000000 71 57
0.000000000 76 81
0.000000000 3 72
0.000000000 72 196
0.000000000 510 158
0.000000000 2 158
0.000000000 1 20
0.000000000 495 28
0.000000000 48 198
0.000000000 2 13
0.000000000 147 119
0.000000000 14 101
0.000000000 300 98
0.000000000 4 142
0.000000000 2209 54
0.000000000 152 140
0.000000000 271 57
0.000000000 976 65
0.000000000 482 129
0.000000000 524 113
0.000000000 11 166
0.000000000 959 182
0.000000000 3 95
0.000000000 1706 55
0.000000000 44 126
0.000000000 32 36
0.000000000 501 28
0.000000000 3285 140
0.000000000 1913 173
0.000000000 2 183
0.000000000 16 74
0.000000000 27 39
0.000000000 184 138
0.000000000 1027 165
0.000000000 1630 160
0.000000000 1084 104
0.000000000 120 55
0.000000000 4 80
0.000000000 22 159
0.000000000 262 134
0.000000000 2588 19
0.000000000 113 46
0.000000000 1198 188
0.000000000 2 52
0.000000000 2740 116
0.000000000 466 109
0.000000000 985 140
0.000000000 1694 160
0.000000000 130 20
0.000000000 14 47
0.000000000 69 147
0.000000000 78 8
0.000000000 132 150
0.000000000 379 70
0.000000000 525 67
0.000000000 153 85
0.000000000 75 76
0.000000000 106 42
0.000000000 1323 59
0.000000000 7 1
0.000000000 1853 120
0.000000000 96 169
0.000000000 355 32
0.000000000 3 187
0.000000000 19 106
0.000000000 2 179
0.000000000 2 86
0.000000000 43 54
0.000000000 4 111
0.000000000 137 120
0.000000000 2 161
0.000000000 282 143
0.000000000 3 90
0.000000000 123 93
0.000000000 129 89
0.000000000 15 12
0.000000000 43 67
0.000000000 879 116
0.000000000 4 128
0.000000000 523 187
0.000000000 665 73
0.000000000 2512 131
0.000000000 1824 160
0.000000000 6 123
0.000000000 3 105
0.000000000 1341 103
0.000000000 4037 137
0.000000000 4 190
0.000000000 4 56
0.000000000 269 43
0.000000000 900 57
0.000000000 1 37
0.000000000 126 100
0.000000000 5 182
0.000000000 3275 163
0.000000000 23 115
0.000000000 1 133
0.000000000 2 14
0.000000000 13 182
0.000000000 14 31
0.000000000 1415 61
0.000000000 2249 142
0.000000000 2 81
0.000000000 118 85
0.000000000 10 33
0.000000000 2829 174
0.000000000 1 110
0.000000000 56 151
0.000000000 25 129
0.000000000 172 13
0.000000000 15 143
0.000000000 1667 60
0.000000000 31 168
0.000000000 2049 60
0.000000000 3 167
0.000000000 134 18
0.000000000 227 125
0.000000000 1 49
0.000000000 2953 75
0.000000000 887 122
0.000000000 11 108
0.000000000 15 71
0.000000000 632 161
0.000000000 1 43
0.000000000 806 159
0.000000000 1 102
0.000000000 542 92
0.000000000 11 18
0.000000000 5 183
0.000000000 6 81
0.000000000 31 68
0.000000000 5 42
0.000000000 26 104
0.000000000 2 167
0.000000000 4 7
0.000000000 83 37
0.000000000 35 189
0.000000000 721 51
0.000000000 457 42
0.000000000 1 117
0.000000000 3251 28
0.000000000 1218 73
0.000000000 1247 191
0.000000000 44 152
0.000000000 117 70
0.000000000 1 86
0.000000000 12 174
0.000000000 2 168
0.000000000 5 12
0.000000000 1 22
0.000000000 3108 88
0.000000000 1 100
0.000000000 317 1
0.000000000 4 23
0.000000000 1612 163
0.000000000 1 97
0.000000000 9 26
0.000000000 1031 18
0.000000000 3 24
0.000000000 685 127
0.000000000 9 135
0.000000000 14 177
0.000000000 171 175
0.000000000 41 139
0.000000000 18 64
0.000000000 14 102
0.000000000 56 52
0.000000000 12 127
0.000000000 1 107
0.000000000 206 175
0.000000000 2 88
0.000000000 6 73
0.000000000 542 157
0.000000000 1686 193
0.000000000 2 83
0.000000000 3 92
0.000000000 270 182
0.000000000 697 192
0.000000000 2 96
0.000000000 2312 168
0.000000000 165 91
0.000000000 354 33
0.000000000 180 113
0.000000000 3 1
0.000000000 518 196
0.000000000 1397 1
0.000000000 47 111
0.000000000 34 89
0.000000000 36 38
0.000000000 528 4
0.000000000 3257 92
0.000000000 1022 172
0.000000000 36 163
0.000000000 8 170
0.000000000 1 185
0.000000000 175 43
0.000000000 416 147
0.000000000 1 46
0.000000000 93 65
0.000000000 276 26
0.000000000 145 190
0.000000000 36 52
0.000000000 33 96
0.000000000 3960 12
0.000000000 2 185
0.000000000 1250 92
0.000000000 13 185
0.000000000 305 114
0.000000000 2 110
0.000000000 24 41
0.000000000 112 64
0.000000000 1923 158
0.000000000 976 67
0.000000000 5 159
0.000000000 2 125
0.000000000 375 107
0.000000000 63 49
0.000000000 77 52
0.000000000 37 162
0.000000000 56 119
0.000000000 862 17
0.000000000 20 78
0.000000000 179 132
0.000000000 2913 123
0.000000000 155 132
0.000000000 1 126
0.000000000 5 37
0.000000000 1849 109
0.000000000 2 32
0.000000000 7 184
0.000000000 8 143
0.000000000 101 63
0.000000000 2 16
0.000000000 3 29
0.000000000 307 194
0.000000000 66 72
0.000000000 9 152
0.000000000 148 18
0.000000000 29 174
0.000000000 744 60
0.000000000 2 156
0.000000000 3 130
0.000000000 12 11
0.000000000 123 5
0.000000000 1818 79
0.000000000 152 124
0.000000000 55 27
0.000000000 2 163
0.000000000 21 65
0.000000000 10 173
0.000000000 38 136
0.000000000 1 23
0.000000000 436 42
0.000000000 30 76
0.000000000 1 194
0.000000000 12 24
0.000000000 6 42
0.000000000 1 65
0.000000000 576 108
0.000000000 14 106
0.000000000 2152 176
0.000000000 113 71
0.000000000 1 100
0.000000000 2 192
0.000000000 65 58
0.000000000 18 149
0.000000000 15 98
0.000000000 246 105
0.000000000 43 168
0.000000000 407 36
0.000000000 41 46
0.000000000 45 173
0.000000000 1 192
0.000000000 1030 119
0.000000000 51 156
0.000000000 743 162
0.000000000 117 60
0.000000000 1469 57
0.000000000 45 168
0.000000000 19 109
0.000000000 6 192
0.000000000 214 32
0.000000000 67 45
0.000000000 13 114
0.000000000 1 74
0.000000000 864 76
0.000000000 6 19
0.000000000 3999 1
0.000000000 8 21
0.000000000 68 43
0.000000000 293 155
0.000000000 59 113
0.000000000 1 1
0.000000000 67 27
0.000000000 167 124
0.000000000 1973 1
0.000000000 42 184
0.000000000 710 132
0.000000000 6 166
0.000000000 19 114
0.000000000 1 128
0.000000000 956 170
0.000000000 1 50
0.000000000 3304 110
0.000000000 16 200
0.000000000 404 157
0.000000000 940 191
0.000000000 3440 198
0.000000000 45 11
0.000000000 373 18
0.000000000 958 58
0.000000000 1 94
0.000000000 1155 179
0.000000000 1837 90
0.000000000 16 189
0.000000000 6 31
0.000000000 92 80
0.000000000 24 113
0.000000000 1 197
0.000000000 3 55
0.000000000 591 170
0.000000000 9 34
0.000000000 883 59
0.000000000 240 167
0.000000000 8 55
0.000000000 1 4
0.000000000 1 100
0.000000000 16 96
0.000000000 2 140
0.000000000 739 154
0.000000000 3433 1
0.000000000 121 9
0.000000000 4 145
0.000000000 4 157
0.000000000 267 165
0.000000000 9 175
0.000000000 455 147
0.000000000 2814 150
0.000000000 7 38
0.000000000 22 33
0.000000000 1 101
0.000000000 2 43
0.000000000 2286 182
0.000000000 229 131
0.000000000 364 29
0.000000000 2 75
0.000000000 197 127
0.000000000 483 16
0.000000000 2273 51
0.000000000 16 118
0.000000000 1101 166
0.000000000 1387 52
0.000000000 167 194
0.000000000 770 130
0.000000000 180 49
0.000000000 2697 74
0.000000000 21 112
0.000000000 1 162
0.000000000 24 146
0.000000000 207 134
0.000000000 2 178
0.000000000 43 103
0.000000000 1 196
0.000000000 13 101
0.000000000 49 45
0.000000000 3326 139
0.000000000 334 162
0.000000000 3630 126
0.000000000 266 8
0.000000000 342 109
0.000000000 124 103
0.000000000 276 124
0.000000000 2933 188
0.000000000 547 30
0.000000000 1 38
0.000000000 79 191
0.000000000 75 72
0.000000000 25 85
0.000000000 2 124
0.000000000 15 144
0.000000000 67 104
0.000000000 106 86
0.000000000 3181 75
0.000000000 13 174
0.000000000 1 78
0.000000000 1792 114
0.000000000 1 46
0.000000000 2 60
0.000000000 51 152
0.000000000 51 178
0.000000000 14 7
0.000000000 39 123
0.000000000 1262 186
0.000000000 44 171
0.000000000 17 100
0.000000000 51 101
0.000000000 119 114
0.000000000 4 149
0.000000000 1676 143
0.000000000 2058 150
0.000000000 37 124
0.000000000 1040 62
0.000000000 1086 181
0.000000000 150 153
0.000000000 933 194
0.000000000 2929 99
0.000000000 44 137
0.000000000 13 45
0.000000000 9 126
0.000000000 361 6
0.000000000 3197 47
0.000000000 20 11
0.000000000 15 6
0.000000000 494 151
0.000000000 20 9
0.000000000 47 60
0.000000000 48 143
0.000000000 2 165
0.000000000 4 159
0.000000000 1084 181
0.000000000 51 17
0.000000000 78 34
0.000000000 88 107
0.000000000 287 133
0.000000000 47 169
0.000000000 1622 94
0.000000000 807 66
0.000000000 14 170
0.000000000 3 89
0.000000000 159 117
0.000000000 5 82
0.000000000 8 46
0.000000000 22 199
0.000000000 4 162
0.000000000 154 52
0.000000000 1 150
0.000000000 365 153
0.000000000 775 58
0.000000000 4 157
0.000000000 109 71
0.000000000 13 124
0.000000000 838 76
0.000000000 6 97
0.000000000 1851 62
0.000000000 189 194
0.000000000 2929 20
0.000000000 4 166
0.000000000 666 23
0.000000000 2150 177
0.000000000 247 199
0.000000000 22 84
0.000000000 1 170
0.000000000 135 169
0.000000000 10 156
0.000000000 63 183
0.000000000 495 74
0.000000000 1 143
0.000000000 5 3
0.000000000 2 151
0.000000000 2 71
0.000000000 11 23
0.000000000 2 60
0.000000000 336 136
0.000000000 2647 38
0.000000000 1708 30
0.000000000 1 1
0.000000000 56 104
0.000000000 3 98
0.000000000 21 37
0.000000000 180 134
0.000000000 1 98
0.000000000 947 142
0.000000000 12 177
0.000000000 5 131
0.000000000 1 119
0.000000000 1 23
0.000000000 23 179
0.000000000 1 107
0.000000000 12 184
0.000000000 6 126
0.000000000 416 179
0.000000000 15 110
0.000000000 610 28
0.000000000 882 16
0.000000000 11 89
0.000000000 89 15
0.000000000 1775 12
0.000000000 5 157
0.000000000 2612 74
0.000000000 215 197
0.000000000 3535 33
0.000000000 1016 185
0.000000000 63 109
0.000000000 109 99
0.000000000 3 85
0.000000000 202 156
0.000000000 2172 42
0.000000000 3000 109
0.000000000 4 1
0.000000000 2 85
0.000000000 53 71
0.000000000 352 131
0.000000000 250 28
0.000000000 3 17
0.000000000 1404 87
0.000000000 2891 9
0.000000000 569 140
0.000000000 325 24
0.000000000 14 198
0.000000000 2525 159
0.000000000 289 17
0.000000000 20 171
0.000000000 2058 43
0.000000000 6 93
0.000000000 3 172
0.000000000 1894 169
0.000000000 3203 27
0.000000000 43 19
0.000000000 1 119
0.000000000 1 92
0.000000000 33 94
0.000000000 2173 195
0.000000000 2380 200
0.000000000 127 41
0.000000000 114 108
0.000000000 950 120
0.000000000 774 172
0.000000000 11 180
0.000000000 130 48
0.000000000 1828 86
0.000000000 80 24
0.000000000 25 126
0.000000000 157 113
0.000000000 356 112
0.000000000 1 40
0.000000000 442 67
0.000000000 280 112
0.000000000 870 172
0.000000000 6 156
0.000000000 155 151
0.000000000 2 13
0.000000000 96 165
0.000000000 1379 180
0.000000000 1644 2
0.000000000 97 114
0.000000000 2 29
0.000000000 72 25
0.000000000 3 138
0.000000000 381 149
0.000000000 2 50
0.000000000 513 186
0.000000000 2164 156
0.000000000 6 51
0.000000000 46 107
0.000000000 68 30
0.000000000 124 173
0.000000000 5 90
0.000000000 7 15
0.000000000 817 82
0.000000000 6 38
0.000000000 5 141
0.000000000 1 1
0.000000000 267 37
0.000000000 4 178
0.000000000 4 136
0.000000000 2 169
0.000000000 6 157
0.000000000 18 187
0.000000000 1362 150
0.000000000 113 149
0.000000000 407 139
0.000000000 1 196
0.000000000 449 84
0.000000000 2 78
0.000000000 114 41
0.000000000 6 161
0.000000000 1 3
0.000000000 2 50
0.000000000 353 121
0.000000000 131 88
0.000000000 1079 164
0.000000000 3 55
0.000000000 4 149
0.000000000 1121 60
0.000000000 6 96
0.000000000 2496 122
0.000000000 1732 81
0.000000000 3 15
0.000000000 124 23
0.000000000 13 71
0.000000000 2 1
0.000000000 10 9
0.000000000 1165 153
0.000000000 68 177
0.000000000 11 129
0.000000000 13 1
0.000000000 1343 143
0.000000000 4 181
0.000000000 10 142
0.000000000 3 108
0.000000000 71 139
0.000000000 11 101
0.000000000 2729 90
0.000000000 357 1
0.000000000 1635 139
0.000000000 11 77
0.000000000 938 71
0.000000000 3 101
0.000000000 3505 184
0.000000000 2 88
0.000000000 4 84
0.000000000 82 11
0.000000000 879 20
0.000000000 1141 63
0.000000000 17 173
0.000000000 44 60
0.000000000 377 53
0.000000000 2 94
0.000000000 2 120
0.000000000 13 59
0.000000000 3 33
0.000000000 13 188
0.000000000 27 38
0.000000000 6 124
0.000000000 6 194
0.000000000 3 31
0.000000000 868 114
0.000000000 448 195
0.000000000 385 111
0.000000000 228 115
0.000000000 30 183
0.000000000 39 108
0.000000000 3 174
0.000000000 3973 80
0.000000000 25 6
0.000000000 966 152
0.000000000 39 166
0.000000000 30 55
0.000000000 83 14
0.000000000 16 148
0.000000000 31 63
0.000000000 232 172
0.000000000 1223 180
0.000000000 18 86
0.000000000 935 165
0.000000000 16 119
0.000000000 15 146
0.000000000 138 74
0.000000000 2592 99
0.000000000 980 147
0.000000000 42 195
0.000000000 183 155
0.000000000 24 153
0.000000000 4 72
0.000000000 1734 133
0.000000000 72 144
0.000000000 108 9
0.000000000 1 84
0.000000000 425 175
0.000000000 3953 85
0.000000000 631 135
0.000000000 29 14
0.000000000 3740 151
0.000000000 2692 33
0.000000000 21 54
0.000000000 128 87
0.000000000 618 50
0.000000000 576 12
0.000000000 279 14
0.000000000 10 186
0.000000000 87 178
0.000000000 266 21
0.000000000 39 193
0.000000000 86 123
0.000000000 2153 110
0.000000000 829 14
0.000000000 2218 26
0.000000000 1 134
0.000000000 56 101
0.000000000 16 10
0.000000000 2 68
0.000000000 239 13
0.000000000 6 185
0.000000000 40 188
0.000000000 3591 130
0.000000000 3 147
0.000000000 14 25
0.000000000 160 192
0.000000000 9 66
0.000000000 634 121
0.000000000 2 49
0.000000000 917 141
0.000000000 9 113
0.000000000 362 88
0.000000000 1 26
0.000000000 630 143
0.000000000 5 160
0.000000000 106 159
0.000000000 12 162
0.000000000 5 29
0.000000000 71 81
0.000000000 52 134
0.000000000 40 60
0.000000000 199 100
0.000000000 11 136
0.000000000 383 121
0.000000000 255 98
0.000000000 3152 74
0.000000000 646 155
0.000000000 53 139
0.000000000 525 173
0.000000000 7 54
0.000000000 1785 178
0.000000000 52 166
0.000000000 3412 44
0.000000000 1223 18
0.000000000 2381 138
0.000000000 2 78
0.000000000 7 49
0.000000000 151 113
0.000000000 1611 169
0.000000000 1 142
0.000000000 122 65
0.000000000 6 174
0.000000000 1328 114
0.000000000 1353 52
0.000000000 3 72
0.000000000 5 25
0.000000000 32 100
0.000000000 1086 170
0.000000000 88 7
0.000000000 20 176
0.000000000 253 24
0.000000000 2 176
0.000000000 25 31
0.000000000 5 13
0.000000000 43 28
0.000000000 2906 98
0.000000000 7 167
0.000000000 1 129
0.000000000 3971 127
0.000000000 35 51
0.000000000 53 161
0.000000000 12 167
0.000000000 9 33
0.000000000 70 84
0.000000000 23 199
0.000000000 342 86
0.000000000 114 87
0.000000000 1 95
0.000000000 636 163
0.000000000 255 10
0.000000000 218 149
0.000000000 74 174
0.000000000 1838 61
0.000000000 58 58
0.000000000 2 155
0.000000000 27 44
0.000000000 9 122
0.000000000 1787 14
0.000000000 49 33
0.000000000 978 92
0.000000000 4 21
0.000000000 798 154
0.000000000 173 180
0.000000000 432 109
0.000000000 666 33
0.000000000 41 54
0.000000000 17 109
0.000000000 5 119
0.000000000 7 36
0.000000000 68 81
0.000000000 15 112
0.000000000 122 12
0.000000000 4020 189
0.000000000 1564 142
0.000000000 58 99
0.000000000 1 187
0.000000000 8 96
0.000000000 3285 28
0.000000000 514 163
0.000000000 1943 171
0.000000000 28 48
0.000000000 364 155
0.000000000 413 169
0.000000000 7 15
0.000000000 9 121
0.000000000 3830 127
0.000000000 827 137
0.000000000 9 87
0.000000000 2 191
0.000000000 3 107
0.000000000 4 141
0.000000000 51 54
0.000000000 5 183
0.000000000 1 164
0.000000000 33 45
0.000000000 3996 9
0.000000000 863 40
0.000000000 2 80
0.000000000 157 62
0.000000000 2 105
0.000000000 44 101
0.000000000 49 8
0.000000000 1274 87
0.000000000 53 7
0.000000000 2727 135
0.000000000 8 150
0.000000000 71 71
0.000000000 12 118
0.000000000 2 78
0.000000000 35 2
0.000000000 107 13
0.000000000 1296 189
0.000000000 45 178
0.000000000 1 55
0.000000000 2 30
0.000000000 384 182
0.000000000 6 20
0.000000000 40 118
0.000000000 1 94
0.000000000 2 127
0.000000000 3 84
0.000000000 3200 14
0.000000000 1 77
0.000000000 47 127
0.000000000 87 150
0.000000000 125 160
0.000000000 4 6
0.000000000 2 170
0.000000000 3081 149
0.000000000 46 35
0.000000000 135 82
0.000000000 227 11
0.000000000 22 40
0.000000000 3 71
0.000000000 1 71
0.000000000 264 86
0.000000000 1193 189
0.000000000 1 102
0.000000000 48 115
0.000000000 1 32
0.000000000 19 61
0.000000000 446 196
0.000000000 50 167
0.000000000 1300 7
0.000000000 12 28
0.000000000 164 30
0.000000000 54 102
0.000000000 128 198
0.000000000 13 33
0.000000000 71 174
0.000000000 8 194
0.000000000 1748 6
0.000000000 590 156
0.000000000 1 49
0.000000000 47 150
0.000000000 11 89
0.000000000 106 126
0.000000000 2 88
0.000000000 859 81
0.000000000 24 154
0.000000000 256 69
0.000000000 1 167
0.000000000 3 90
0.000000000 95 38
0.000000000 107 76
0.000000000 1044 144
0.000000000 76 45
0.000000000 5 16
0.000000000 2004 46
0.000000000 1 167
0.000000000 5 131
0.000000000 61 55
0.000000000 680 34
0.000000000 4 121
0.000000000 5 64
0.000000000 16 113
0.000000000 70 174
0.000000000 104 187
0.000000000 1115 148
0.000000000 225 51
0.000000000 1 9
0.000000000 16 127
0.000000000 1 138
0.000000000 3473 106
0.000000000 303 157
0.000000000 2 55
0.000000000 4063 66
0.000000000 11 191
0.000000000 535 10
0.000000000 1116 86
0.000000000 397 51
0.000000000 568 182
0.000000000 1772 99
0.000000000 275 124
0.000000000 5 15
0.000000000 284 36
0.000000000 2152 23
0.000000000 1905 131
0.000000000 14 194
0.000000000 1 126
0.000000000 18 168
0.000000000 4090 104
0.000000000 2237 89
0.000000000 2 116
0.000000000 10 43
0.000000000 80 90
0.000000000 38 60
0.000000000 1 158
0.000000000 22 111
0.000000000 47 180
0.000000000 5 1
0.000000000 59 44
0.000000000 1935 171
0.000000000 759 84
0.000000000 632 59
0.000000000 2 149
0.000000000 31 115
0.000000000 30 111
0.000000000 608 139
0.000000000 160 17
0.000000000 83 94
0.000000000 3649 194
0.000000000 1 135
0.000000000 18 167
0.000000000 1 92
0.000000000 1 141
0.000000000 5 56
0.000000000 142 91
0.000000000 13 54
0.000000000 1 5
0.000000000 3685 117
0.000000000 3966 173
0.000000000 31 183
0.000000000 3028 176
0.000000000 67 183
0.000000000 117 115
0.000000000 216 148
0.000000000 3 105
0.000000000 2 18
0.000000000 8 142
0.000000000 249 140
0.000000000 2383 70
0.000000000 6 2
0.000000000 300 13
0.000000000 1504 1
0.000000000 106 152
0.000000000 1716 25
0.000000000 44 64
0.000000000 59 58
0.000000000 3439 75
0.000000000 294 82
0.000000000 7 182
0.000000000 21 163
0.000000000 6 76
0.000000000 3778 67
0.000000000 2021 20
0.000000000 3 118
0.000000000 3426 122
0.000000000 152 124
0.000000000 1 133
0.000000000 671 91
0.000000000 905 104
0.000000000 3 162
0.000000000 207 3
0.000000000 19 135
0.000000000 3 47
0.000000000 931 9
0.000000000 98 32
0.000000000 5 197
0.000000000 1413 23
0.000000000 204 59
0.000000000 1091 12
0.000000000 2959 194
0.000000000 16 1
0.000000000 1 198
0.000000000 255 29
0.000000000 1611 136
0.000000000 2 84
0.000000000 18 1
0.000000000 13 175
0.000000000 3644 113
0.000000000 61 20
0.000000000 432 127
0.000000000 1 122
0.000000000 42 190
0.000000000 26 34
0.000000000 1621 170
0.000000000 1343 22
0.000000000 1070 86
0.000000000 1 168
0.000000000 78 10
0.000000000 209 51
0.000000000 3 67
0.000000000 3835 7
0.000000000 135 136
0.000000000 140 127
0.000000000 286 5
0.000000000 789 26
0.000000000 773 155
0.000000000 1003 103
0.000000000 11 67
0.000000000 119 35
0.000000000 73 37
0.000000000 3 23
0.000000000 2775 164
0.000000000 599 9
0.000000000 3 192
0.000000000 764 176
0.000000000 1 8
0.000000000 3 83
0.000000000 6 21
0.000000000 44 53
0.000000000 10 174
0.000000000 3142 60
0.000000000 2989 177
0.000000000 906 105
0.000000000 232 44
0.000000000 3888 172
0.000000000 14 154
0.000000000 11 158
0.000000000 3 174
0.000000000 1 106
0.000000000 5 173
0.000000000 16 175
0.000000000 69 195
0.000000000 6 166
0.000000000 2 61
0.000000000 23 192
0.000000000 99 105
0.000000000 5 173
0.000000000 551 75
0.000000000 526 63
0.000000000 214 167
0.000000000 33 78
0.000000000 72 1
0.000000000 1 125
0.000000000 28 42
0.000000000 219 184
0.000000000 11 6
0.000000000 10 60
0.000000000 296 5
0.000000000 4 137
0.000000000 1 197
0.000000000 1270 42
0.000000000 208 142
0.000000000 40 194
0.000000000 509 49
0.000000000 743 1
0.000000000 1908 139
0.000000000 18 61
0.000000000 17 67
0.000000000 2 102
0.000000000 5 113
0.000000000 1186 110
0.000000000 25 72
0.000000000 1535 119
0.000000000 2 5
0.000000000 276 73
0.000000000 3942 35
0.000000000 3390 17
0.000000000 91 153
0.000000000 950 182
0.000000000 26 167
0.000000000 103 25
0.000000000 161 69
0.000000000 34 84
0.000000000 33 75
0.000000000 13 10
0.000000000 8 76
0.000000000 3467 153
0.000000000 1345 160
0.000000000 27 195
0.000000000 1118 122
0.000000000 363 165
0.000000000 11 41
0.000000000 1 35
0.000000000 1 106
0.000000000 2 130
0.000000000 1 141
0.000000000 1770 106
0.000000000 82 86
0.000000000 39 89
0.000000000 137 105
0.000000000 88 180
0.000000000 183 31
0.000000000 1787 72
0.000000000 1248 41
0.000000000 1 47
0.000000000 399 25
0.000000000 1 165
0.000000000 1 102
0.000000000 373 180
0.000000000 33 55
0.000000000 2243 2
0.000000000 1 151
0.000000000 730 26
0.000000000 1256 157
0.000000000 2250 34
0.000000000 13 58
0.000000000 32 87
0.000000000 1191 42
0.000000000 1385 74
0.000000000 1 40
0.000000000 725 2
0.000000000 14 148
0.000000000 3 171
0.000000000 200 192
0.000000000 1 163
0.000000000 2707 1
0.000000000 345 134
0.000000000 1 79
0.000000000 6 48
0.000000000 11 117
0.000000000 951 159
0.000000000 1 49
0.000000000 27 145
0.000000000 864 51
0.000000000 5 173
0.000000000 680 67
0.000000000 1843 157
0.000000000 12 84
0.000000000 257 62
0.000000000 2147 83
0.000000000 63 166
0.000000000 1166 178
0.000000000 726 114
0.000000000 1 25
0.000000000 1 93
0.000000000 415 194
0.000000000 3973 139
0.000000000 25 9
0.000000000 229 168
0.000000000 3 148
0.000000000 1 80
0.000000000 224 196
0.000000000 2 181
0.000000000 2064 131
0.000000000 399 91
0.000000000 141 57
0.000000000 55 192
0.000000000 4 169
0.000000000 13 132
0.000000000 186 156
0.000000000 96 183
0.000000000 7 115
0.000000000 23 18
0.000000000 647 46
0.000000000 6 73
0.000000000 794 141
0.000000000 2421 6
0.000000000 83 153
0.000000000 1 163
0.000000000 353 101
0.000000000 716 180
0.000000000 112 186
0.000000000 10 77
0.000000000 1723 120
0.000000000 14 29
0.000000000 99 161
0.000000000 2 110
0.000000000 112 33
0.000000000 10 155
0.000000000 1721 30
0.000000000 133 65
0.000000000 193 100
0.000000000 325 42
0.000000000 3632 146
0.000000000 10 178
0.000000000 1197 143
0.000000000 5 200
0.000000000 63 81
0.000000000 361 5
0.000000000 128 6
0.000000000 17 183
0.000000000 607 51
0.000000000 245 33
0.000000000 16 48
0.000000000 19 23
0.000000000 3 135
0.000000000 92 64
0.000000000 1412 84
0.000000000 3500 59
0.000000000 1052 126
0.000000000 807 105
0.000000000 20 186
0.000000000 3814 91
0.000000000 1 10
0.000000000 170 102
0.000000000 42 163
0.000000000 186 122
0.000000000 2 150
0.000000000 2742 123
0.000000000 402 1
0.000000000 2 107
0.000000000 73 86
0.000000000 16 94
0.000000000 600 195
0.000000000 9 109
0.000000000 3835 150
0.000000000 1 104
0.000000000 4 123
0.000000000 537 4
0.000000000 2 89
0.000000000 140 29
0.000000000 70 109
0.000000000 4 187
0.000000000 527 170
0.000000000 1841 54
0.000000000 4 157
0.000000000 110 61
0.000000000 654 85
0.000000000 118 48
0.000000000 1859 142
0.000000000 27 198
0.000000000 3158 120
0.000000000 307 7
0.000000000 151 150
0.000000000 318 23
0.000000000 248 87
0.000000000 1532 173
0.000000000 39 149
0.000000000 955 134
0.000000000 1 114
0.000000000 1 48
0.000000000 44 161
0.000000000 10 92
0.000000000 372 17
0.000000000 3 177
0.000000000 5 95
0.000000000 3048 80
0.000000000 47 102
0.000000000 8 77
0.000000000 17 59
0.000000000 488 110
0.000000000 2598 167
0.000000000 567 56
0.000000000 254 10
0.000000000 56 6
0.000000000 29 184
0.000000000 406 166
0.000000000 2 105
0.000000000 3313 132
0.000000000 5 7
0.000000000 134 75
0.000000000 323 83
0.000000000 1 74
0.000000000 26 85
0.000000000 3145 172
0.000000000 12 181
0.000000000 1 190
0.000000000 494 57
0.000000000 40 11
0.000000000 18 128
0.000000000 149 47
0.000000000 1856 76
0.000000000 2 73
0.000000000 32 187
0.000000000 23 32
0.000000000 3 169
0.000000000 8 126
0.000000000 1 43
0.000000000 172 130
0.000000000 797 128
0.000000000 19 6
0.000000000 2576 64
0.000000000 536 172
0.000000000 5 41
0.000000000 1145 116
0.000000000 72 179
0.000000000 2 63
0.000000000 2 170
0.000000000 60 109
0.000000000 2 1
0.000000000 157 137
0.000000000 12 31
0.000000000 17 62
0.000000000 35 40
0.000000000 1 17
0.000000000 377 51
0.000000000 1151 177
0.000000000 164 56
0.000000000 28 67
0.000000000 875 134
0.000000000 2 133
0.000000000 3 71
0.000000000 3 126
0.000000000 74 126
0.000000000 1 16
0.000000000 11 153
0.000000000 1 114
0.000000000 1 13
0.000000000 208 100
0.000000000 5 112
0.000000000 62 37
0.000000000 7 132
0.000000000 145 186
0.000000000 19 55
0.000000000 3424 68
0.000000000 1395 154
0.000000000 16 14
0.000000000 6 1
0.000000000 3913 34
0.000000000 2 197
0.000000000 9 56
0.000000000 39 52
0.000000000 483 142
0.000000000 136 16
0.000000000 89 91
0.000000000 24 6
0.000000000 1281 120
0.000000000 1596 128
0.000000000 4 185
0.000000000 615 149
0.000000000 1591 12
0.000000000 685 138
0.000000000 263 38
0.000000000 5 93
0.000000000 163 79
0.000000000 38 159
0.000000000 2533 113
0.000000000 159 131
0.000000000 3168 134
0.000000000 91 6
0.000000000 1 129
0.000000000 5 56
0.000000000 252 75
0.000000000 3 28
0.000000000 227 127
0.000000000 2554 69
0.000000000 2305 133
0.000000000 21 168
0.000000000 96 86
0.000000000 2 137
0.000000000 1 84
0.000000000 10 48
0.000000000 36 101
0.000000000 3 180
0.000000000 664 159
0.000000000 1959 72
0.000000000 24 80
0.000000000 132 168
0.000000000 32 172
0.000000000 3 180
0.000000000 3757 165
0.000000000 2 106
0.000000000 1480 39
0.000000000 4 81
0.000000000 7 53
0.000000000 92 58
0.000000000 677 157
0.000000000 74 106
0.000000000 1 113
0.000000000 4 136
0.000000000 11 99
0.000000000 54 131
0.000000000 1 48
0.000000000 47 77
0.000000000 2 177
0.000000000 37 29
0.000000000 3 13
0.000000000 21 60
0.000000000 427 44
0.000000000 341 170
0.000000000 14 6
0.000000000 877 164
0.000000000 4 73
0.000000000 2385 85
0.000000000 1045 94
0.000000000 1139 55
0.000000000 38 26
0.000000000 3 66
0.000000000 1274 32
0.000000000 253 104
0.000000000 17 52
0.000000000 247 167
0.000000000 48 161
0.000000000 642 24
0.000000000 85 167
0.000000000 1 167
0.000000000 51 186
0.000000000 134 107
0.000000000 21 46
0.000000000 789 50
0.000000000 1273 73
0.000000000 8 91
0.000000000 7 157
0.000000000 39 117
0.000000000 7 129
0.000000000 1670 96
0.000000000 408 184
0.000000000 1596 52
0.000000000 136 94
0.000000000 829 85
0.000000000 354 127
0.000000000 1268 35
0.000000000 8 135
0.000000000 2652 168
0.000000000 47 75
0.000000000 834 137
0.000000000 137 97
0.000000000 12 150
0.000000000 872 98
0.000000000 1783 62
0.000000000 4 54
0.000000000 2220 63
0.000000000 1 153
0.000000000 6 65
0.000000000 427 157
0.000000000 251 136
0.000000000 68 111
0.000000000 2877 117
0.000000000 320 32
0.000000000 12 122
0.000000000 2676 197
0.000000000 10 135
0.000000000 110 65
0.000000000 27 4
0.000000000 1 99
0.000000000 54 1
0.000000000 6 197
0.000000000 43 123
0.000000000 3298 159
0.000000000 1 192
0.000000000 259 120
0.000000000 1 113
0.000000000 1 72
0.000000000 522 163
0.000000000 1 165
0.000000000 98 83
0.000000000 1154 70
0.000000000 751 1
0.000000000 33 137
0.000000000 159 150
0.000000000 4 94
0.000000000 1534 145
0.000000000 220 83
0.000000000 89 134
0.000000000 10 53
0.000000000 47 180
0.000000000 2458 102
0.000000000 2334 68
0.000000000 11 134
0.000000000 725 49
0.000000000 296 119
0.000000000 3735 75
0.000000000 3 106
0.000000000 9 129
0.000000000 320 19
0.000000000 599 150
0.000000000 1360 57
0.000000000 58 93
0.000000000 347 19
0.000000000 15 4
0.000000000 1 38
0.000000000 5 198
0.000000000 411 176
0.000000000 1 50
0.000000000 17 189
0.000000000 40 196
0.000000000 661 156
0.000000000 54 160
0.000000000 2397 1
0.000000000 3 90
0.000000000 5 47
0.000000000 80 10
0.000000000 5 113
0.000000000 140 163
0.000000000 1 33
0.000000000 1 70
0.000000000 3 126
0.000000000 5 98
0.000000000 3 156
0.000000000 2 139
0.000000000 42 178
0.000000000 3 91
0.000000000 1001 102
0.000000000 1007 175
0.000000000 15 15
0.000000000 1655 17
0.000000000 48 138
0.000000000 33 87
0.000000000 57 24
0.000000000 520 47
0.000000000 1 27
0.000000000 46 192
0.000000000 1135 103
0.000000000 1684 171
0.000000000 123 122
0.000000000 275 91
0.000000000 79 19
0.000000000 1 176
0.000000000 259 161
0.000000000 314 115
0.000000000 3 50
0.000000000 2 133
0.000000000 3460 112
0.000000000 10 79
0.000000000 6 51
0.000000000 3268 62
0.000000000 7 85
0.000000000 1 146
0.000000000 9 65
0.000000000 54 101
0.000000000 3063 16
0.000000000 542 16
0.000000000 5 59
0.000000000 344 100
0.000000000 104 191
0.000000000 9 87
0.000000000 11 139
0.000000000 509 183
0.000000000 4 142
0.000000000 866 200
0.000000000 2 178
0.000000000 4 122
0.000000000 7 30
0.000000000 131 114
0.000000000 23 125
0.000000000 31 125
0.000000000 51 128
0.000000000 11 127
0.000000000 204 22
0.000000000 43 16
0.000000000 529 111
0.000000000 2351 7
0.000000000 1129 119
0.000000000 48 32
0.000000000 2046 136
0.000000000 482 88
0.000000000 1207 88
0.000000000 1723 112
0.000000000 627 114
0.000000000 702 155
0.000000000 150 8
0.000000000 22 81
0.000000000 484 19
0.000000000 1288 53
0.000000000 45 121
0.000000000 4 6
0.000000000 1 23
0.000000000 617 188
0.000000000 31 197
0.000000000 1 126
0.000000000 1 64
0.000000000 3722 116
0.000000000 1485 99
0.000000000 366 96
0.000000000 713 73
0.000000000 190 1
0.000000000 39 111
0.000000000 387 111
0.000000000 1232 108
0.000000000 208 40
0.000000000 39 95
0.000000000 702 127
0.000000000 106 166
0.000000000 62 44
0.000000000 39 172
0.000000000 595 198
0.000000000 10 106
0.000000000 4 31
0.000000000 685 78
0.000000000 39 27
0.000000000 146 56
0.000000000 1 100
0.000000000 50 153
0.000000000 8 174
0.000000000 224 123
0.000000000 38 151
0.000000000 32 116
0.000000000 55 7
0.000000000 697 138
0.000000000 2 9
0.000000000 5 158
0.000000000 577 43
0.000000000 22 112
0.000000000 3208 6
0.000000000 331 57
0.000000000 58 48
0.000000000 276 30
0.000000000 272 5
0.000000000 40 4
0.000000000 5 53
0.000000000 7 36
0.000000000 5 48
0.000000000 5 73
0.000000000 497 178
0.000000000 120 180
0.000000000 1 28
0.000000000 861 119
0.000000000 49 54
0.000000000 8 63
0.000000000 693 124
0.000000000 116 1
0.000000000 233 39
0.000000000 245 154
0.000000000 30 131
0.000000000 2890 70
0.000000000 392 56
0.000000000 83 20
0.000000000 3771 104
0.000000000 1649 118
0.000000000 396 192
0.000000000 28 85
0.000000000 51 80
0.000000000 1 188
0.000000000 3079 98
0.000000000 2 159
0.000000000 6 81
0.000000000 10 92
0.000000000 2 192
0.000000000 184 155
0.000000000 17 159
0.000000000 8 15
0.000000000 2493 181
0.000000000 3668 20
0.000000000 715 143
0.000000000 66 63
0.000000000 318 168
0.000000000 934 58
0.000000000 2 172
0.000000000 539 179
0.000000000 36 69
0.000000000 806 34
