3 8.543750222 0.037538148 3.681101479 3638.939994532 7
206.346769294 172.812291574 3.544323646 0.023092188 20754.713668479 0.250000000 0.750000000
21
1 0.155420727 0.931352973 0.092978702 0.538118001 16.198675271 0.141536320
2 0.167907446 0.987365349 0.096361260 0.542387941 16.206575667 0.149066085
4 0.192880885 1.099390100 0.103126376 -1.000000000 16.222376460 0.164125616
8 0.242827761 1.323439604 0.116656607 0.568007585 16.253978045 -1.000000000
16 0.342721515 1.771538612 0.143717069 0.602167111 16.317181216 0.254482799
32 0.542509022 2.667736627 0.197837992 0.670486162 -1.000000000 0.374959044
64 0.942084036 4.460132657 0.306079840 0.807124265 16.696400239 -1.000000000
128 1.741234063 8.044924718 0.522563536 1.080400470 17.202025602 1.097816512
256 -1.000000000 15.214508839 0.955530927 1.626952880 18.213276330 2.061626470
512 6.536134230 29.553677081 1.821465709 2.720057700 20.235777786 3.989246386
1024 -1.000000000 58.232013565 3.553335273 4.906267341 24.280780697 7.844486217
1260 15.876200180 71.450934288 4.351618900 5.913973347 -1.000000000 9.621510826
1573 19.784543285 88.982807959 5.410359474 7.250464787 28.618098271 -1.000000000
1986 24.941558308 112.115919224 -1.000000000 9.013950298 31.880961947 15.088120430
2048 25.715734897 115.588686533 7.017074402 9.278686621 -1.000000000 15.554965879
2120 26.614778679 119.621577601 7.260618559 9.586122352 32.939615053 16.097108980
2498 31.334758530 140.794255708 8.539225386 11.200159938 -1.000000000 -1.000000000
3004 -1.000000000 169.136517936 10.250799604 13.360749934 39.923565391 22.753421501
3436 43.047301125 193.333864345 -1.000000000 15.205364318 43.336536597 26.006280108
4000 50.089810745 224.924844378 13.619827115 17.613610875 47.792360116 30.253067734
4096 51.288535787 230.302032469 13.944552658 18.023525183 48.550798162 30.975925203
2000
0.000000000 31 93
0.000000000 56 90
0.000000000 2 134
0.000000000 21 6
0.000000000 3348 102
0.000000000 394 7
0.000000000 1724 132
0.000000000 30 199
0.000000000 2 114
0.000000000 71 19
0.000000000 24 124
0.000000000 667 129
0.000000000 30 18
0.000000000 9 45
0.000000000 416 129
0.000000000 220 80
0.000000000 1007 119
0.000000000 3074 186
0.000000000 17 84
0.000000000 218 144
0.000000000 63 39
0.000000000 3592 14
0.000000000 21 89
0.000000000 1340 129
0.000000000 2762 11
0.000000000 1206 108
0.000000000 1 61
0.000000000 922 129
0.000000000 111 159
0.000000000 1187 134
0.000000000 1073 63
0.000000000 1800 158
0.000000000 116 172
0.000000000 2961 100
0.000000000 92 112
0.000000000 550 4
0.000000000 423 128
0.000000000 179 50
0.000000000 3 149
0.000000000 3053 141
0.000000000 5 42
0.000000000 93 6
0.000000000 12 34
0.000000000 12 183
0.000000000 304 178
0.000000000 9 135
0.000000000 31 77
0.000000000 15 7
0.000000000 193 58
0.000000000 110 129
0.000000000 4 76
0.000000000 781 102
0.000000000 2523 14
0.000000000 29 136
0.000000000 1 61
0.000000000 3 4
0.000000000 4026 163
0.000000000 4 194
0.000000000 543 168
0.000000000 22 77
0.000000000 4 191
0.000000000 2 31
0.000000000 3 27
0.000000000 31 64
0.000000000 76 158
0.000000000 4 90
0.000000000 3 163
0.000000000 4 32
0.000000000 94 8
0.000000000 521 58
0.000000000 1 75
0.000000000 118 39
0.000000000 23 90
0.000000000 1923 81
0.000000000 2 56
0.000000000 21 119
0.000000000 5 134
0.000000000 4 46
0.000000000 1 57
0.000000000 1301 68
0.000000000 38 128
0.000000000 283 36
0.000000000 12 98
0.000000000 73 45
0.000000000 6 136
0.000000000 32 157
0.000000000 203 182
0.000000000 9 146
0.000000000 913 124
0.000000000 104 110
0.000000000 87 64
0.000000000 5 154
0.000000000 790 138
0.000000000 3671 150
0.000000000 2435 139
0.000000000 232 82
0.000000000 245 74
0.000000000 230 16
0.000000000 98 190
0.000000000 3427 15
0.000000000 1282 43
0.000000000 2204 13
0.000000000 1 117
0.000000000 1755 147
0.000000000 372 182
0.000000000 1198 133
0.000000000 57 82
0.000000000 27 91
0.000000000 175 91
0.000000000 1977 197
0.000000000 94 182
0.000000000 2866 112
0.000000000 6 83
0.000000000 3898 12
0.000000000 813 57
0.000000000 168 157
0.000000000 6 155
0.000000000 1601 42
0.000000000 7 69
0.000000000 436 145
0.000000000 2337 59
0.000000000 3 125
0.000000000 155 112
0.000000000 44 127
0.000000000 1672 23
0.000000000 1390 152
0.000000000 4 71
0.000000000 13 34
0.000000000 40 131
0.000000000 68 184
0.000000000 842 136
0.000000000 3822 47
0.000000000 165 157
0.000000000 128 38
0.000000000 464 149
0.000000000 1417 120
0.000000000 1 116
0.000000000 1448 165
0.000000000 23 69
0.000000000 88 127
0.000000000 2511 20
0.000000000 20 161
0.000000000 30 20
0.000000000 1 39
0.000000000 8 49
0.000000000 1 78
0.000000000 476 158
0.000000000 3948 109
0.000000000 3 199
0.000000000 12 40
0.000000000 29 195
0.000000000 175 13
0.000000000 584 146
0.000000000 1 191
0.000000000 10 30
0.000000000 1655 20
0.000000000 4 113
0.000000000 66 134
0.000000000 5 119
0.000000000 29 105
0.000000000 9 157
0.000000000 3156 42
0.000000000 679 140
0.000000000 24 153
0.000000000 352 112
0.000000000 65 88
0.000000000 77 98
0.000000000 3 23
0.000000000 803 166
0.000000000 953 82
0.000000000 6 75
0.000000000 220 118
0.000000000 84 59
0.000000000 1520 75
0.000000000 5 131
0.000000000 12 113
0.000000000 2633 6
0.000000000 75 174
0.000000000 8 3
0.000000000 34 106
0.000000000 2775 44
0.000000000 359 120
0.000000000 978 62
0.000000000 252 172
0.000000000 257 44
0.000000000 6 55
0.000000000 3156 128
0.000000000 3996 52
0.000000000 2785 138
0.000000000 101 84
0.000000000 3973 11
0.000000000 22 34
0.000000000 38 62
0.000000000 274 118
0.000000000 2 189
0.000000000 388 153
0.000000000 4 22
0.000000000 584 148
0.000000000 1 90
0.000000000 98 88
0.000000000 2 160
0.000000000 125 190
0.000000000 509 13
0.000000000 264 162
0.000000000 2665 151
0.000000000 91 140
0.000000000 1 152
0.000000000 8 146
0.000000000 1617 43
0.000000000 48 93
0.000000000 4 125
0.000000000 2 27
0.000000000 1681 189
0.000000000 74 134
0.000000000 239 86
0.000000000 83 55
0.000000000 434 35
0.000000000 1 98
0.000000000 9 116
0.000000000 3828 37
0.000000000 18 128
0.000000000 8 18
0.000000000 1047 6
0.000000000 8 132
0.000000000 2 42
0.000000000 1 78
0.000000000 264 29
0.000000000 248 105
0.000000000 881 102
0.000000000 3 18
0.000000000 2737 167
0.000000000 6 157
0.000000000 207 60
0.000000000 32 110
0.000000000 231 104
0.000000000 883 50
0.000000000 1 164
0.000000000 7 45
0.000000000 35 42
0.000000000 3 141
0.000000000 7 47
0.000000000 6 12
0.000000000 2 102
0.000000000 7 97
0.000000000 2241 125
0.000000000 5 38
0.000000000 780 117
0.000000000 4 88
0.000000000 184 34
0.000000000 2886 60
0.000000000 45 155
0.000000000 446 128
0.000000000 2 170
0.000000000 2 43
0.000000000 2931 127
0.000000000 146 46
0.000000000 303 99
0.000000000 16 85
0.000000000 1 44
0.000000000 61 145
0.000000000 4 14
0.000000000 564 46
0.000000000 19 43
0.000000000 28 161
0.000000000 9 149
0.000000000 373 53
0.000000000 1039 194
0.000000000 842 151
0.000000000 674 132
0.000000000 449 68
0.000000000 115 141
0.000000000 538 9
0.000000000 732 186
0.000000000 1 6
0.000000000 73 66
0.000000000 35 39
0.000000000 559 96
0.000000000 106 91
0.000000000 2 186
0.000000000 10 85
0.000000000 2554 103
0.000000000 1 118
0.000000000 1 51
0.000000000 181 9
0.000000000 32 103
0.000000000 2 68
0.000000000 736 112
0.000000000 2359 12
0.000000000 1815 180
0.000000000 41 200
0.000000000 5 195
0.000000000 563 169
0.000000000 22 6
0.000000000 1 186
0.000000000 446 102
0.000000000 39 190
0.000000000 1 87
0.000000000 708 68
0.000000000 49 77
0.000000000 3 173
0.000000000 75 141
0.000000000 1 95
0.000000000 2141 163
0.000000000 2 194
0.000000000 313 41
0.000000000 271 7
0.000000000 6 130
0.000000000 29 178
0.000000000 135 105
0.000000000 141 35
0.000000000 657 46
0.000000000 6 52
0.000000000 422 84
0.000000000 8 190
0.000000000 9 22
0.000000000 2537 171
0.000000000 102 158
0.000000000 4 48
0.000000000 1 15
0.000000000 494 14
0.000000000 3 120
0.000000000 2077 5
0.000000000 125 177
0.000000000 379 132
0.000000000 1 157
0.000000000 45 129
0.000000000 1390 134
0.000000000 1 8
0.000000000 2507 67
0.000000000 102 147
0.000000000 78 6
0.000000000 3311 147
0.000000000 4 169
0.000000000 2648 189
0.000000000 94 190
0.000000000 358 176
0.000000000 9 161
0.000000000 32 95
0.000000000 34 146
0.000000000 2 153
0.000000000 262 160
0.000000000 3 120
0.000000000 391 19
0.000000000 6 151
0.000000000 217 23
0.000000000 51 33
0.000000000 3 44
0.000000000 63 15
0.000000000 4 174
0.000000000 20 115
0.000000000 164 54
0.000000000 726 181
0.000000000 29 25
0.000000000 2124 167
0.000000000 3394 31
0.000000000 121 92
0.000000000 301 188
0.000000000 76 144
0.000000000 32 23
0.000000000 697 67
0.000000000 3984 47
0.000000000 6 142
0.000000000 1 194
0.000000000 432 3
0.000000000 2986 75
0.000000000 31 22
0.000000000 524 160
0.000000000 6 126
0.000000000 179 83
0.000000000 1 50
0.000000000 1857 97
0.000000000 2027 190
0.000000000 42 183
0.000000000 103 76
0.000000000 1 161
0.000000000 4 148
0.000000000 7 69
0.000000000 466 1
0.000000000 1804 88
0.000000000 88 76
0.000000000 4 11
0.000000000 286 21
0.000000000 27 192
0.000000000 185 153
0.000000000 1916 51
0.000000000 10 166
0.000000000 240 188
0.000000000 27 146
0.000000000 223 5
0.000000000 3466 54
0.000000000 292 90
0.000000000 1850 169
0.000000000 2 151
0.000000000 7 155
0.000000000 136 198
0.000000000 4 32
0.000000000 225 174
0.000000000 8 185
0.000000000 12 117
0.000000000 6 135
0.000000000 6 45
0.000000000 16 13
0.000000000 2357 188
0.000000000 102 179
0.000000000 3069 28
0.000000000 90 31
0.000000000 498 21
0.000000000 9 160
0.000000000 231 118
0.000000000 233 31
0.000000000 1 51
0.000000000 2772 137
0.000000000 2 61
0.000000000 63 104
0.000000000 3 198
0.000000000 1338 48
0.000000000 12 17
0.000000000 74 101
0.000000000 190 28
0.000000000 2041 99
0.000000000 33 157
0.000000000 9 8
0.000000000 3847 71
0.000000000 5 110
0.000000000 31 50
0.000000000 31 25
0.000000000 1023 186
0.000000000 2855 35
0.000000000 75 91
0.000000000 180 2
0.000000000 1 53
0.000000000 14 27
0.000000000 3 108
0.000000000 1 22
0.000000000 2 34
0.000000000 1887 164
0.000000000 42 11
0.000000000 742 142
0.000000000 82 191
0.000000000 203 2
0.000000000 7 130
0.000000000 1 151
0.000000000 3 128
0.000000000 993 96
0.000000000 3629 76
0.000000000 79 74
0.000000000 18 152
0.000000000 3153 28
0.000000000 47 44
0.000000000 3 8
0.000000000 1 85
0.000000000 88 10
0.000000000 1 167
0.000000000 9 65
0.000000000 12 87
0.000000000 4 186
0.000000000 41 155
0.000000000 45 140
0.000000000 2 130
0.000000000 486 5
0.000000000 142 177
0.000000000 74 41
0.000000000 2 94
0.000000000 237 149
0.000000000 1562 195
0.000000000 2157 172
0.000000000 381 129
0.000000000 3 59
0.000000000 99 132
0.000000000 62 167
0.000000000 260 133
0.000000000 147 94
0.000000000 10 168
0.000000000 100 156
0.000000000 13 125
0.000000000 292 179
0.000000000 2 72
0.000000000 3 12
0.000000000 128 114
0.000000000 1 178
0.000000000 34 166
0.000000000 1 65
0.000000000 3 185
0.000000000 788 189
0.000000000 734 128
0.000000000 182 164
0.000000000 40 56
0.000000000 883 134
0.000000000 2 49
0.000000000 21 30
0.000000000 9 68
0.000000000 1 44
0.000000000 1772 188
0.000000000 8 23
0.000000000 2 96
0.000000000 19 112
0.000000000 658 174
0.000000000 183 83
0.000000000 52 20
0.000000000 40 137
0.000000000 4 11
0.000000000 286 176
0.000000000 19 39
0.000000000 35 66
0.000000000 136 200
0.000000000 376 55
0.000000000 226 112
0.000000000 10 97
0.000000000 64 7
0.000000000 11 31
0.000000000 27 142
0.000000000 519 62
0.000000000 1 121
0.000000000 530 140
0.000000000 135 32
0.000000000 9 159
0.000000000 6 112
0.000000000 179 62
0.000000000 1482 95
0.000000000 5 186
0.000000000 47 109
0.000000000 1 200
0.000000000 660 146
0.000000000 532 46
0.000000000 2 197
0.000000000 37 2
0.000000000 3437 178
0.000000000 132 138
0.000000000 209 85
0.000000000 13 138
0.000000000 5 29
0.000000000 18 34
0.000000000 91 68
0.000000000 340 155
0.000000000 2 179
0.000000000 3 117
0.000000000 1 137
0.000000000 41 161
0.000000000 349 49
0.000000000 36 129
0.000000000 247 48
0.000000000 90 38
0.000000000 1384 139
0.000000000 534 122
0.000000000 150 7
0.000000000 35 198
0.000000000 123 182
0.000000000 10 33
0.000000000 10 20
0.000000000 3 116
0.000000000 115 40
0.000000000 316 165
0.000000000 48 78
0.000000000 1881 157
0.000000000 3 191
0.000000000 7 24
0.000000000 1 110
0.000000000 590 158
0.000000000 10 181
0.000000000 6 158
0.000000000 8 179
0.000000000 1814 76
0.000000000 3 37
0.000000000 43 132
0.000000000 95 36
0.000000000 1043 145
0.000000000 1 176
0.000000000 82 196
0.000000000 213 17
0.000000000 625 168
0.000000000 694 160
0.000000000 30 166
0.000000000 4 125
0.000000000 82 174
0.000000000 241 109
0.000000000 37 52
0.000000000 38 157
0.000000000 619 71
0.000000000 34 158
0.000000000 7 155
0.000000000 4 173
0.000000000 992 29
0.000000000 5 39
0.000000000 4 188
0.000000000 2418 109
0.000000000 1 18
0.000000000 1 138
0.000000000 277 75
0.000000000 13 8
0.000000000 1 194
0.000000000 3 7
0.000000000 1 17
0.000000000 546 85
0.000000000 11 126
0.000000000 223 199
0.000000000 14 134
0.000000000 1924 8
0.000000000 53 51
0.000000000 1761 135
0.000000000 10 176
0.000000000 3851 38
0.000000000 1 55
0.000000000 583 2
0.000000000 146 10
0.000000000 30 199
0.000000000 2503 62
0.000000000 457 188
0.000000000 8 63
0.000000000 2427 12
0.000000000 1 71
0.000000000 21 38
0.000000000 189 169
0.000000000 933 155
0.000000000 1 170
0.000000000 2485 48
0.000000000 1003 1
0.000000000 1 52
0.000000000 103 56
0.000000000 1225 129
0.000000000 886 141
0.000000000 3610 107
0.000000000 901 166
0.000000000 1 33
0.000000000 187 99
0.000000000 2 63
0.000000000 601 5
0.000000000 548 154
0.000000000 414 199
0.000000000 3 193
0.000000000 95 35
0.000000000 147 141
0.000000000 510 134
0.000000000 20 122
0.000000000 11 107
0.000000000 203 165
0.000000000 900 184
0.000000000 38 51
0.000000000 172 6
0.000000000 5 195
0.000000000 120 130
0.000000000 294 194
0.000000000 1626 123
0.000000000 654 57
0.000000000 2119 168
0.000000000 8 196
0.000000000 4 117
0.000000000 102 43
0.000000000 165 90
0.000000000 5 50
0.000000000 15 46
0.000000000 2 73
0.000000000 3 96
0.000000000 16 127
0.000000000 306 117
0.000000000 82 128
0.000000000 229 11
0.000000000 3 106
0.000000000 75 58
0.000000000 115 13
0.000000000 7 42
0.000000000 51 14
0.000000000 732 110
0.000000000 38 40
0.000000000 55 132
0.000000000 293 114
0.000000000 127 34
0.000000000 4064 182
0.000000000 652 74
0.000000000 1 121
0.000000000 14 35
0.000000000 5 117
0.000000000 297 11
0.000000000 3401 55
0.000000000 60 53
0.000000000 1794 131
0.000000000 55 25
0.000000000 65 106
0.000000000 1196 19
0.000000000 1315 144
0.000000000 128 194
0.000000000 27 92
0.000000000 821 186
0.000000000 30 131
0.000000000 1799 104
0.000000000 330 107
0.000000000 212 177
0.000000000 1 136
0.000000000 6 76
0.000000000 180 31
0.000000000 772 155
0.000000000 33 173
0.000000000 2 54
0.000000000 2 55
0.000000000 112 86
0.000000000 1243 198
0.000000000 98 187
0.000000000 2316 196
0.000000000 16 159
0.000000000 3086 107
0.000000000 2 111
0.000000000 99 139
0.000000000 2745 110
0.000000000 2 7
0.000000000 2724 122
0.000000000 1 112
0.000000000 363 126
0.000000000 9 52
0.000000000 1 130
0.000000000 8 154
0.000000000 738 101
0.000000000 2 33
0.000000000 630 8
0.000000000 62 25
0.000000000 5 169
0.000000000 53 7
0.000000000 46 163
0.000000000 1032 61
0.000000000 1 166
0.000000000 4 26
0.000000000 985 89
0.000000000 209 55
0.000000000 6 174
0.000000000 1 84
0.000000000 257 36
0.000000000 2351 180
0.000000000 5 129
0.000000000 131 184
0.000000000 2 107
0.000000000 1 119
0.000000000 697 102
0.000000000 13 25
0.000000000 20 19
0.000000000 272 77
0.000000000 103 177
0.000000000 195 6
0.000000000 1872 13
0.000000000 88 24
0.000000000 369 34
0.000000000 164 35
0.000000000 13 142
0.000000000 1 117
0.000000000 1188 25
0.000000000 8 172
0.000000000 135 4
0.000000000 467 37
0.000000000 495 124
0.000000000 34 54
0.000000000 436 159
0.000000000 435 114
0.000000000 4 96
0.000000000 624 116
0.000000000 42 35
0.000000000 25 162
0.000000000 2 138
0.000000000 10 169
0.000000000 160 101
0.000000000 449 36
0.000000000 291 93
0.000000000 204 151
0.000000000 47 58
0.000000000 1100 23
0.000000000 3 22
0.000000000 315 47
0.000000000 163 66
0.000000000 1 101
0.000000000 93 102
0.000000000 117 176
0.000000000 178 193
0.000000000 25 24
0.000000000 146 76
0.000000000 192 191
0.000000000 5 136
0.000000000 1331 125
0.000000000 909 105
0.000000000 1 92
0.000000000 1 1
0.000000000 12 87
0.000000000 101 45
0.000000000 99 112
0.000000000 7 29
0.000000000 3600 153
0.000000000 26 66
0.000000000 1878 191
0.000000000 2080 28
0.000000000 89 178
0.000000000 2 174
0.000000000 143 188
0.000000000 13 130
0.000000000 436 6
0.000000000 121 160
0.000000000 41 40
0.000000000 3 123
0.000000000 734 35
0.000000000 19 2
0.000000000 523 128
0.000000000 53 56
0.000000000 92 134
0.000000000 10 10
0.000000000 1501 2
0.000000000 1052 183
0.000000000 1 96
0.000000000 11 19
0.000000000 4 198
0.000000000 110 172
0.000000000 25 81
0.000000000 17 17
0.000000000 44 173
0.000000000 84 29
0.000000000 3 45
0.000000000 2 40
0.000000000 253 181
0.000000000 12 18
0.000000000 1757 105
0.000000000 7 57
0.000000000 35 50
0.000000000 1036 4
0.000000000 431 175
0.000000000 74 28
0.000000000 2379 143
0.000000000 3297 100
0.000000000 1005 115
0.000000000 1 125
0.000000000 137 28
0.000000000 17 18
0.000000000 33 33
0.000000000 4015 63
0.000000000 20 140
0.000000000 2 40
0.000000000 1 104
0.000000000 1 58
0.000000000 20 123
0.000000000 97 94
0.000000000 1054 97
0.000000000 166 111
0.000000000 1 86
0.000000000 741 163
0.000000000 3 85
0.000000000 8 6
0.000000000 942 6
0.000000000 1066 143
0.000000000 5 158
0.000000000 27 14
0.000000000 20 123
0.000000000 1596 83
0.000000000 1 144
0.000000000 25 52
0.000000000 4 49
0.000000000 66 113
0.000000000 977 55
0.000000000 2 193
0.000000000 8 172
0.000000000 26 67
0.000000000 2774 57
0.000000000 2 159
0.000000000 20 29
0.000000000 35 140
0.000000000 781 93
0.000000000 2 168
0.000000000 2 98
0.000000000 2820 177
0.000000000 1 168
0.000000000 140 145
0.000000000 7 190
0.000000000 77 134
0.000000000 7 50
0.000000000 167 152
0.000000000 1241 45
0.000000000 14 85
0.000000000 16 42
0.000000000 7 53
0.000000000 1517 178
0.000000000 485 94
0.000000000 1 2
0.000000000 147 186
0.000000000 17 35
0.000000000 30 49
0.000000000 2 61
0.000000000 2521 34
0.000000000 3103 71
0.000000000 256 29
0.000000000 24 31
0.000000000 20 158
0.000000000 234 70
0.000000000 2800 149
0.000000000 172 25
0.000000000 1783 188
0.000000000 25 102
0.000000000 51 41
0.000000000 4 16
0.000000000 8 25
0.000000000 14 80
0.000000000 3609 76
0.000000000 10 197
0.000000000 394 48
0.000000000 3 127
0.000000000 1 111
0.000000000 2345 124
0.000000000 8 10
0.000000000 67 69
0.000000000 3 124
0.000000000 145 149
0.000000000 761 24
0.000000000 356 107
0.000000000 8 198
0.000000000 438 179
0.000000000 40 48
0.000000000 3075 80
0.000000000 3 138
0.000000000 12 197
0.000000000 1 51
0.000000000 280 55
0.000000000 2 68
0.000000000 1 95
0.000000000 15 41
0.000000000 25 86
0.000000000 2006 122
0.000000000 14 92
0.000000000 39 134
0.000000000 3561 73
0.000000000 1 51
0.000000000 3 131
0.000000000 55 9
0.000000000 182 15
0.000000000 1376 193
0.000000000 9 9
0.000000000 5 140
0.000000000 3117 60
0.000000000 202 17
0.000000000 298 199
0.000000000 496 79
0.000000000 2082 168
0.000000000 716 5
0.000000000 116 17
0.000000000 8 39
0.000000000 2 131
0.000000000 1261 10
0.000000000 20 58
0.000000000 153 65
0.000000000 24 182
0.000000000 18 105
0.000000000 1277 80
0.000000000 679 119
0.000000000 36 176
0.000000000 1651 57
0.000000000 3079 69
0.000000000 10 124
0.000000000 441 132
0.000000000 15 33
0.000000000 27 146
0.000000000 2 19
0.000000000 2048 55
0.000000000 125 43
0.000000000 349 12
0.000000000 66 178
0.000000000 770 140
0.000000000 275 166
0.000000000 7 113
0.000000000 3863 33
0.000000000 1 130
0.000000000 2 52
0.000000000 189 79
0.000000000 15 181
0.000000000 3 65
0.000000000 3 58
0.000000000 29 144
0.000000000 319 67
0.000000000 59 184
0.000000000 1 7
0.000000000 43 43
0.000000000 360 29
0.000000000 3 33
0.000000000 3 193
0.000000000 618 100
0.000000000 797 127
0.000000000 2336 186
0.000000000 5 76
0.000000000 230 116
0.000000000 4 182
0.000000000 106 73
0.000000000 2264 92
0.000000000 1 97
0.000000000 445 49
0.000000000 2 39
0.000000000 325 26
0.000000000 2820 107
0.000000000 44 1
0.000000000 316 101
0.000000000 42 153
0.000000000 48 174
0.000000000 11 13
0.000000000 1545 106
0.000000000 19 102
0.000000000 127 1
0.000000000 246 195
0.000000000 6 194
0.000000000 9 180
0.000000000 6 9
0.000000000 190 144
0.000000000 199 172
0.000000000 2444 49
0.000000000 351 18
0.000000000 1596 140
0.000000000 3 4
0.000000000 480 168
0.000000000 10 34
0.000000000 3060 152
0.000000000 1 64
0.000000000 1705 29
0.000000000 638 80
0.000000000 1 128
0.000000000 630 32
0.000000000 5 113
0.000000000 959 42
0.000000000 49 151
0.000000000 1 80
0.000000000 6 147
0.000000000 1 116
0.000000000 801 85
0.000000000 135 104
0.000000000 24 186
0.000000000 1 52
0.000000000 43 91
0.000000000 1 19
0.000000000 77 129
0.000000000 176 183
0.000000000 44 124
0.000000000 11 181
0.000000000 499 72
0.000000000 88 77
0.000000000 1 66
0.000000000 1 31
0.000000000 4 8
0.000000000 17 139
0.000000000 293 169
0.000000000 5 39
0.000000000 3 181
0.000000000 204 75
0.000000000 332 65
0.000000000 59 49
0.000000000 2 30
0.000000000 21 89
0.000000000 1 61
0.000000000 94 61
0.000000000 3 171
0.000000000 9 113
0.000000000 49 181
0.000000000 1763 116
0.000000000 156 33
0.000000000 16 69
0.000000000 3 80
0.000000000 84 24
0.000000000 1598 112
0.000000000 2432 116
0.000000000 2 44
0.000000000 1065 141
0.000000000 363 147
0.000000000 3 193
0.000000000 397 98
0.000000000 1 150
0.000000000 801 191
0.000000000 9 151
0.000000000 4 62
0.000000000 144 117
0.000000000 1 189
0.000000000 1524 20
0.000000000 26 119
0.000000000 3271 72
0.000000000 42 76
0.000000000 1077 191
0.000000000 1014 156
0.000000000 3732 46
0.000000000 2 154
0.000000000 5 20
0.000000000 3992 133
0.000000000 48 13
0.000000000 2 106
0.000000000 1 40
0.000000000 1 128
0.000000000 49 108
0.000000000 6 21
0.000000000 4 122
0.000000000 22 137
0.000000000 58 89
0.000000000 1 136
0.000000000 121 130
0.000000000 46 167
0.000000000 370 194
0.000000000 44 16
0.000000000 6 48
0.000000000 1 37
0.000000000 53 160
0.000000000 1 146
0.000000000 1 150
0.000000000 1531 135
0.000000000 19 86
0.000000000 187 177
0.000000000 39 177
0.000000000 747 2
0.000000000 926 132
0.000000000 145 196
0.000000000 11 154
0.000000000 11 70
0.000000000 91 13
0.000000000 89 17
0.000000000 3194 79
0.000000000 633 102
0.000000000 3285 47
0.000000000 8 158
0.000000000 62 62
0.000000000 1141 88
0.000000000 18 144
0.000000000 3996 175
0.000000000 3 134
0.000000000 28 117
0.000000000 1 42
0.000000000 2 178
0.000000000 3 2
0.000000000 94 77
0.000000000 71 146
0.000000000 25 146
0.000000000 849 80
0.000000000 116 82
0.000000000 3191 76
0.000000000 9 34
0.000000000 54 137
0.000000000 1814 60
0.000000000 3430 189
0.000000000 3133 30
0.000000000 1395 123
0.000000000 1 57
0.000000000 771 130
0.000000000 14 11
0.000000000 1646 79
0.000000000 2410 180
0.000000000 2 25
0.000000000 57 135
0.000000000 3 152
0.000000000 1 61
0.000000000 33 140
0.000000000 53 43
0.000000000 1989 74
0.000000000 1424 190
0.000000000 9 74
0.000000000 8 7
0.000000000 54 4
0.000000000 89 94
0.000000000 43 179
0.000000000 116 29
0.000000000 27 145
0.000000000 10 161
0.000000000 1 118
0.000000000 187 184
0.000000000 6 81
0.000000000 100 85
0.000000000 21 37
0.000000000 1 73
0.000000000 863 151
0.000000000 527 165
0.000000000 494 84
0.000000000 4 92
0.000000000 1 30
0.000000000 152 54
0.000000000 127 187
0.000000000 57 192
0.000000000 2016 66
0.000000000 1 12
0.000000000 222 53
0.000000000 182 123
0.000000000 2 35
0.000000000 2 192
0.000000000 8 188
0.000000000 814 199
0.000000000 1 53
0.000000000 110 26
0.000000000 16 132
0.000000000 886 78
0.000000000 3111 10
0.000000000 13 147
0.000000000 1 130
0.000000000 45 147
0.000000000 2145 171
0.000000000 1645 168
0.000000000 1 188
0.000000000 32 150
0.000000000 22 86
0.000000000 181 157
0.000000000 470 10
0.000000000 365 63
0.000000000 433 43
0.000000000 19 111
0.000000000 537 5
0.000000000 9 189
0.000000000 3 153
0.000000000 11 194
0.000000000 32 181
0.000000000 17 81
0.000000000 4 70
0.000000000 16 139
0.000000000 1176 66
0.000000000 1113 114
0.000000000 333 175
0.000000000 8 73
0.000000000 24 24
0.000000000 3640 19
0.000000000 1 170
0.000000000 1648 175
0.000000000 3151 172
0.000000000 545 49
0.000000000 74 123
0.000000000 1429 181
0.000000000 29 200
0.000000000 2 41
0.000000000 104 109
0.000000000 4 22
0.000000000 1 167
0.000000000 786 178
0.000000000 8 121
0.000000000 315 132
0.000000000 7 131
0.000000000 1016 59
0.000000000 127 120
0.000000000 3 195
0.000000000 230 20
0.000000000 408 198
0.000000000 577 182
0.000000000 1627 101
0.000000000 1 117
0.000000000 5 161
0.000000000 3 39
0.000000000 626 74
0.000000000 28 85
0.000000000 517 148
0.000000000 123 86
0.000000000 105 158
0.000000000 42 12
0.000000000 79 161
0.000000000 332 174
0.000000000 73 131
0.000000000 7 21
0.000000000 1289 60
0.000000000 133 47
0.000000000 35 166
0.000000000 70 50
0.000000000 84 74
0.000000000 2 152
0.000000000 2 180
0.000000000 192 91
0.000000000 32 14
0.000000000 8 20
0.000000000 1970 133
0.000000000 40 143
0.000000000 12 161
0.000000000 2 193
0.000000000 830 47
0.000000000 2 122
0.000000000 1938 82
0.000000000 1088 14
0.000000000 21 189
0.000000000 3574 4
0.000000000 11 194
0.000000000 2955 57
0.000000000 9 37
0.000000000 88 11
0.000000000 10 93
0.000000000 1 190
0.000000000 11 102
0.000000000 57 115
0.000000000 73 11
0.000000000 19 187
0.000000000 1 149
0.000000000 477 40
0.000000000 370 161
0.000000000 36 62
0.000000000 75 56
0.000000000 5 111
0.000000000 13 150
0.000000000 3 95
0.000000000 55 6
0.000000000 19 122
0.000000000 767 103
0.000000000 16 39
0.000000000 2 91
0.000000000 23 106
0.000000000 11 112
0.000000000 207 140
0.000000000 6 129
0.000000000 60 33
0.000000000 168 192
0.000000000 3 11
0.000000000 1 96
0.000000000 3590 110
0.000000000 433 185
0.000000000 14 42
0.000000000 24 105
0.000000000 13 77
0.000000000 1 155
0.000000000 7 192
0.000000000 75 189
0.000000000 10 119
0.000000000 2050 3
0.000000000 23 90
0.000000000 63 169
0.000000000 75 32
0.000000000 16 159
0.000000000 970 123
0.000000000 16 134
0.000000000 46 64
0.000000000 4 141
0.000000000 30 169
0.000000000 13 134
0.000000000 1 165
0.000000000 235 24
0.000000000 4 49
0.000000000 590 124
0.000000000 10 49
0.000000000 87 3
0.000000000 1514 181
0.000000000 434 118
0.000000000 1 67
0.000000000 16 35
0.000000000 1 63
0.000000000 827 170
0.000000000 14 159
0.000000000 2603 127
0.000000000 5 92
0.000000000 1 28
0.000000000 27 83
0.000000000 1 22
0.000000000 1 29
0.000000000 233 122
0.000000000 1 17
0.000000000 1 131
0.000000000 1297 60
0.000000000 3 93
0.000000000 728 3
0.000000000 4 80
0.000000000 513 70
0.000000000 376 133
0.000000000 4 85
0.000000000 3635 85
0.000000000 69 92
0.000000000 294 14
0.000000000 11 76
0.000000000 1379 101
0.000000000 2619 71
0.000000000 4 104
0.000000000 289 141
0.000000000 39 57
0.000000000 210 130
0.000000000 3524 87
0.000000000 23 166
0.000000000 3204 76
0.000000000 2 164
0.000000000 35 29
0.000000000 3 6
0.000000000 15 65
0.000000000 5 142
0.000000000 3 193
0.000000000 9 143
0.000000000 110 172
0.000000000 3 171
0.000000000 2 39
0.000000000 1 155
0.000000000 1739 180
0.000000000 9 152
0.000000000 323 62
0.000000000 1258 119
0.000000000 4012 139
0.000000000 128 117
0.000000000 14 138
0.000000000 311 8
0.000000000 1 61
0.000000000 2056 187
0.000000000 2 37
0.000000000 1196 187
0.000000000 244 84
0.000000000 20 59
0.000000000 46 147
0.000000000 104 162
0.000000000 407 2
0.000000000 28 146
0.000000000 189 63
0.000000000 3501 162
0.000000000 2 19
0.000000000 956 191
0.000000000 29 17
0.000000000 4 151
0.000000000 208 13
0.000000000 584 93
0.000000000 3 110
0.000000000 70 198
0.000000000 3722 15
0.000000000 2969 180
0.000000000 790 17
0.000000000 1054 37
0.000000000 978 121
0.000000000 1 33
0.000000000 13 132
0.000000000 2 77
0.000000000 1 18
0.000000000 2336 139
0.000000000 6 119
0.000000000 7 171
0.000000000 17 139
0.000000000 10 72
0.000000000 1 97
0.000000000 132 53
0.000000000 10 69
0.000000000 104 111
0.000000000 11 162
0.000000000 31 59
0.000000000 19 24
0.000000000 5 164
0.000000000 19 21
0.000000000 35 144
0.000000000 17 51
0.000000000 3 98
0.000000000 945 75
0.000000000 2 35
0.000000000 1226 85
0.000000000 2330 48
0.000000000 2611 26
0.000000000 2 193
0.000000000 4 111
0.000000000 18 74
0.000000000 476 168
0.000000000 67 77
0.000000000 54 17
0.000000000 954 185
0.000000000 764 60
0.000000000 1 52
0.000000000 95 61
0.000000000 287 63
0.000000000 197 106
0.000000000 66 34
0.000000000 338 98
0.000000000 89 2
0.000000000 8 78
0.000000000 435 93
0.000000000 239 131
0.000000000 3 146
0.000000000 49 50
0.000000000 2108 190
0.000000000 593 4
0.000000000 23 89
0.000000000 3 180
0.000000000 70 60
0.000000000 133 33
0.000000000 3189 58
0.000000000 31 154
0.000000000 2761 170
0.000000000 1722 112
0.000000000 965 115
0.000000000 40 75
0.000000000 159 170
0.000000000 136 32
0.000000000 1186 96
0.000000000 2 30
0.000000000 50 113
0.000000000 1021 124
0.000000000 72 7
0.000000000 92 22
0.000000000 400 18
0.000000000 11 32
0.000000000 5 92
0.000000000 1655 125
0.000000000 2 100
0.000000000 65 130
0.000000000 61 57
0.000000000 518 117
0.000000000 1176 119
0.000000000 5 100
0.000000000 162 133
0.000000000 6 99
0.000000000 2600 159
0.000000000 2866 106
0.000000000 956 107
0.000000000 2203 145
0.000000000 2305 34
0.000000000 451 78
0.000000000 3 119
0.000000000 32 87
0.000000000 23 167
0.000000000 16 138
0.000000000 664 27
0.000000000 10 160
0.000000000 64 58
0.000000000 52 199
0.000000000 347 102
0.000000000 9 192
0.000000000 34 52
0.000000000 21 146
0.000000000 340 78
0.000000000 4 186
0.000000000 4 101
0.000000000 3898 77
0.000000000 7 149
0.000000000 1 178
0.000000000 96 116
0.000000000 29 71
0.000000000 128 105
0.000000000 157 164
0.000000000 1 72
0.000000000 6 136
0.000000000 375 120
0.000000000 4 170
0.000000000 55 24
0.000000000 1017 65
0.000000000 65 101
0.000000000 2865 8
0.000000000 389 199
0.000000000 1 191
0.000000000 119 52
0.000000000 4034 11
0.000000000 1217 197
0.000000000 10 3
0.000000000 24 80
0.000000000 277 22
0.000000000 17 112
0.000000000 43 44
0.000000000 11 146
0.000000000 357 173
0.000000000 227 156
0.000000000 22 89
0.000000000 16 126
0.000000000 2 117
0.000000000 86 156
0.000000000 295 54
0.000000000 56 83
0.000000000 5 82
0.000000000 74 192
0.000000000 10 54
0.000000000 3 69
0.000000000 3289 126
0.000000000 1797 36
0.000000000 1 148
0.000000000 7 4
0.000000000 2 69
0.000000000 82 83
0.000000000 1223 79
0.000000000 1 155
0.000000000 33 84
0.000000000 1697 122
0.000000000 469 19
0.000000000 15 10
0.000000000 8 44
0.000000000 5 153
0.000000000 2744 119
0.000000000 132 93
0.000000000 3 150
0.000000000 7 171
0.000000000 11 10
0.000000000 14 200
0.000000000 1611 180
0.000000000 42 57
0.000000000 1121 166
0.000000000 40 20
0.000000000 2 119
0.000000000 906 110
0.000000000 57 170
0.000000000 183 79
0.000000000 919 162
0.000000000 624 108
0.000000000 1196 123
0.000000000 44 106
0.000000000 264 138
0.000000000 1 84
0.000000000 24 195
0.000000000 113 197
0.000000000 15 194
0.000000000 2 185
0.000000000 2134 69
0.000000000 10 101
0.000000000 1456 110
0.000000000 1790 78
0.000000000 1 134
0.000000000 680 153
0.000000000 189 138
0.000000000 1510 164
0.000000000 85 44
0.000000000 5 23
0.000000000 16 9
0.000000000 6 105
0.000000000 233 65
0.000000000 1 28
0.000000000 4 68
0.000000000 368 31
0.000000000 3 28
0.000000000 6 185
0.000000000 3732 56
0.000000000 29 181
0.000000000 2 198
0.000000000 3 62
0.000000000 64 72
0.000000000 116 103
0.000000000 188 184
0.000000000 381 106
0.000000000 58 147
0.000000000 2169 45
0.000000000 2 193
0.000000000 2862 73
0.000000000 127 172
0.000000000 119 25
0.000000000 7 188
0.000000000 99 11
0.000000000 332 192
0.000000000 2 56
0.000000000 1982 44
0.000000000 10 98
0.000000000 37 101
0.000000000 29 115
0.000000000 24 141
0.000000000 1 9
0.000000000 13 85
0.000000000 333 61
0.000000000 880 132
0.000000000 7 85
0.000000000 18 174
0.000000000 7 135
0.000000000 41 155
0.000000000 8 55
0.000000000 13 10
0.000000000 6 77
0.000000000 1393 89
0.000000000 234 188
0.000000000 1 11
0.000000000 113 121
0.000000000 4 21
0.000000000 438 88
0.000000000 3 89
0.000000000 949 119
0.000000000 13 72
0.000000000 538 80
0.000000000 85 152
0.000000000 398 87
0.000000000 487 63
0.000000000 1093 44
0.000000000 1 91
0.000000000 141 15
0.000000000 5 35
0.000000000 1 179
0.000000000 341 22
0.000000000 427 170
0.000000000 868 173
0.000000000 11 27
0.000000000 253 105
0.000000000 5 127
0.000000000 3400 167
0.000000000 38 122
0.000000000 3 118
0.000000000 1 120
0.000000000 2 81
0.000000000 22 20
0.000000000 33 61
0.000000000 1636 116
0.000000000 199 34
0.000000000 157 149
0.000000000 2108 4
0.000000000 110 74
0.000000000 20 187
0.000000000 185 163
0.000000000 100 16
0.000000000 998 8
0.000000000 634 122
0.000000000 1106 127
0.000000000 91 33
0.000000000 740 6
0.000000000 1 58
0.000000000 131 78
0.000000000 6 39
0.000000000 2 56
0.000000000 428 94
0.000000000 2 52
0.000000000 1 12
0.000000000 90 90
0.000000000 295 21
0.000000000 31 94
0.000000000 2 153
0.000000000 166 79
0.000000000 40 131
0.000000000 2 46
0.000000000 1166 119
0.000000000 72 58
0.000000000 13 94
0.000000000 67 95
0.000000000 1 91
0.000000000 22 196
0.000000000 64 21
0.000000000 5 129
0.000000000 94 163
0.000000000 2 85
0.000000000 2495 183
0.000000000 108 141
0.000000000 1516 9
0.000000000 87 104
0.000000000 1 170
0.000000000 7 66
0.000000000 2 94
0.000000000 13 194
0.000000000 2 197
0.000000000 15 40
0.000000000 1175 90
0.000000000 3 92
0.000000000 6 63
0.000000000 10 170
0.000000000 1862 195
0.000000000 19 65
0.000000000 288 140
0.000000000 81 81
0.000000000 2 37
0.000000000 2 17
0.000000000 3812 23
0.000000000 589 25
0.000000000 634 30
0.000000000 25 78
0.000000000 911 72
0.000000000 4031 139
0.000000000 34 8
0.000000000 77 91
0.000000000 986 41
0.000000000 253 107
0.000000000 1102 114
0.000000000 1 187
0.000000000 1251 174
0.000000000 1 22
0.000000000 6 126
0.000000000 29 147
0.000000000 47 74
0.000000000 1 125
0.000000000 781 155
0.000000000 71 91
0.000000000 1 20
0.000000000 8 192
0.000000000 663 166
0.000000000 4 36
0.000000000 2403 9
0.000000000 2299 189
0.000000000 64 153
0.000000000 2929 75
0.000000000 1628 181
0.000000000 997 114
0.000000000 227 89
0.000000000 35 64
0.000000000 209 3
0.000000000 11 88
0.000000000 27 28
0.000000000 6 30
0.000000000 22 10
0.000000000 975 4
0.000000000 4 148
0.000000000 13 79
0.000000000 38 57
0.000000000 75 70
0.000000000 107 154
0.000000000 3 200
0.000000000 1 28
0.000000000 3642 43
0.000000000 367 137
0.000000000 53 23
0.000000000 796 150
0.000000000 6 135
0.000000000 1 88
0.000000000 7 120
0.000000000 16 168
0.000000000 4016 160
0.000000000 2 127
0.000000000 1 61
0.000000000 2 84
0.000000000 2 179
0.000000000 11 174
0.000000000 196 199
0.000000000 17 115
0.000000000 1 160
0.000000000 57 169
0.000000000 119 8
0.000000000 1181 70
0.000000000 2704 33
0.000000000 6 118
0.000000000 837 8
0.000000000 34 2
0.000000000 7 148
0.000000000 277 102
0.000000000 3 164
0.000000000 46 84
0.000000000 1 165
0.000000000 4 47
0.000000000 111 55
0.000000000 4 151
0.000000000 1282 103
0.000000000 1 199
0.000000000 1467 178
0.000000000 2 35
0.000000000 605 15
0.000000000 429 200
0.000000000 11 101
0.000000000 2531 97
0.000000000 2 62
0.000000000 623 175
0.000000000 52 139
0.000000000 4 124
0.000000000 817 21
0.000000000 3273 33
0.000000000 547 154
0.000000000 9 4
0.000000000 26 97
0.000000000 1519 142
0.000000000 64 57
0.000000000 639 129
0.000000000 1 110
0.000000000 405 194
0.000000000 1912 71
0.000000000 1194 164
0.000000000 1 45
0.000000000 12 110
0.000000000 88 175
0.000000000 308 9
0.000000000 3 34
0.000000000 863 1
0.000000000 12 151
0.000000000 30 160
0.000000000 12 150
0.000000000 3 176
0.000000000 6 20
0.000000000 31 116
0.000000000 73 88
0.000000000 2217 61
0.000000000 1 23
0.000000000 166 127
0.000000000 12 55
0.000000000 258 128
0.000000000 825 35
0.000000000 37 190
0.000000000 950 161
0.000000000 1 142
0.000000000 848 190
0.000000000 139 114
0.000000000 226 20
0.000000000 96 178
0.000000000 3294 185
0.000000000 2052 37
0.000000000 2555 144
0.000000000 46 165
0.000000000 41 132
0.000000000 5 21
0.000000000 2 154
0.000000000 69 65
0.000000000 2496 44
0.000000000 3489 37
0.000000000 876 149
0.000000000 5 26
0.000000000 2993 158
0.000000000 70 108
0.000000000 56 68
0.000000000 126 186
0.000000000 1022 19
0.000000000 352 1
0.000000000 3 76
0.000000000 212 110
0.000000000 258 56
0.000000000 1 65
0.000000000 1 20
0.000000000 1046 40
0.000000000 1205 183
0.000000000 49 130
0.000000000 249 41
0.000000000 1715 105
0.000000000 1582 19
0.000000000 5 150
0.000000000 3 51
0.000000000 1 133
0.000000000 106 113
0.000000000 25 120
0.000000000 10 17
0.000000000 31 105
0.000000000 1 18
0.000000000 16 25
0.000000000 1 195
0.000000000 21 146
0.000000000 19 71
0.000000000 47 199
0.000000000 4053 50
0.000000000 6 153
0.000000000 58 121
0.000000000 23 198
0.000000000 58 115
0.000000000 22 89
0.000000000 1 75
0.000000000 292 48
0.000000000 123 178
0.000000000 2 64
0.000000000 5 48
0.000000000 2942 79
0.000000000 571 148
0.000000000 36 184
0.000000000 693 156
0.000000000 1079 186
0.000000000 16 81
0.000000000 55 153
0.000000000 44 165
0.000000000 2353 105
0.000000000 3 199
0.000000000 905 195
0.000000000 129 138
0.000000000 41 15
0.000000000 205 45
0.000000000 260 188
0.000000000 92 129
0.000000000 1990 91
0.000000000 30 70
0.000000000 64 165
0.000000000 173 115
0.000000000 4 52
0.000000000 24 139
0.000000000 1360 86
0.000000000 17 51
0.000000000 36 108
0.000000000 58 53
0.000000000 4 66
0.000000000 653 71
0.000000000 450 71
0.000000000 1049 51
0.000000000 24 134
0.000000000 1 167
0.000000000 1235 100
0.000000000 13 157
0.000000000 454 188
0.000000000 14 1
0.000000000 273 100
0.000000000 1276 168
0.000000000 1 118
0.000000000 25 48
0.000000000 134 15
0.000000000 1073 164
0.000000000 815 108
0.000000000 3 101
0.000000000 4 121
0.000000000 249 126
0.000000000 1970 78
0.000000000 1501 151
0.000000000 4031 3
0.000000000 3049 133
0.000000000 21 128
0.000000000 33 128
0.000000000 5 149
0.000000000 2158 178
0.000000000 109 123
0.000000000 3 105
0.000000000 85 42
0.000000000 752 40
0.000000000 1008 96
0.000000000 1911 174
0.000000000 193 27
0.000000000 1 1
0.000000000 2 106
0.000000000 125 31
0.000000000 23 144
0.000000000 46 62
0.000000000 3 94
0.000000000 5 88
0.000000000 4 20
0.000000000 3218 110
0.000000000 24 139
0.000000000 12 136
0.000000000 2 106
0.000000000 431 129
0.000000000 17 3
0.000000000 450 2
0.000000000 3234 140
0.000000000 17 27
0.000000000 27 101
0.000000000 2518 107
0.000000000 9 134
0.000000000 24 58
0.000000000 2353 20
0.000000000 4039 184
0.000000000 291 182
0.000000000 63 101
0.000000000 1 1
0.000000000 10 35
0.000000000 13 162
0.000000000 2475 183
0.000000000 5 108
0.000000000 463 127
0.000000000 2068 109
0.000000000 47 137
0.000000000 6 85
0.000000000 273 78
0.000000000 74 180
0.000000000 1 189
0.000000000 9 95
0.000000000 1716 183
0.000000000 1451 20
0.000000000 22 192
0.000000000 5 131
0.000000000 7 108
0.000000000 1623 34
0.000000000 11 66
0.000000000 1320 107
0.000000000 1 34
0.000000000 1 153
