8 2.000000000 0.050000000 20.000000000 800.000000000 6
1000.000000000 1000.000000000 1.000000000 0.000000000 0.000000000 0.500000000 0.500000000
2
1 1.000000000 1.000000000 1.000000000 1.000000000 1.000000000 1.000000000
4096 1.000000000 1.000000000 1.000000000 1.000000000 1.000000000 1.000000000
2000
0.000000000 1 1
0.000000000 14 2
0.000000000 27 3
0.000000000 40 4
0.000000000 53 5
0.000000000 66 6
0.000000000 79 7
0.000000000 92 8
0.000000000 105 9
0.000000000 118 10
0.000000000 131 11
0.000000000 144 12
0.000000000 157 13
0.000000000 170 14
0.000000000 183 15
0.000000000 196 16
0.000000000 209 17
0.000000000 222 18
0.000000000 235 19
0.000000000 248 20
0.000000000 261 21
0.000000000 274 22
0.000000000 287 23
0.000000000 300 24
0.000000000 313 25
0.000000000 326 26
0.000000000 339 27
0.000000000 352 28
0.000000000 365 29
0.000000000 378 30
0.000000000 391 31
0.000000000 404 32
0.000000000 417 33
0.000000000 430 34
0.000000000 443 35
0.000000000 456 36
0.000000000 469 37
0.000000000 482 38
0.000000000 495 39
0.000000000 508 40
0.000000000 521 41
0.000000000 534 42
0.000000000 547 43
0.000000000 560 44
0.000000000 573 45
0.000000000 586 46
0.000000000 599 47
0.000000000 612 48
0.000000000 625 49
0.000000000 638 50
0.000000000 651 51
0.000000000 664 52
0.000000000 677 53
0.000000000 690 54
0.000000000 703 55
0.000000000 716 56
0.000000000 729 57
0.000000000 742 58
0.000000000 755 59
0.000000000 768 60
0.000000000 781 61
0.000000000 794 62
0.000000000 807 63
0.000000000 820 64
0.000000000 833 65
0.000000000 846 66
0.000000000 859 67
0.000000000 872 68
0.000000000 885 69
0.000000000 898 70
0.000000000 911 71
0.000000000 924 72
0.000000000 937 73
0.000000000 950 74
0.000000000 963 75
0.000000000 976 76
0.000000000 989 77
0.000000000 1002 78
0.000000000 1015 79
0.000000000 1028 80
0.000000000 1041 81
0.000000000 1054 82
0.000000000 1067 83
0.000000000 1080 84
0.000000000 1093 85
0.000000000 1106 86
0.000000000 1119 87
0.000000000 1132 88
0.000000000 1145 89
0.000000000 1158 90
0.000000000 1171 91
0.000000000 1184 92
0.000000000 1197 93
0.000000000 1210 94
0.000000000 1223 95
0.000000000 1236 96
0.000000000 1249 97
0.000000000 1262 98
0.000000000 1275 99
0.000000000 1288 100
0.000000000 1301 1
0.000000000 1314 2
0.000000000 1327 3
0.000000000 1340 4
0.000000000 1353 5
0.000000000 1366 6
0.000000000 1379 7
0.000000000 1392 8
0.000000000 1405 9
0.000000000 1418 10
0.000000000 1431 11
0.000000000 1444 12
0.000000000 1457 13
0.000000000 1470 14
0.000000000 1483 15
0.000000000 1496 16
0.000000000 1509 17
0.000000000 1522 18
0.000000000 1535 19
0.000000000 1548 20
0.000000000 1561 21
0.000000000 1574 22
0.000000000 1587 23
0.000000000 1600 24
0.000000000 1613 25
0.000000000 1626 26
0.000000000 1639 27
0.000000000 1652 28
0.000000000 1665 29
0.000000000 1678 30
0.000000000 1691 31
0.000000000 1704 32
0.000000000 1717 33
0.000000000 1730 34
0.000000000 1743 35
0.000000000 1756 36
0.000000000 1769 37
0.000000000 1782 38
0.000000000 1795 39
0.000000000 1808 40
0.000000000 1821 41
0.000000000 1834 42
0.000000000 1847 43
0.000000000 1860 44
0.000000000 1873 45
0.000000000 1886 46
0.000000000 1899 47
0.000000000 1912 48
0.000000000 1925 49
0.000000000 1938 50
0.000000000 1951 51
0.000000000 1964 52
0.000000000 1977 53
0.000000000 1990 54
0.000000000 2003 55
0.000000000 2016 56
0.000000000 2029 57
0.000000000 2042 58
0.000000000 2055 59
0.000000000 2068 60
0.000000000 2081 61
0.000000000 2094 62
0.000000000 2107 63
0.000000000 2120 64
0.000000000 2133 65
0.000000000 2146 66
0.000000000 2159 67
0.000000000 2172 68
0.000000000 2185 69
0.000000000 2198 70
0.000000000 2211 71
0.000000000 2224 72
0.000000000 2237 73
0.000000000 2250 74
0.000000000 2263 75
0.000000000 2276 76
0.000000000 2289 77
0.000000000 2302 78
0.000000000 2315 79
0.000000000 2328 80
0.000000000 2341 81
0.000000000 2354 82
0.000000000 2367 83
0.000000000 2380 84
0.000000000 2393 85
0.000000000 2406 86
0.000000000 2419 87
0.000000000 2432 88
0.000000000 2445 89
0.000000000 2458 90
0.000000000 2471 91
0.000000000 2484 92
0.000000000 2497 93
0.000000000 2510 94
0.000000000 2523 95
0.000000000 2536 96
0.000000000 2549 97
0.000000000 2562 98
0.000000000 2575 99
0.000000000 2588 100
0.000000000 2601 1
0.000000000 2614 2
0.000000000 2627 3
0.000000000 2640 4
0.000000000 2653 5
0.000000000 2666 6
0.000000000 2679 7
0.000000000 2692 8
0.000000000 2705 9
0.000000000 2718 10
0.000000000 2731 11
0.000000000 2744 12
0.000000000 2757 13
0.000000000 2770 14
0.000000000 2783 15
0.000000000 2796 16
0.000000000 2809 17
0.000000000 2822 18
0.000000000 2835 19
0.000000000 2848 20
0.000000000 2861 21
0.000000000 2874 22
0.000000000 2887 23
0.000000000 2900 24
0.000000000 2913 25
0.000000000 2926 26
0.000000000 2939 27
0.000000000 2952 28
0.000000000 2965 29
0.000000000 2978 30
0.000000000 2991 31
0.000000000 3004 32
0.000000000 3017 33
0.000000000 3030 34
0.000000000 3043 35
0.000000000 3056 36
0.000000000 3069 37
0.000000000 3082 38
0.000000000 3095 39
0.000000000 3108 40
0.000000000 3121 41
0.000000000 3134 42
0.000000000 3147 43
0.000000000 3160 44
0.000000000 3173 45
0.000000000 3186 46
0.000000000 3199 47
0.000000000 3212 48
0.000000000 3225 49
0.000000000 3238 50
0.000000000 3251 51
0.000000000 3264 52
0.000000000 3277 53
0.000000000 3290 54
0.000000000 3303 55
0.000000000 3316 56
0.000000000 3329 57
0.000000000 3342 58
0.000000000 3355 59
0.000000000 3368 60
0.000000000 3381 61
0.000000000 3394 62
0.000000000 3407 63
0.000000000 3420 64
0.000000000 3433 65
0.000000000 3446 66
0.000000000 3459 67
0.000000000 3472 68
0.000000000 3485 69
0.000000000 3498 70
0.000000000 3511 71
0.000000000 3524 72
0.000000000 3537 73
0.000000000 3550 74
0.000000000 3563 75
0.000000000 3576 76
0.000000000 3589 77
0.000000000 3602 78
0.000000000 3615 79
0.000000000 3628 80
0.000000000 3641 81
0.000000000 3654 82
0.000000000 3667 83
0.000000000 3680 84
0.000000000 3693 85
0.000000000 3706 86
0.000000000 3719 87
0.000000000 3732 88
0.000000000 3745 89
0.000000000 3758 90
0.000000000 3771 91
0.000000000 3784 92
0.000000000 3797 93
0.000000000 3810 94
0.000000000 3823 95
0.000000000 3836 96
0.000000000 3849 97
0.000000000 3862 98
0.000000000 3875 99
0.000000000 3888 100
0.000000000 3901 1
0.000000000 3914 2
0.000000000 3927 3
0.000000000 3940 4
0.000000000 3953 5
0.000000000 3966 6
0.000000000 3979 7
0.000000000 3992 8
0.000000000 4005 9
0.000000000 4018 10
0.000000000 4031 11
0.000000000 4044 12
0.000000000 4057 13
0.000000000 4070 14
0.000000000 4083 15
0.000000000 4096 16
0.000000000 13 17
0.000000000 26 18
0.000000000 39 19
0.000000000 52 20
0.000000000 65 21
0.000000000 78 22
0.000000000 91 23
0.000000000 104 24
0.000000000 117 25
0.000000000 130 26
0.000000000 143 27
0.000000000 156 28
0.000000000 169 29
0.000000000 182 30
0.000000000 195 31
0.000000000 208 32
0.000000000 221 33
0.000000000 234 34
0.000000000 247 35
0.000000000 260 36
0.000000000 273 37
0.000000000 286 38
0.000000000 299 39
0.000000000 312 40
0.000000000 325 41
0.000000000 338 42
0.000000000 351 43
0.000000000 364 44
0.000000000 377 45
0.000000000 390 46
0.000000000 403 47
0.000000000 416 48
0.000000000 429 49
0.000000000 442 50
0.000000000 455 51
0.000000000 468 52
0.000000000 481 53
0.000000000 494 54
0.000000000 507 55
0.000000000 520 56
0.000000000 533 57
0.000000000 546 58
0.000000000 559 59
0.000000000 572 60
0.000000000 585 61
0.000000000 598 62
0.000000000 611 63
0.000000000 624 64
0.000000000 637 65
0.000000000 650 66
0.000000000 663 67
0.000000000 676 68
0.000000000 689 69
0.000000000 702 70
0.000000000 715 71
0.000000000 728 72
0.000000000 741 73
0.000000000 754 74
0.000000000 767 75
0.000000000 780 76
0.000000000 793 77
0.000000000 806 78
0.000000000 819 79
0.000000000 832 80
0.000000000 845 81
0.000000000 858 82
0.000000000 871 83
0.000000000 884 84
0.000000000 897 85
0.000000000 910 86
0.000000000 923 87
0.000000000 936 88
0.000000000 949 89
0.000000000 962 90
0.000000000 975 91
0.000000000 988 92
0.000000000 1001 93
0.000000000 1014 94
0.000000000 1027 95
0.000000000 1040 96
0.000000000 1053 97
0.000000000 1066 98
0.000000000 1079 99
0.000000000 1092 100
0.000000000 1105 1
0.000000000 1118 2
0.000000000 1131 3
0.000000000 1144 4
0.000000000 1157 5
0.000000000 1170 6
0.000000000 1183 7
0.000000000 1196 8
0.000000000 1209 9
0.000000000 1222 10
0.000000000 1235 11
0.000000000 1248 12
0.000000000 1261 13
0.000000000 1274 14
0.000000000 1287 15
0.000000000 1300 16
0.000000000 1313 17
0.000000000 1326 18
0.000000000 1339 19
0.000000000 1352 20
0.000000000 1365 21
0.000000000 1378 22
0.000000000 1391 23
0.000000000 1404 24
0.000000000 1417 25
0.000000000 1430 26
0.000000000 1443 27
0.000000000 1456 28
0.000000000 1469 29
0.000000000 1482 30
0.000000000 1495 31
0.000000000 1508 32
0.000000000 1521 33
0.000000000 1534 34
0.000000000 1547 35
0.000000000 1560 36
0.000000000 1573 37
0.000000000 1586 38
0.000000000 1599 39
0.000000000 1612 40
0.000000000 1625 41
0.000000000 1638 42
0.000000000 1651 43
0.000000000 1664 44
0.000000000 1677 45
0.000000000 1690 46
0.000000000 1703 47
0.000000000 1716 48
0.000000000 1729 49
0.000000000 1742 50
0.000000000 1755 51
0.000000000 1768 52
0.000000000 1781 53
0.000000000 1794 54
0.000000000 1807 55
0.000000000 1820 56
0.000000000 1833 57
0.000000000 1846 58
0.000000000 1859 59
0.000000000 1872 60
0.000000000 1885 61
0.000000000 1898 62
0.000000000 1911 63
0.000000000 1924 64
0.000000000 1937 65
0.000000000 1950 66
0.000000000 1963 67
0.000000000 1976 68
0.000000000 1989 69
0.000000000 2002 70
0.000000000 2015 71
0.000000000 2028 72
0.000000000 2041 73
0.000000000 2054 74
0.000000000 2067 75
0.000000000 2080 76
0.000000000 2093 77
0.000000000 2106 78
0.000000000 2119 79
0.000000000 2132 80
0.000000000 2145 81
0.000000000 2158 82
0.000000000 2171 83
0.000000000 2184 84
0.000000000 2197 85
0.000000000 2210 86
0.000000000 2223 87
0.000000000 2236 88
0.000000000 2249 89
0.000000000 2262 90
0.000000000 2275 91
0.000000000 2288 92
0.000000000 2301 93
0.000000000 2314 94
0.000000000 2327 95
0.000000000 2340 96
0.000000000 2353 97
0.000000000 2366 98
0.000000000 2379 99
0.000000000 2392 100
0.000000000 2405 1
0.000000000 2418 2
0.000000000 2431 3
0.000000000 2444 4
0.000000000 2457 5
0.000000000 2470 6
0.000000000 2483 7
0.000000000 2496 8
0.000000000 2509 9
0.000000000 2522 10
0.000000000 2535 11
0.000000000 2548 12
0.000000000 2561 13
0.000000000 2574 14
0.000000000 2587 15
0.000000000 2600 16
0.000000000 2613 17
0.000000000 2626 18
0.000000000 2639 19
0.000000000 2652 20
0.000000000 2665 21
0.000000000 2678 22
0.000000000 2691 23
0.000000000 2704 24
0.000000000 2717 25
0.000000000 2730 26
0.000000000 2743 27
0.000000000 2756 28
0.000000000 2769 29
0.000000000 2782 30
0.000000000 2795 31
0.000000000 2808 32
0.000000000 2821 33
0.000000000 2834 34
0.000000000 2847 35
0.000000000 2860 36
0.000000000 2873 37
0.000000000 2886 38
0.000000000 2899 39
0.000000000 2912 40
0.000000000 2925 41
0.000000000 2938 42
0.000000000 2951 43
0.000000000 2964 44
0.000000000 2977 45
0.000000000 2990 46
0.000000000 3003 47
0.000000000 3016 48
0.000000000 3029 49
0.000000000 3042 50
0.000000000 3055 51
0.000000000 3068 52
0.000000000 3081 53
0.000000000 3094 54
0.000000000 3107 55
0.000000000 3120 56
0.000000000 3133 57
0.000000000 3146 58
0.000000000 3159 59
0.000000000 3172 60
0.000000000 3185 61
0.000000000 3198 62
0.000000000 3211 63
0.000000000 3224 64
0.000000000 3237 65
0.000000000 3250 66
0.000000000 3263 67
0.000000000 3276 68
0.000000000 3289 69
0.000000000 3302 70
0.000000000 3315 71
0.000000000 3328 72
0.000000000 3341 73
0.000000000 3354 74
0.000000000 3367 75
0.000000000 3380 76
0.000000000 3393 77
0.000000000 3406 78
0.000000000 3419 79
0.000000000 3432 80
0.000000000 3445 81
0.000000000 3458 82
0.000000000 3471 83
0.000000000 3484 84
0.000000000 3497 85
0.000000000 3510 86
0.000000000 3523 87
0.000000000 3536 88
0.000000000 3549 89
0.000000000 3562 90
0.000000000 3575 91
0.000000000 3588 92
0.000000000 3601 93
0.000000000 3614 94
0.000000000 3627 95
0.000000000 3640 96
0.000000000 3653 97
0.000000000 3666 98
0.000000000 3679 99
0.000000000 3692 100
0.000000000 3705 1
0.000000000 3718 2
0.000000000 3731 3
0.000000000 3744 4
0.000000000 3757 5
0.000000000 3770 6
0.000000000 3783 7
0.000000000 3796 8
0.000000000 3809 9
0.000000000 3822 10
0.000000000 3835 11
0.000000000 3848 12
0.000000000 3861 13
0.000000000 3874 14
0.000000000 3887 15
0.000000000 3900 16
0.000000000 3913 17
0.000000000 3926 18
0.000000000 3939 19
0.000000000 3952 20
0.000000000 3965 21
0.000000000 3978 22
0.000000000 3991 23
0.000000000 4004 24
0.000000000 4017 25
0.000000000 4030 26
0.000000000 4043 27
0.000000000 4056 28
0.000000000 4069 29
0.000000000 4082 30
0.000000000 4095 31
0.000000000 12 32
0.000000000 25 33
0.000000000 38 34
0.000000000 51 35
0.000000000 64 36
0.000000000 77 37
0.000000000 90 38
0.000000000 103 39
0.000000000 116 40
0.000000000 129 41
0.000000000 142 42
0.000000000 155 43
0.000000000 168 44
0.000000000 181 45
0.000000000 194 46
0.000000000 207 47
0.000000000 220 48
0.000000000 233 49
0.000000000 246 50
0.000000000 259 51
0.000000000 272 52
0.000000000 285 53
0.000000000 298 54
0.000000000 311 55
0.000000000 324 56
0.000000000 337 57
0.000000000 350 58
0.000000000 363 59
0.000000000 376 60
0.000000000 389 61
0.000000000 402 62
0.000000000 415 63
0.000000000 428 64
0.000000000 441 65
0.000000000 454 66
0.000000000 467 67
0.000000000 480 68
0.000000000 493 69
0.000000000 506 70
0.000000000 519 71
0.000000000 532 72
0.000000000 545 73
0.000000000 558 74
0.000000000 571 75
0.000000000 584 76
0.000000000 597 77
0.000000000 610 78
0.000000000 623 79
0.000000000 636 80
0.000000000 649 81
0.000000000 662 82
0.000000000 675 83
0.000000000 688 84
0.000000000 701 85
0.000000000 714 86
0.000000000 727 87
0.000000000 740 88
0.000000000 753 89
0.000000000 766 90
0.000000000 779 91
0.000000000 792 92
0.000000000 805 93
0.000000000 818 94
0.000000000 831 95
0.000000000 844 96
0.000000000 857 97
0.000000000 870 98
0.000000000 883 99
0.000000000 896 100
0.000000000 909 1
0.000000000 922 2
0.000000000 935 3
0.000000000 948 4
0.000000000 961 5
0.000000000 974 6
0.000000000 987 7
0.000000000 1000 8
0.000000000 1013 9
0.000000000 1026 10
0.000000000 1039 11
0.000000000 1052 12
0.000000000 1065 13
0.000000000 1078 14
0.000000000 1091 15
0.000000000 1104 16
0.000000000 1117 17
0.000000000 1130 18
0.000000000 1143 19
0.000000000 1156 20
0.000000000 1169 21
0.000000000 1182 22
0.000000000 1195 23
0.000000000 1208 24
0.000000000 1221 25
0.000000000 1234 26
0.000000000 1247 27
0.000000000 1260 28
0.000000000 1273 29
0.000000000 1286 30
0.000000000 1299 31
0.000000000 1312 32
0.000000000 1325 33
0.000000000 1338 34
0.000000000 1351 35
0.000000000 1364 36
0.000000000 1377 37
0.000000000 1390 38
0.000000000 1403 39
0.000000000 1416 40
0.000000000 1429 41
0.000000000 1442 42
0.000000000 1455 43
0.000000000 1468 44
0.000000000 1481 45
0.000000000 1494 46
0.000000000 1507 47
0.000000000 1520 48
0.000000000 1533 49
0.000000000 1546 50
0.000000000 1559 51
0.000000000 1572 52
0.000000000 1585 53
0.000000000 1598 54
0.000000000 1611 55
0.000000000 1624 56
0.000000000 1637 57
0.000000000 1650 58
0.000000000 1663 59
0.000000000 1676 60
0.000000000 1689 61
0.000000000 1702 62
0.000000000 1715 63
0.000000000 1728 64
0.000000000 1741 65
0.000000000 1754 66
0.000000000 1767 67
0.000000000 1780 68
0.000000000 1793 69
0.000000000 1806 70
0.000000000 1819 71
0.000000000 1832 72
0.000000000 1845 73
0.000000000 1858 74
0.000000000 1871 75
0.000000000 1884 76
0.000000000 1897 77
0.000000000 1910 78
0.000000000 1923 79
0.000000000 1936 80
0.000000000 1949 81
0.000000000 1962 82
0.000000000 1975 83
0.000000000 1988 84
0.000000000 2001 85
0.000000000 2014 86
0.000000000 2027 87
0.000000000 2040 88
0.000000000 2053 89
0.000000000 2066 90
0.000000000 2079 91
0.000000000 2092 92
0.000000000 2105 93
0.000000000 2118 94
0.000000000 2131 95
0.000000000 2144 96
0.000000000 2157 97
0.000000000 2170 98
0.000000000 2183 99
0.000000000 2196 100
0.000000000 2209 1
0.000000000 2222 2
0.000000000 2235 3
0.000000000 2248 4
0.000000000 2261 5
0.000000000 2274 6
0.000000000 2287 7
0.000000000 2300 8
0.000000000 2313 9
0.000000000 2326 10
0.000000000 2339 11
0.000000000 2352 12
0.000000000 2365 13
0.000000000 2378 14
0.000000000 2391 15
0.000000000 2404 16
0.000000000 2417 17
0.000000000 2430 18
0.000000000 2443 19
0.000000000 2456 20
0.000000000 2469 21
0.000000000 2482 22
0.000000000 2495 23
0.000000000 2508 24
0.000000000 2521 25
0.000000000 2534 26
0.000000000 2547 27
0.000000000 2560 28
0.000000000 2573 29
0.000000000 2586 30
0.000000000 2599 31
0.000000000 2612 32
0.000000000 2625 33
0.000000000 2638 34
0.000000000 2651 35
0.000000000 2664 36
0.000000000 2677 37
0.000000000 2690 38
0.000000000 2703 39
0.000000000 2716 40
0.000000000 2729 41
0.000000000 2742 42
0.000000000 2755 43
0.000000000 2768 44
0.000000000 2781 45
0.000000000 2794 46
0.000000000 2807 47
0.000000000 2820 48
0.000000000 2833 49
0.000000000 2846 50
0.000000000 2859 51
0.000000000 2872 52
0.000000000 2885 53
0.000000000 2898 54
0.000000000 2911 55
0.000000000 2924 56
0.000000000 2937 57
0.000000000 2950 58
0.000000000 2963 59
0.000000000 2976 60
0.000000000 2989 61
0.000000000 3002 62
0.000000000 3015 63
0.000000000 3028 64
0.000000000 3041 65
0.000000000 3054 66
0.000000000 3067 67
0.000000000 3080 68
0.000000000 3093 69
0.000000000 3106 70
0.000000000 3119 71
0.000000000 3132 72
0.000000000 3145 73
0.000000000 3158 74
0.000000000 3171 75
0.000000000 3184 76
0.000000000 3197 77
0.000000000 3210 78
0.000000000 3223 79
0.000000000 3236 80
0.000000000 3249 81
0.000000000 3262 82
0.000000000 3275 83
0.000000000 3288 84
0.000000000 3301 85
0.000000000 3314 86
0.000000000 3327 87
0.000000000 3340 88
0.000000000 3353 89
0.000000000 3366 90
0.000000000 3379 91
0.000000000 3392 92
0.000000000 3405 93
0.000000000 3418 94
0.000000000 3431 95
0.000000000 3444 96
0.000000000 3457 97
0.000000000 3470 98
0.000000000 3483 99
0.000000000 3496 100
0.000000000 3509 1
0.000000000 3522 2
0.000000000 3535 3
0.000000000 3548 4
0.000000000 3561 5
0.000000000 3574 6
0.000000000 3587 7
0.000000000 3600 8
0.000000000 3613 9
0.000000000 3626 10
0.000000000 3639 11
0.000000000 3652 12
0.000000000 3665 13
0.000000000 3678 14
0.000000000 3691 15
0.000000000 3704 16
0.000000000 3717 17
0.000000000 3730 18
0.000000000 3743 19
0.000000000 3756 20
0.000000000 3769 21
0.000000000 3782 22
0.000000000 3795 23
0.000000000 3808 24
0.000000000 3821 25
0.000000000 3834 26
0.000000000 3847 27
0.000000000 3860 28
0.000000000 3873 29
0.000000000 3886 30
0.000000000 3899 31
0.000000000 3912 32
0.000000000 3925 33
0.000000000 3938 34
0.000000000 3951 35
0.000000000 3964 36
0.000000000 3977 37
0.000000000 3990 38
0.000000000 4003 39
0.000000000 4016 40
0.000000000 4029 41
0.000000000 4042 42
0.000000000 4055 43
0.000000000 4068 44
0.000000000 4081 45
0.000000000 4094 46
0.000000000 11 47
0.000000000 24 48
0.000000000 37 49
0.000000000 50 50
0.000000000 63 51
0.000000000 76 52
0.000000000 89 53
0.000000000 102 54
0.000000000 115 55
0.000000000 128 56
0.000000000 141 57
0.000000000 154 58
0.000000000 167 59
0.000000000 180 60
0.000000000 193 61
0.000000000 206 62
0.000000000 219 63
0.000000000 232 64
0.000000000 245 65
0.000000000 258 66
0.000000000 271 67
0.000000000 284 68
0.000000000 297 69
0.000000000 310 70
0.000000000 323 71
0.000000000 336 72
0.000000000 349 73
0.000000000 362 74
0.000000000 375 75
0.000000000 388 76
0.000000000 401 77
0.000000000 414 78
0.000000000 427 79
0.000000000 440 80
0.000000000 453 81
0.000000000 466 82
0.000000000 479 83
0.000000000 492 84
0.000000000 505 85
0.000000000 518 86
0.000000000 531 87
0.000000000 544 88
0.000000000 557 89
0.000000000 570 90
0.000000000 583 91
0.000000000 596 92
0.000000000 609 93
0.000000000 622 94
0.000000000 635 95
0.000000000 648 96
0.000000000 661 97
0.000000000 674 98
0.000000000 687 99
0.000000000 700 100
0.000000000 713 1
0.000000000 726 2
0.000000000 739 3
0.000000000 752 4
0.000000000 765 5
0.000000000 778 6
0.000000000 791 7
0.000000000 804 8
0.000000000 817 9
0.000000000 830 10
0.000000000 843 11
0.000000000 856 12
0.000000000 869 13
0.000000000 882 14
0.000000000 895 15
0.000000000 908 16
0.000000000 921 17
0.000000000 934 18
0.000000000 947 19
0.000000000 960 20
0.000000000 973 21
0.000000000 986 22
0.000000000 999 23
0.000000000 1012 24
0.000000000 1025 25
0.000000000 1038 26
0.000000000 1051 27
0.000000000 1064 28
0.000000000 1077 29
0.000000000 1090 30
0.000000000 1103 31
0.000000000 1116 32
0.000000000 1129 33
0.000000000 1142 34
0.000000000 1155 35
0.000000000 1168 36
0.000000000 1181 37
0.000000000 1194 38
0.000000000 1207 39
0.000000000 1220 40
0.000000000 1233 41
0.000000000 1246 42
0.000000000 1259 43
0.000000000 1272 44
0.000000000 1285 45
0.000000000 1298 46
0.000000000 1311 47
0.000000000 1324 48
0.000000000 1337 49
0.000000000 1350 50
0.000000000 1363 51
0.000000000 1376 52
0.000000000 1389 53
0.000000000 1402 54
0.000000000 1415 55
0.000000000 1428 56
0.000000000 1441 57
0.000000000 1454 58
0.000000000 1467 59
0.000000000 1480 60
0.000000000 1493 61
0.000000000 1506 62
0.000000000 1519 63
0.000000000 1532 64
0.000000000 1545 65
0.000000000 1558 66
0.000000000 1571 67
0.000000000 1584 68
0.000000000 1597 69
0.000000000 1610 70
0.000000000 1623 71
0.000000000 1636 72
0.000000000 1649 73
0.000000000 1662 74
0.000000000 1675 75
0.000000000 1688 76
0.000000000 1701 77
0.000000000 1714 78
0.000000000 1727 79
0.000000000 1740 80
0.000000000 1753 81
0.000000000 1766 82
0.000000000 1779 83
0.000000000 1792 84
0.000000000 1805 85
0.000000000 1818 86
0.000000000 1831 87
0.000000000 1844 88
0.000000000 1857 89
0.000000000 1870 90
0.000000000 1883 91
0.000000000 1896 92
0.000000000 1909 93
0.000000000 1922 94
0.000000000 1935 95
0.000000000 1948 96
0.000000000 1961 97
0.000000000 1974 98
0.000000000 1987 99
0.000000000 2000 100
0.000000000 2013 1
0.000000000 2026 2
0.000000000 2039 3
0.000000000 2052 4
0.000000000 2065 5
0.000000000 2078 6
0.000000000 2091 7
0.000000000 2104 8
0.000000000 2117 9
0.000000000 2130 10
0.000000000 2143 11
0.000000000 2156 12
0.000000000 2169 13
0.000000000 2182 14
0.000000000 2195 15
0.000000000 2208 16
0.000000000 2221 17
0.000000000 2234 18
0.000000000 2247 19
0.000000000 2260 20
0.000000000 2273 21
0.000000000 2286 22
0.000000000 2299 23
0.000000000 2312 24
0.000000000 2325 25
0.000000000 2338 26
0.000000000 2351 27
0.000000000 2364 28
0.000000000 2377 29
0.000000000 2390 30
0.000000000 2403 31
0.000000000 2416 32
0.000000000 2429 33
0.000000000 2442 34
0.000000000 2455 35
0.000000000 2468 36
0.000000000 2481 37
0.000000000 2494 38
0.000000000 2507 39
0.000000000 2520 40
0.000000000 2533 41
0.000000000 2546 42
0.000000000 2559 43
0.000000000 2572 44
0.000000000 2585 45
0.000000000 2598 46
0.000000000 2611 47
0.000000000 2624 48
0.000000000 2637 49
0.000000000 2650 50
0.000000000 2663 51
0.000000000 2676 52
0.000000000 2689 53
0.000000000 2702 54
0.000000000 2715 55
0.000000000 2728 56
0.000000000 2741 57
0.000000000 2754 58
0.000000000 2767 59
0.000000000 2780 60
0.000000000 2793 61
0.000000000 2806 62
0.000000000 2819 63
0.000000000 2832 64
0.000000000 2845 65
0.000000000 2858 66
0.000000000 2871 67
0.000000000 2884 68
0.000000000 2897 69
0.000000000 2910 70
0.000000000 2923 71
0.000000000 2936 72
0.000000000 2949 73
0.000000000 2962 74
0.000000000 2975 75
0.000000000 2988 76
0.000000000 3001 77
0.000000000 3014 78
0.000000000 3027 79
0.000000000 3040 80
0.000000000 3053 81
0.000000000 3066 82
0.000000000 3079 83
0.000000000 3092 84
0.000000000 3105 85
0.000000000 3118 86
0.000000000 3131 87
0.000000000 3144 88
0.000000000 3157 89
0.000000000 3170 90
0.000000000 3183 91
0.000000000 3196 92
0.000000000 3209 93
0.000000000 3222 94
0.000000000 3235 95
0.000000000 3248 96
0.000000000 3261 97
0.000000000 3274 98
0.000000000 3287 99
0.000000000 3300 100
0.000000000 3313 1
0.000000000 3326 2
0.000000000 3339 3
0.000000000 3352 4
0.000000000 3365 5
0.000000000 3378 6
0.000000000 3391 7
0.000000000 3404 8
0.000000000 3417 9
0.000000000 3430 10
0.000000000 3443 11
0.000000000 3456 12
0.000000000 3469 13
0.000000000 3482 14
0.000000000 3495 15
0.000000000 3508 16
0.000000000 3521 17
0.000000000 3534 18
0.000000000 3547 19
0.000000000 3560 20
0.000000000 3573 21
0.000000000 3586 22
0.000000000 3599 23
0.000000000 3612 24
0.000000000 3625 25
0.000000000 3638 26
0.000000000 3651 27
0.000000000 3664 28
0.000000000 3677 29
0.000000000 3690 30
0.000000000 3703 31
0.000000000 3716 32
0.000000000 3729 33
0.000000000 3742 34
0.000000000 3755 35
0.000000000 3768 36
0.000000000 3781 37
0.000000000 3794 38
0.000000000 3807 39
0.000000000 3820 40
0.000000000 3833 41
0.000000000 3846 42
0.000000000 3859 43
0.000000000 3872 44
0.000000000 3885 45
0.000000000 3898 46
0.000000000 3911 47
0.000000000 3924 48
0.000000000 3937 49
0.000000000 3950 50
0.000000000 3963 51
0.000000000 3976 52
0.000000000 3989 53
0.000000000 4002 54
0.000000000 4015 55
0.000000000 4028 56
0.000000000 4041 57
0.000000000 4054 58
0.000000000 4067 59
0.000000000 4080 60
0.000000000 4093 61
0.000000000 10 62
0.000000000 23 63
0.000000000 36 64
0.000000000 49 65
0.000000000 62 66
0.000000000 75 67
0.000000000 88 68
0.000000000 101 69
0.000000000 114 70
0.000000000 127 71
0.000000000 140 72
0.000000000 153 73
0.000000000 166 74
0.000000000 179 75
0.000000000 192 76
0.000000000 205 77
0.000000000 218 78
0.000000000 231 79
0.000000000 244 80
0.000000000 257 81
0.000000000 270 82
0.000000000 283 83
0.000000000 296 84
0.000000000 309 85
0.000000000 322 86
0.000000000 335 87
0.000000000 348 88
0.000000000 361 89
0.000000000 374 90
0.000000000 387 91
0.000000000 400 92
0.000000000 413 93
0.000000000 426 94
0.000000000 439 95
0.000000000 452 96
0.000000000 465 97
0.000000000 478 98
0.000000000 491 99
0.000000000 504 100
0.000000000 517 1
0.000000000 530 2
0.000000000 543 3
0.000000000 556 4
0.000000000 569 5
0.000000000 582 6
0.000000000 595 7
0.000000000 608 8
0.000000000 621 9
0.000000000 634 10
0.000000000 647 11
0.000000000 660 12
0.000000000 673 13
0.000000000 686 14
0.000000000 699 15
0.000000000 712 16
0.000000000 725 17
0.000000000 738 18
0.000000000 751 19
0.000000000 764 20
0.000000000 777 21
0.000000000 790 22
0.000000000 803 23
0.000000000 816 24
0.000000000 829 25
0.000000000 842 26
0.000000000 855 27
0.000000000 868 28
0.000000000 881 29
0.000000000 894 30
0.000000000 907 31
0.000000000 920 32
0.000000000 933 33
0.000000000 946 34
0.000000000 959 35
0.000000000 972 36
0.000000000 985 37
0.000000000 998 38
0.000000000 1011 39
0.000000000 1024 40
0.000000000 1037 41
0.000000000 1050 42
0.000000000 1063 43
0.000000000 1076 44
0.000000000 1089 45
0.000000000 1102 46
0.000000000 1115 47
0.000000000 1128 48
0.000000000 1141 49
0.000000000 1154 50
0.000000000 1167 51
0.000000000 1180 52
0.000000000 1193 53
0.000000000 1206 54
0.000000000 1219 55
0.000000000 1232 56
0.000000000 1245 57
0.000000000 1258 58
0.000000000 1271 59
0.000000000 1284 60
0.000000000 1297 61
0.000000000 1310 62
0.000000000 1323 63
0.000000000 1336 64
0.000000000 1349 65
0.000000000 1362 66
0.000000000 1375 67
0.000000000 1388 68
0.000000000 1401 69
0.000000000 1414 70
0.000000000 1427 71
0.000000000 1440 72
0.000000000 1453 73
0.000000000 1466 74
0.000000000 1479 75
0.000000000 1492 76
0.000000000 1505 77
0.000000000 1518 78
0.000000000 1531 79
0.000000000 1544 80
0.000000000 1557 81
0.000000000 1570 82
0.000000000 1583 83
0.000000000 1596 84
0.000000000 1609 85
0.000000000 1622 86
0.000000000 1635 87
0.000000000 1648 88
0.000000000 1661 89
0.000000000 1674 90
0.000000000 1687 91
0.000000000 1700 92
0.000000000 1713 93
0.000000000 1726 94
0.000000000 1739 95
0.000000000 1752 96
0.000000000 1765 97
0.000000000 1778 98
0.000000000 1791 99
0.000000000 1804 100
0.000000000 1817 1
0.000000000 1830 2
0.000000000 1843 3
0.000000000 1856 4
0.000000000 1869 5
0.000000000 1882 6
0.000000000 1895 7
0.000000000 1908 8
0.000000000 1921 9
0.000000000 1934 10
0.000000000 1947 11
0.000000000 1960 12
0.000000000 1973 13
0.000000000 1986 14
0.000000000 1999 15
0.000000000 2012 16
0.000000000 2025 17
0.000000000 2038 18
0.000000000 2051 19
0.000000000 2064 20
0.000000000 2077 21
0.000000000 2090 22
0.000000000 2103 23
0.000000000 2116 24
0.000000000 2129 25
0.000000000 2142 26
0.000000000 2155 27
0.000000000 2168 28
0.000000000 2181 29
0.000000000 2194 30
0.000000000 2207 31
0.000000000 2220 32
0.000000000 2233 33
0.000000000 2246 34
0.000000000 2259 35
0.000000000 2272 36
0.000000000 2285 37
0.000000000 2298 38
0.000000000 2311 39
0.000000000 2324 40
0.000000000 2337 41
0.000000000 2350 42
0.000000000 2363 43
0.000000000 2376 44
0.000000000 2389 45
0.000000000 2402 46
0.000000000 2415 47
0.000000000 2428 48
0.000000000 2441 49
0.000000000 2454 50
0.000000000 2467 51
0.000000000 2480 52
0.000000000 2493 53
0.000000000 2506 54
0.000000000 2519 55
0.000000000 2532 56
0.000000000 2545 57
0.000000000 2558 58
0.000000000 2571 59
0.000000000 2584 60
0.000000000 2597 61
0.000000000 2610 62
0.000000000 2623 63
0.000000000 2636 64
0.000000000 2649 65
0.000000000 2662 66
0.000000000 2675 67
0.000000000 2688 68
0.000000000 2701 69
0.000000000 2714 70
0.000000000 2727 71
0.000000000 2740 72
0.000000000 2753 73
0.000000000 2766 74
0.000000000 2779 75
0.000000000 2792 76
0.000000000 2805 77
0.000000000 2818 78
0.000000000 2831 79
0.000000000 2844 80
0.000000000 2857 81
0.000000000 2870 82
0.000000000 2883 83
0.000000000 2896 84
0.000000000 2909 85
0.000000000 2922 86
0.000000000 2935 87
0.000000000 2948 88
0.000000000 2961 89
0.000000000 2974 90
0.000000000 2987 91
0.000000000 3000 92
0.000000000 3013 93
0.000000000 3026 94
0.000000000 3039 95
0.000000000 3052 96
0.000000000 3065 97
0.000000000 3078 98
0.000000000 3091 99
0.000000000 3104 100
0.000000000 3117 1
0.000000000 3130 2
0.000000000 3143 3
0.000000000 3156 4
0.000000000 3169 5
0.000000000 3182 6
0.000000000 3195 7
0.000000000 3208 8
0.000000000 3221 9
0.000000000 3234 10
0.000000000 3247 11
0.000000000 3260 12
0.000000000 3273 13
0.000000000 3286 14
0.000000000 3299 15
0.000000000 3312 16
0.000000000 3325 17
0.000000000 3338 18
0.000000000 3351 19
0.000000000 3364 20
0.000000000 3377 21
0.000000000 3390 22
0.000000000 3403 23
0.000000000 3416 24
0.000000000 3429 25
0.000000000 3442 26
0.000000000 3455 27
0.000000000 3468 28
0.000000000 3481 29
0.000000000 3494 30
0.000000000 3507 31
0.000000000 3520 32
0.000000000 3533 33
0.000000000 3546 34
0.000000000 3559 35
0.000000000 3572 36
0.000000000 3585 37
0.000000000 3598 38
0.000000000 3611 39
0.000000000 3624 40
0.000000000 3637 41
0.000000000 3650 42
0.000000000 3663 43
0.000000000 3676 44
0.000000000 3689 45
0.000000000 3702 46
0.000000000 3715 47
0.000000000 3728 48
0.000000000 3741 49
0.000000000 3754 50
0.000000000 3767 51
0.000000000 3780 52
0.000000000 3793 53
0.000000000 3806 54
0.000000000 3819 55
0.000000000 3832 56
0.000000000 3845 57
0.000000000 3858 58
0.000000000 3871 59
0.000000000 3884 60
0.000000000 3897 61
0.000000000 3910 62
0.000000000 3923 63
0.000000000 3936 64
0.000000000 3949 65
0.000000000 3962 66
0.000000000 3975 67
0.000000000 3988 68
0.000000000 4001 69
0.000000000 4014 70
0.000000000 4027 71
0.000000000 4040 72
0.000000000 4053 73
0.000000000 4066 74
0.000000000 4079 75
0.000000000 4092 76
0.000000000 9 77
0.000000000 22 78
0.000000000 35 79
0.000000000 48 80
0.000000000 61 81
0.000000000 74 82
0.000000000 87 83
0.000000000 100 84
0.000000000 113 85
0.000000000 126 86
0.000000000 139 87
0.000000000 152 88
0.000000000 165 89
0.000000000 178 90
0.000000000 191 91
0.000000000 204 92
0.000000000 217 93
0.000000000 230 94
0.000000000 243 95
0.000000000 256 96
0.000000000 269 97
0.000000000 282 98
0.000000000 295 99
0.000000000 308 100
0.000000000 321 1
0.000000000 334 2
0.000000000 347 3
0.000000000 360 4
0.000000000 373 5
0.000000000 386 6
0.000000000 399 7
0.000000000 412 8
0.000000000 425 9
0.000000000 438 10
0.000000000 451 11
0.000000000 464 12
0.000000000 477 13
0.000000000 490 14
0.000000000 503 15
0.000000000 516 16
0.000000000 529 17
0.000000000 542 18
0.000000000 555 19
0.000000000 568 20
0.000000000 581 21
0.000000000 594 22
0.000000000 607 23
0.000000000 620 24
0.000000000 633 25
0.000000000 646 26
0.000000000 659 27
0.000000000 672 28
0.000000000 685 29
0.000000000 698 30
0.000000000 711 31
0.000000000 724 32
0.000000000 737 33
0.000000000 750 34
0.000000000 763 35
0.000000000 776 36
0.000000000 789 37
0.000000000 802 38
0.000000000 815 39
0.000000000 828 40
0.000000000 841 41
0.000000000 854 42
0.000000000 867 43
0.000000000 880 44
0.000000000 893 45
0.000000000 906 46
0.000000000 919 47
0.000000000 932 48
0.000000000 945 49
0.000000000 958 50
0.000000000 971 51
0.000000000 984 52
0.000000000 997 53
0.000000000 1010 54
0.000000000 1023 55
0.000000000 1036 56
0.000000000 1049 57
0.000000000 1062 58
0.000000000 1075 59
0.000000000 1088 60
0.000000000 1101 61
0.000000000 1114 62
0.000000000 1127 63
0.000000000 1140 64
0.000000000 1153 65
0.000000000 1166 66
0.000000000 1179 67
0.000000000 1192 68
0.000000000 1205 69
0.000000000 1218 70
0.000000000 1231 71
0.000000000 1244 72
0.000000000 1257 73
0.000000000 1270 74
0.000000000 1283 75
0.000000000 1296 76
0.000000000 1309 77
0.000000000 1322 78
0.000000000 1335 79
0.000000000 1348 80
0.000000000 1361 81
0.000000000 1374 82
0.000000000 1387 83
0.000000000 1400 84
0.000000000 1413 85
0.000000000 1426 86
0.000000000 1439 87
0.000000000 1452 88
0.000000000 1465 89
0.000000000 1478 90
0.000000000 1491 91
0.000000000 1504 92
0.000000000 1517 93
0.000000000 1530 94
0.000000000 1543 95
0.000000000 1556 96
0.000000000 1569 97
0.000000000 1582 98
0.000000000 1595 99
0.000000000 1608 100
0.000000000 1621 1
0.000000000 1634 2
0.000000000 1647 3
0.000000000 1660 4
0.000000000 1673 5
0.000000000 1686 6
0.000000000 1699 7
0.000000000 1712 8
0.000000000 1725 9
0.000000000 1738 10
0.000000000 1751 11
0.000000000 1764 12
0.000000000 1777 13
0.000000000 1790 14
0.000000000 1803 15
0.000000000 1816 16
0.000000000 1829 17
0.000000000 1842 18
0.000000000 1855 19
0.000000000 1868 20
0.000000000 1881 21
0.000000000 1894 22
0.000000000 1907 23
0.000000000 1920 24
0.000000000 1933 25
0.000000000 1946 26
0.000000000 1959 27
0.000000000 1972 28
0.000000000 1985 29
0.000000000 1998 30
0.000000000 2011 31
0.000000000 2024 32
0.000000000 2037 33
0.000000000 2050 34
0.000000000 2063 35
0.000000000 2076 36
0.000000000 2089 37
0.000000000 2102 38
0.000000000 2115 39
0.000000000 2128 40
0.000000000 2141 41
0.000000000 2154 42
0.000000000 2167 43
0.000000000 2180 44
0.000000000 2193 45
0.000000000 2206 46
0.000000000 2219 47
0.000000000 2232 48
0.000000000 2245 49
0.000000000 2258 50
0.000000000 2271 51
0.000000000 2284 52
0.000000000 2297 53
0.000000000 2310 54
0.000000000 2323 55
0.000000000 2336 56
0.000000000 2349 57
0.000000000 2362 58
0.000000000 2375 59
0.000000000 2388 60
0.000000000 2401 61
0.000000000 2414 62
0.000000000 2427 63
0.000000000 2440 64
0.000000000 2453 65
0.000000000 2466 66
0.000000000 2479 67
0.000000000 2492 68
0.000000000 2505 69
0.000000000 2518 70
0.000000000 2531 71
0.000000000 2544 72
0.000000000 2557 73
0.000000000 2570 74
0.000000000 2583 75
0.000000000 2596 76
0.000000000 2609 77
0.000000000 2622 78
0.000000000 2635 79
0.000000000 2648 80
0.000000000 2661 81
0.000000000 2674 82
0.000000000 2687 83
0.000000000 2700 84
0.000000000 2713 85
0.000000000 2726 86
0.000000000 2739 87
0.000000000 2752 88
0.000000000 2765 89
0.000000000 2778 90
0.000000000 2791 91
0.000000000 2804 92
0.000000000 2817 93
0.000000000 2830 94
0.000000000 2843 95
0.000000000 2856 96
0.000000000 2869 97
0.000000000 2882 98
0.000000000 2895 99
0.000000000 2908 100
0.000000000 2921 1
0.000000000 2934 2
0.000000000 2947 3
0.000000000 2960 4
0.000000000 2973 5
0.000000000 2986 6
0.000000000 2999 7
0.000000000 3012 8
0.000000000 3025 9
0.000000000 3038 10
0.000000000 3051 11
0.000000000 3064 12
0.000000000 3077 13
0.000000000 3090 14
0.000000000 3103 15
0.000000000 3116 16
0.000000000 3129 17
0.000000000 3142 18
0.000000000 3155 19
0.000000000 3168 20
0.000000000 3181 21
0.000000000 3194 22
0.000000000 3207 23
0.000000000 3220 24
0.000000000 3233 25
0.000000000 3246 26
0.000000000 3259 27
0.000000000 3272 28
0.000000000 3285 29
0.000000000 3298 30
0.000000000 3311 31
0.000000000 3324 32
0.000000000 3337 33
0.000000000 3350 34
0.000000000 3363 35
0.000000000 3376 36
0.000000000 3389 37
0.000000000 3402 38
0.000000000 3415 39
0.000000000 3428 40
0.000000000 3441 41
0.000000000 3454 42
0.000000000 3467 43
0.000000000 3480 44
0.000000000 3493 45
0.000000000 3506 46
0.000000000 3519 47
0.000000000 3532 48
0.000000000 3545 49
0.000000000 3558 50
0.000000000 3571 51
0.000000000 3584 52
0.000000000 3597 53
0.000000000 3610 54
0.000000000 3623 55
0.000000000 3636 56
0.000000000 3649 57
0.000000000 3662 58
0.000000000 3675 59
0.000000000 3688 60
0.000000000 3701 61
0.000000000 3714 62
0.000000000 3727 63
0.000000000 3740 64
0.000000000 3753 65
0.000000000 3766 66
0.000000000 3779 67
0.000000000 3792 68
0.000000000 3805 69
0.000000000 3818 70
0.000000000 3831 71
0.000000000 3844 72
0.000000000 3857 73
0.000000000 3870 74
0.000000000 3883 75
0.000000000 3896 76
0.000000000 3909 77
0.000000000 3922 78
0.000000000 3935 79
0.000000000 3948 80
0.000000000 3961 81
0.000000000 3974 82
0.000000000 3987 83
0.000000000 4000 84
0.000000000 4013 85
0.000000000 4026 86
0.000000000 4039 87
0.000000000 4052 88
0.000000000 4065 89
0.000000000 4078 90
0.000000000 4091 91
0.000000000 8 92
0.000000000 21 93
0.000000000 34 94
0.000000000 47 95
0.000000000 60 96
0.000000000 73 97
0.000000000 86 98
0.000000000 99 99
0.000000000 112 100
0.000000000 125 1
0.000000000 138 2
0.000000000 151 3
0.000000000 164 4
0.000000000 177 5
0.000000000 190 6
0.000000000 203 7
0.000000000 216 8
0.000000000 229 9
0.000000000 242 10
0.000000000 255 11
0.000000000 268 12
0.000000000 281 13
0.000000000 294 14
0.000000000 307 15
0.000000000 320 16
0.000000000 333 17
0.000000000 346 18
0.000000000 359 19
0.000000000 372 20
0.000000000 385 21
0.000000000 398 22
0.000000000 411 23
0.000000000 424 24
0.000000000 437 25
0.000000000 450 26
0.000000000 463 27
0.000000000 476 28
0.000000000 489 29
0.000000000 502 30
0.000000000 515 31
0.000000000 528 32
0.000000000 541 33
0.000000000 554 34
0.000000000 567 35
0.000000000 580 36
0.000000000 593 37
0.000000000 606 38
0.000000000 619 39
0.000000000 632 40
0.000000000 645 41
0.000000000 658 42
0.000000000 671 43
0.000000000 684 44
0.000000000 697 45
0.000000000 710 46
0.000000000 723 47
0.000000000 736 48
0.000000000 749 49
0.000000000 762 50
0.000000000 775 51
0.000000000 788 52
0.000000000 801 53
0.000000000 814 54
0.000000000 827 55
0.000000000 840 56
0.000000000 853 57
0.000000000 866 58
0.000000000 879 59
0.000000000 892 60
0.000000000 905 61
0.000000000 918 62
0.000000000 931 63
0.000000000 944 64
0.000000000 957 65
0.000000000 970 66
0.000000000 983 67
0.000000000 996 68
0.000000000 1009 69
0.000000000 1022 70
0.000000000 1035 71
0.000000000 1048 72
0.000000000 1061 73
0.000000000 1074 74
0.000000000 1087 75
0.000000000 1100 76
0.000000000 1113 77
0.000000000 1126 78
0.000000000 1139 79
0.000000000 1152 80
0.000000000 1165 81
0.000000000 1178 82
0.000000000 1191 83
0.000000000 1204 84
0.000000000 1217 85
0.000000000 1230 86
0.000000000 1243 87
0.000000000 1256 88
0.000000000 1269 89
0.000000000 1282 90
0.000000000 1295 91
0.000000000 1308 92
0.000000000 1321 93
0.000000000 1334 94
0.000000000 1347 95
0.000000000 1360 96
0.000000000 1373 97
0.000000000 1386 98
0.000000000 1399 99
0.000000000 1412 100
