2 10.000000000 25.000000000 0.010000000 500000.000000000 2
1000.000000000 1000.000000000 1.000000000 0.000000000 0.000000000 0.500000000 0.500000000
2
1 0.001000000 0.001000000 0.001000000 0.001000000 0.001000000 0.001000000
4096 10000.000000000 10000.000000000 10000.000000000 10000.000000000 10000.000000000 10000.000000000
30
0.000000000 1 1
0.000000000 2 2
0.000000000 3 3
0.000000000 1 4
0.000000000 2 1
0.000000000 3 2
0.000000000 1 3
0.000000000 2 4
0.000000000 3 1
0.000000000 1 2
0.000000000 2 3
0.000000000 3 4
0.000000000 1 1
0.000000000 2 2
0.000000000 3 3
0.000000000 1 4
0.000000000 2 1
0.000000000 3 2
0.000000000 1 3
0.000000000 2 4
0.000000000 3 1
0.000000000 1 2
0.000000000 2 3
0.000000000 3 4
0.000000000 1 1
0.000000000 2 2
0.000000000 3 3
0.000000000 1 4
0.000000000 2 1
0.000000000 3 2
