8 10.000000000 0.001000000 100.000000000 1.000000000 64
1000.000000000 1000.000000000 1.000000000 0.000000000 0.000000000 0.500000000 0.500000000
2
1 1.000000000 1.000000000 1.000000000 1.000000000 1.000000000 1.000000000
4096 1.000000000 1.000000000 1.000000000 1.000000000 1.000000000 1.000000000
120
0.000000000 4096 6
0.000000000 4096 6
0.000000000 4096 6
0.000000000 4096 6
0.000000000 4096 6
0.000000000 4096 6
0.000000000 4096 6
0.000000000 4096 6
0.000000000 4096 6
0.000000000 4096 6
0.000000000 4096 6
0.000000000 4096 6
0.000000000 4096 6
0.000000000 4096 6
0.000000000 4096 6
0.000000000 4096 6
0.000000000 4096 6
0.000000000 4096 6
0.000000000 4096 6
0.000000000 4096 6
0.000000000 4096 6
0.000000000 4096 6
0.000000000 4096 6
0.000000000 4096 6
0.000000000 4096 6
0.000000000 4096 6
0.000000000 4096 6
0.000000000 4096 6
0.000000000 4096 6
0.000000000 4096 6
0.000000000 4096 6
0.000000000 4096 6
0.000000000 4096 6
0.000000000 4096 6
0.000000000 4096 6
0.000000000 4096 6
0.000000000 4096 6
0.000000000 4096 6
0.000000000 4096 6
0.000000000 4096 6
0.000000000 4096 6
0.000000000 4096 6
0.000000000 4096 6
0.000000000 4096 6
0.000000000 4096 6
0.000000000 4096 6
0.000000000 4096 6
0.000000000 4096 6
0.000000000 4096 6
0.000000000 4096 6
0.000000000 4096 6
0.000000000 4096 6
0.000000000 4096 6
0.000000000 4096 6
0.000000000 4096 6
0.000000000 4096 6
0.000000000 4096 6
0.000000000 4096 6
0.000000000 4096 6
0.000000000 4096 6
0.000000000 4096 6
0.000000000 4096 6
0.000000000 4096 6
0.000000000 4096 6
0.000000000 4096 6
0.000000000 4096 6
0.000000000 4096 6
0.000000000 4096 6
0.000000000 4096 6
0.000000000 4096 6
0.000000000 4096 6
0.000000000 4096 6
0.000000000 4096 6
0.000000000 4096 6
0.000000000 4096 6
0.000000000 4096 6
0.000000000 4096 6
0.000000000 4096 6
0.000000000 4096 6
0.000000000 4096 6
0.000000000 4096 6
0.000000000 4096 6
0.000000000 4096 6
0.000000000 4096 6
0.000000000 4096 6
0.000000000 4096 6
0.000000000 4096 6
0.000000000 4096 6
0.000000000 4096 6
0.000000000 4096 6
0.000000000 4096 6
0.000000000 4096 6
0.000000000 4096 6
0.000000000 4096 6
0.000000000 4096 6
0.000000000 4096 6
0.000000000 4096 6
0.000000000 4096 6
0.000000000 4096 6
0.000000000 4096 6
0.000000000 4096 6
0.000000000 4096 6
0.000000000 4096 6
0.000000000 4096 6
0.000000000 4096 6
0.000000000 4096 6
0.000000000 4096 6
0.000000000 4096 6
0.000000000 4096 6
0.000000000 4096 6
0.000000000 4096 6
0.000000000 4096 6
0.000000000 4096 6
0.000000000 4096 6
0.000000000 4096 6
0.000000000 4096 6
0.000000000 4096 6
0.000000000 4096 6
0.000000000 4096 6
0.000000000 4096 6
