4 2.000000000 0.700000000 3.000000000 2500.000000000 16
1000.000000000 1000.000000000 1.000000000 0.000000000 0.000000000 0.500000000 0.500000000
4
1 0.500000000 2.000000000 0.500000000 -1.000000000 -1.000000000 -1.000000000
7 -1.000000000 -1.000000000 -1.000000000 0.250000000 3.000000000 0.250000000
4096 2.000000000 900.000000000 2.000000000 -1.000000000 12.000000000 -1.000000000
33 -1.000000000 -1.000000000 -1.000000000 -1.000000000 -1.000000000 0.500000000
150
0.000000000 1 1
0.000000000 92 2
0.000000000 183 3
0.000000000 274 4
0.000000000 365 5
0.000000000 456 6
0.000000000 547 7
0.000000000 638 8
0.000000000 729 9
0.000000000 820 10
0.000000000 911 11
0.000000000 1002 12
0.000000000 1093 13
0.000000000 1184 14
0.000000000 1275 15
0.000000000 1366 16
0.000000000 1457 17
0.000000000 1548 18
0.000000000 1639 19
0.000000000 1730 20
0.000000000 1821 21
0.000000000 1912 22
0.000000000 2003 23
0.000000000 2094 24
0.000000000 2185 25
0.000000000 2276 26
0.000000000 2367 27
0.000000000 2458 28
0.000000000 2549 29
0.000000000 2640 30
0.000000000 2731 31
0.000000000 2822 32
0.000000000 2913 33
0.000000000 3004 34
0.000000000 3095 35
0.000000000 3186 36
0.000000000 3277 37
0.000000000 3368 38
0.000000000 3459 39
0.000000000 3550 40
0.000000000 3641 1
0.000000000 3732 2
0.000000000 3823 3
0.000000000 3914 4
0.000000000 4005 5
0.000000000 4096 6
0.000000000 91 7
0.000000000 182 8
0.000000000 273 9
0.000000000 364 10
0.000000000 455 11
0.000000000 546 12
0.000000000 637 13
0.000000000 728 14
0.000000000 819 15
0.000000000 910 16
0.000000000 1001 17
0.000000000 1092 18
0.000000000 1183 19
0.000000000 1274 20
0.000000000 1365 21
0.000000000 1456 22
0.000000000 1547 23
0.000000000 1638 24
0.000000000 1729 25
0.000000000 1820 26
0.000000000 1911 27
0.000000000 2002 28
0.000000000 2093 29
0.000000000 2184 30
0.000000000 2275 31
0.000000000 2366 32
0.000000000 2457 33
0.000000000 2548 34
0.000000000 2639 35
0.000000000 2730 36
0.000000000 2821 37
0.000000000 2912 38
0.000000000 3003 39
0.000000000 3094 40
0.000000000 3185 1
0.000000000 3276 2
0.000000000 3367 3
0.000000000 3458 4
0.000000000 3549 5
0.000000000 3640 6
0.000000000 3731 7
0.000000000 3822 8
0.000000000 3913 9
0.000000000 4004 10
0.000000000 4095 11
0.000000000 90 12
0.000000000 181 13
0.000000000 272 14
0.000000000 363 15
0.000000000 454 16
0.000000000 545 17
0.000000000 636 18
0.000000000 727 19
0.000000000 818 20
0.000000000 909 21
0.000000000 1000 22
0.000000000 1091 23
0.000000000 1182 24
0.000000000 1273 25
0.000000000 1364 26
0.000000000 1455 27
0.000000000 1546 28
0.000000000 1637 29
0.000000000 1728 30
0.000000000 1819 31
0.000000000 1910 32
0.000000000 2001 33
0.000000000 2092 34
0.000000000 2183 35
0.000000000 2274 36
0.000000000 2365 37
0.000000000 2456 38
0.000000000 2547 39
0.000000000 2638 40
0.000000000 2729 1
0.000000000 2820 2
0.000000000 2911 3
0.000000000 3002 4
0.000000000 3093 5
0.000000000 3184 6
0.000000000 3275 7
0.000000000 3366 8
0.000000000 3457 9
0.000000000 3548 10
0.000000000 3639 11
0.000000000 3730 12
0.000000000 3821 13
0.000000000 3912 14
0.000000000 4003 15
0.000000000 4094 16
0.000000000 89 17
0.000000000 180 18
0.000000000 271 19
0.000000000 362 20
0.000000000 453 21
0.000000000 544 22
0.000000000 635 23
0.000000000 726 24
0.000000000 817 25
0.000000000 908 26
0.000000000 999 27
0.000000000 1090 28
0.000000000 1181 29
0.000000000 1272 30
