6 8.000000000 2.000000000 2.000000000 20000.000000000 1
1000.000000000 1000.000000000 1.000000000 0.000000000 0.000000000 0.500000000 0.500000000
2
1 1.000000000 1.000000000 1.000000000 1.000000000 1.000000000 1.000000000
4096 1.000000000 1.000000000 1.000000000 1.000000000 1.000000000 1.000000000
200
0.000000000 4096 8
0.000000000 4096 8
0.000000000 4096 8
0.000000000 4096 8
0.000000000 4096 8
0.000000000 4096 8
0.000000000 4096 8
0.000000000 4096 8
0.000000000 4096 8
0.000000000 4096 8
0.000000000 4096 8
0.000000000 4096 8
0.000000000 4096 8
0.000000000 4096 8
0.000000000 4096 8
0.000000000 4096 8
0.000000000 4096 8
0.000000000 4096 8
0.000000000 4096 8
0.000000000 4096 8
0.000000000 4096 8
0.000000000 4096 8
0.000000000 4096 8
0.000000000 4096 8
0.000000000 4096 8
0.000000000 4096 8
0.000000000 4096 8
0.000000000 4096 8
0.000000000 4096 8
0.000000000 4096 8
0.000000000 4096 8
0.000000000 4096 8
0.000000000 4096 8
0.000000000 4096 8
0.000000000 4096 8
0.000000000 4096 8
0.000000000 4096 8
0.000000000 4096 8
0.000000000 4096 8
0.000000000 4096 8
0.000000000 4096 8
0.000000000 4096 8
0.000000000 4096 8
0.000000000 4096 8
0.000000000 4096 8
0.000000000 4096 8
0.000000000 4096 8
0.000000000 4096 8
0.000000000 4096 8
0.000000000 4096 8
0.000000000 4096 8
0.000000000 4096 8
0.000000000 4096 8
0.000000000 4096 8
0.000000000 4096 8
0.000000000 4096 8
0.000000000 4096 8
0.000000000 4096 8
0.000000000 4096 8
0.000000000 4096 8
0.000000000 4096 8
0.000000000 4096 8
0.000000000 4096 8
0.000000000 4096 8
0.000000000 4096 8
0.000000000 4096 8
0.000000000 4096 8
0.000000000 4096 8
0.000000000 4096 8
0.000000000 4096 8
0.000000000 4096 8
0.000000000 4096 8
0.000000000 4096 8
0.000000000 4096 8
0.000000000 4096 8
0.000000000 4096 8
0.000000000 4096 8
0.000000000 4096 8
0.000000000 4096 8
0.000000000 4096 8
0.000000000 4096 8
0.000000000 4096 8
0.000000000 4096 8
0.000000000 4096 8
0.000000000 4096 8
0.000000000 4096 8
0.000000000 4096 8
0.000000000 4096 8
0.000000000 4096 8
0.000000000 4096 8
0.000000000 4096 8
0.000000000 4096 8
0.000000000 4096 8
0.000000000 4096 8
0.000000000 4096 8
0.000000000 4096 8
0.000000000 4096 8
0.000000000 4096 8
0.000000000 4096 8
0.000000000 4096 8
0.000000000 4096 8
0.000000000 4096 8
0.000000000 4096 8
0.000000000 4096 8
0.000000000 4096 8
0.000000000 4096 8
0.000000000 4096 8
0.000000000 4096 8
0.000000000 4096 8
0.000000000 4096 8
0.000000000 4096 8
0.000000000 4096 8
0.000000000 4096 8
0.000000000 4096 8
0.000000000 4096 8
0.000000000 4096 8
0.000000000 4096 8
0.000000000 4096 8
0.000000000 4096 8
0.000000000 4096 8
0.000000000 4096 8
0.000000000 4096 8
0.000000000 4096 8
0.000000000 4096 8
0.000000000 4096 8
0.000000000 4096 8
0.000000000 4096 8
0.000000000 4096 8
0.000000000 4096 8
0.000000000 4096 8
0.000000000 4096 8
0.000000000 4096 8
0.000000000 4096 8
0.000000000 4096 8
0.000000000 4096 8
0.000000000 4096 8
0.000000000 4096 8
0.000000000 4096 8
0.000000000 4096 8
0.000000000 4096 8
0.000000000 4096 8
0.000000000 4096 8
0.000000000 4096 8
0.000000000 4096 8
0.000000000 4096 8
0.000000000 4096 8
0.000000000 4096 8
0.000000000 4096 8
0.000000000 4096 8
0.000000000 4096 8
0.000000000 4096 8
0.000000000 4096 8
0.000000000 4096 8
0.000000000 4096 8
0.000000000 4096 8
0.000000000 4096 8
0.000000000 4096 8
0.000000000 4096 8
0.000000000 4096 8
0.000000000 4096 8
0.000000000 4096 8
0.000000000 4096 8
0.000000000 4096 8
0.000000000 4096 8
0.000000000 4096 8
0.000000000 4096 8
0.000000000 4096 8
0.000000000 4096 8
0.000000000 4096 8
0.000000000 4096 8
0.000000000 4096 8
0.000000000 4096 8
0.000000000 4096 8
0.000000000 4096 8
0.000000000 4096 8
0.000000000 4096 8
0.000000000 4096 8
0.000000000 4096 8
0.000000000 4096 8
0.000000000 4096 8
0.000000000 4096 8
0.000000000 4096 8
0.000000000 4096 8
0.000000000 4096 8
0.000000000 4096 8
0.000000000 4096 8
0.000000000 4096 8
0.000000000 4096 8
0.000000000 4096 8
0.000000000 4096 8
0.000000000 4096 8
0.000000000 4096 8
0.000000000 4096 8
0.000000000 4096 8
0.000000000 4096 8
0.000000000 4096 8
0.000000000 4096 8
0.000000000 4096 8
0.000000000 4096 8
0.000000000 4096 8
