1 1.000000000 7.000000000 1.000000000 1000000.000000000 9
1000.000000000 1000.000000000 1.000000000 0.000000000 0.000000000 1.000000000 0.000000000
2
1 1.000000000 1.000000000 1.000000000 1.000000000 1.000000000 1.000000000
4096 1.000000000 1.000000000 1.000000000 1.000000000 1.000000000 1.000000000
97
730506.170213236 1 512
0.000000000 4096 1
0.000000000 1 63
512509.757233839 2227 48
0.000000000 3263 512
868244.560610752 1 512
0.000000000 4096 512
0.000000000 3258 512
420790.121543284 4096 512
0.000000000 1 31
20017.827013646 2907 28
120655.831970663 4096 43
502521.061493889 4096 1
0.000000000 4096 42
967204.517845579 1967 1
277674.104549616 1 18
0.000000000 4096 512
0.000000000 4096 1
71651.922153993 4096 18
0.000000000 4096 512
998015.725241530 1 1
0.000000000 4096 11
873001.320459303 3514 1
0.000000000 1 45
0.000000000 1624 1
0.000000000 1 42
0.000000000 2926 512
218277.733851771 3092 512
0.000000000 4096 1
0.000000000 4096 512
787999.507031811 4096 58
469816.180009876 1 1
557796.410708772 486 512
532332.855204892 1476 1
0.000000000 4096 49
0.000000000 207 512
0.000000000 4096 512
0.000000000 4096 512
617621.701679415 3439 1
110199.952650721 4096 1
686146.779952120 758 34
0.000000000 4096 43
0.000000000 1555 23
0.000000000 4096 1
0.000000000 1 42
992672.543779906 430 12
335017.042414359 4096 512
0.000000000 4096 1
138041.594059986 1 1
723795.847152537 4096 1
154579.213864092 4096 512
0.000000000 883 512
56903.340183512 1 28
65227.124431147 462 1
49314.573606656 1 5
203799.239802640 2797 512
0.000000000 3455 1
0.000000000 4096 512
750618.308274050 3363 512
0.000000000 1 9
0.000000000 4096 16
0.000000000 1 46
706026.275028363 1 1
0.000000000 4096 1
0.000000000 4096 1
385577.700200526 4096 19
254695.142319331 960 29
0.000000000 1 512
0.000000000 1266 512
0.000000000 4096 512
962549.692206412 1 1
566499.025043117 117 1
741752.255125779 1 1
24819.053681886 4096 21
821557.610816809 1 1
0.000000000 4096 1
436754.408722561 1 33
0.000000000 4096 1
442117.823239903 4096 44
536939.131833539 4096 1
0.000000000 1 57
571138.901735177 4096 512
641983.872380635 2841 63
82064.488492371 4096 13
0.000000000 4096 512
730043.474314852 2741 512
798091.182488107 4096 512
165548.287627930 1 28
941719.304477249 2080 1
0.000000000 2091 1
0.000000000 1550 512
419998.452904197 4096 512
0.000000000 2315 1
741600.328386968 3661 1
25440.539354454 1 512
784040.108304830 1428 1
691080.260271527 1745 1
