1 10.000000000 0.001000000 100.000000000 1000000.000000000 1
1000.000000000 1000.000000000 1.000000000 0.000000000 0.000000000 0.500000000 0.500000000
2
1 1.000000000 1.000000000 1.000000000 1.000000000 1.000000000 1.000000000
4096 1.000000000 1.000000000 1.000000000 1.000000000 1.000000000 1.000000000
90
0.000000000 2393 512
0.000000000 1 1
0.000000000 4096 512
0.000000000 4096 60
316257.892346351 4096 512
0.000000000 4096 1
540608.203473963 2480 55
0.000000000 126 512
654292.453287489 4096 47
0.000000000 1 21
0.000000000 1 1
570121.870914652 1 61
0.000000000 1658 512
878844.601918042 2596 512
516320.162229672 3042 512
0.000000000 1 1
503232.486635187 211 1
0.000000000 4096 48
350476.572350945 4096 512
136928.663543062 407 1
844766.466493068 2767 34
266907.688580149 1 1
170390.932802264 4096 26
0.000000000 1 512
814994.987004579 4096 1
816083.226405535 4096 512
1903.763369551 1 39
947512.323870805 2217 512
0.000000000 1 59
0.000000000 1 4
190822.742989970 1 512
0.000000000 981 44
0.000000000 592 512
0.000000000 4096 58
0.000000000 2529 1
115617.094287803 1 44
556697.417316706 1818 51
0.000000000 3165 512
0.000000000 1134 1
0.000000000 1 512
0.000000000 1 1
0.000000000 1 1
364870.926105207 1253 512
978032.143238369 1 1
126896.128820590 4096 1
385723.580765125 2522 58
273351.592953598 3174 512
0.000000000 1393 512
0.000000000 3224 512
0.000000000 1 1
300648.977293553 1 512
0.000000000 982 1
0.000000000 1 59
0.000000000 1 512
552523.186719495 3940 52
0.000000000 4096 1
0.000000000 1 1
0.000000000 1 1
0.000000000 977 51
0.000000000 4096 512
291631.063169394 1 20
0.000000000 1376 512
32440.969786769 1050 512
0.000000000 1 512
0.000000000 1 512
0.000000000 4096 512
173793.277525249 1020 22
477496.533692519 1 512
645227.162027433 2771 33
0.000000000 3330 512
0.000000000 1 37
0.000000000 1 512
0.000000000 4096 1
0.000000000 4096 1
0.000000000 3516 512
104686.398205123 141 32
0.000000000 3075 55
0.000000000 4096 512
0.000000000 1 512
820742.712393625 288 9
0.000000000 1 23
0.000000000 4096 57
0.000000000 1 512
0.000000000 4096 512
540590.741879114 4096 6
120653.129925445 1 43
817844.920988953 1 1
867151.957572324 4096 62
0.000000000 4096 57
0.000000000 1 10
