8 1.000000000 50.000000000 100.000000000 1000000.000000000 9
1000.000000000 1000.000000000 1.000000000 0.000000000 0.000000000 0.500000000 0.500000000
2
1 1.000000000 1.000000000 1.000000000 1.000000000 1.000000000 1.000000000
4096 1.000000000 1.000000000 1.000000000 1.000000000 1.000000000 1.000000000
120
92796.301518858 4096 1
0.000000000 4096 53
394970.121419723 1 512
0.000000000 1 512
878582.643704153 4096 6
0.000000000 2041 1
545911.592507390 2445 512
0.000000000 4096 7
867573.770399614 4096 512
0.000000000 658 11
0.000000000 2004 1
0.000000000 1 1
235945.855478505 1 512
0.000000000 4025 53
0.000000000 4096 512
388218.723292474 1215 1
187589.347163228 2595 1
0.000000000 4096 59
0.000000000 2095 1
297316.157229879 1 512
0.000000000 3631 35
0.000000000 4096 1
534523.922862680 1 1
366272.487512016 3132 62
162209.158924861 4096 512
346302.523702736 4096 1
0.000000000 3256 1
359112.069624093 4096 512
112527.587553185 1139 28
0.000000000 1 1
0.000000000 448 1
0.000000000 1 1
0.000000000 1515 31
227594.133517968 1150 54
773389.267033211 4096 512
52885.830176167 1 6
0.000000000 3583 1
0.000000000 4096 1
0.000000000 1 13
330258.060769113 4096 1
231257.355653256 4096 30
0.000000000 4096 1
217397.472515293 1 50
0.000000000 619 40
451738.812101264 1 4
708187.132106279 1 1
869225.119634002 4096 1
0.000000000 4096 512
179724.791548816 1 21
0.000000000 222 49
899904.305960032 2170 1
608807.181170469 1001 512
284078.710632887 1 27
918566.064440377 4096 1
0.000000000 1 54
0.000000000 1 512
101491.272702455 4096 512
0.000000000 882 512
490916.319199993 1 512
92510.797286655 402 1
0.000000000 168 33
0.000000000 2991 1
0.000000000 4096 1
0.000000000 4096 1
33863.821733376 1 1
0.000000000 4096 1
0.000000000 4096 29
803822.177729632 1 43
0.000000000 1 32
0.000000000 1 42
0.000000000 4096 1
0.000000000 1 30
862479.864494068 2350 53
615838.349228999 4096 512
776408.135257557 1840 1
910668.824788668 1 512
139091.148120354 1 1
367843.661456039 4096 512
576037.234540028 4096 512
0.000000000 4096 1
0.000000000 2799 44
0.000000000 4096 1
867112.069299993 1 56
354001.163640446 1 1
0.000000000 1 46
673431.213520071 4096 512
470930.989076441 4096 512
590724.281300558 2786 1
360040.656055406 4096 8
900165.718799137 3239 63
0.000000000 1 53
0.000000000 4096 42
619277.854546623 3458 1
257201.537480965 4096 1
0.000000000 1 56
845643.317954702 1 4
0.000000000 2325 1
3637.044520277 4096 512
779993.595712654 1 1
0.000000000 501 33
613036.860771558 2637 1
0.000000000 1 1
0.000000000 4096 1
0.000000000 3739 30
417376.286895556 4096 50
0.000000000 3678 1
255991.007466272 3924 40
573540.493391857 2107 19
477850.544476511 1 1
0.000000000 2100 32
0.000000000 4096 47
888116.794122989 645 1
330271.913491399 2533 14
0.000000000 1 52
747934.668270924 4096 1
230864.086913779 3348 512
560295.338520486 1 30
121876.851753990 1 46
146951.603631836 645 45
56757.021035155 1919 27
