8 1.000000000 0.001000000 0.001000000 1.000000000 9
1000.000000000 1000.000000000 1.000000000 0.000000000 0.000000000 0.500000000 0.500000000
4
1 0.500000000 2.000000000 0.500000000 -1.000000000 -1.000000000 -1.000000000
7 -1.000000000 -1.000000000 -1.000000000 0.250000000 3.000000000 0.250000000
4096 2.000000000 900.000000000 2.000000000 -1.000000000 12.000000000 -1.000000000
33 -1.000000000 -1.000000000 -1.000000000 -1.000000000 -1.000000000 0.500000000
119
87790.888735292 4096 512
271129.426428088 4096 1
200353.692100501 426 1
881388.143297557 2075 1
110723.577984078 1 3
712679.615414097 1 512
0.000000000 1 33
0.000000000 1263 512
345336.264140585 3219 512
0.000000000 4096 59
305879.618284748 1561 18
274674.718844400 910 5
0.000000000 3078 6
33200.055548240 1 512
0.000000000 1 512
721331.357586520 3671 1
0.000000000 3588 512
197653.779811927 1 1
32681.949991579 4096 512
58272.256112294 1 60
0.000000000 426 1
0.000000000 1 19
990497.453937565 1 22
717913.326881675 1 512
0.000000000 4096 1
0.000000000 1 1
17265.516488992 1 34
0.000000000 4096 8
0.000000000 4096 512
0.000000000 1213 64
0.000000000 1724 1
44646.646081647 1 1
518998.340167957 495 13
612308.668973617 2699 46
34653.389146519 1 512
0.000000000 4096 1
0.000000000 761 512
0.000000000 1 512
0.000000000 4096 48
0.000000000 4096 47
760484.367874057 4096 1
0.000000000 3916 512
0.000000000 1 19
0.000000000 1 22
0.000000000 4096 1
915697.650894006 1 1
361337.882057907 4096 512
793049.738005787 1 512
0.000000000 1 512
605774.836379575 1 512
956543.787911049 1 512
0.000000000 1 15
0.000000000 1 22
82866.303494514 4096 16
0.000000000 1 6
0.000000000 4096 512
0.000000000 1 48
149669.409828478 57 1
0.000000000 4096 18
0.000000000 4096 512
0.000000000 111 7
885962.212848378 1 37
890212.330512810 1 58
0.000000000 2853 1
920897.644146287 4096 53
0.000000000 1 1
0.000000000 4096 512
823016.804680153 1 1
537543.158251833 4096 512
0.000000000 4096 512
895330.774325620 4096 1
0.000000000 4077 1
0.000000000 4096 1
0.000000000 1449 512
0.000000000 3637 512
449420.167292420 1 38
536425.479252006 2785 512
0.000000000 1 48
0.000000000 2848 26
335152.836309179 4096 1
911237.136020619 2890 512
614243.026136462 3208 17
968296.012016394 1 1
161337.060364490 1 512
379311.249352139 4096 1
0.000000000 210 512
0.000000000 1 45
769082.206008471 4096 34
0.000000000 1 1
634544.453975983 1 1
0.000000000 858 1
241685.579078369 3307 1
315187.628768780 1 1
777799.117041798 1979 512
0.000000000 4096 31
859651.031302465 2864 1
0.000000000 490 40
0.000000000 4096 1
0.000000000 4096 17
914500.852263094 4096 512
649197.380632816 3447 512
0.000000000 4096 55
363865.188681877 3014 41
0.000000000 3240 512
319987.268373597 4096 512
0.000000000 1377 15
623319.702828303 3395 1
0.000000000 4096 28
464917.759537521 4096 1
0.000000000 4096 36
0.000000000 1319 30
184388.985219914 4096 1
0.000000000 3662 512
0.000000000 1495 1
177150.338629245 3170 1
0.000000000 1 7
0.000000000 1 56
0.000000000 2749 1
0.000000000 1418 512
