1 1.000000000 7.000000000 1.000000000 4096.000000000 64
1000.000000000 1000.000000000 1.000000000 0.000000000 0.000000000 0.000000000 1.000000000
4
4096 3.000000000 500.000000000 3.000000000 2.000000000 40.000000000 2.000000000
7 1.000000000 5.000000000 1.000000000 0.500000000 10.000000000 0.500000000
933 2.000000000 200.000000000 2.000000000 1.500000000 30.000000000 1.500000000
1 0.500000000 2.000000000 0.500000000 0.250000000 8.000000000 0.250000000
63
803128.493106800 2166 6
971873.693753966 1 20
404854.997449371 4096 1
0.000000000 4096 1
0.000000000 4096 40
0.000000000 191 58
586126.140232967 3615 1
0.000000000 1 1
19992.876270455 3564 512
987510.973326798 1 512
0.000000000 4096 5
552206.148077175 1 1
0.000000000 4096 1
0.000000000 1030 512
0.000000000 1 36
796339.168277524 4096 512
0.000000000 4096 512
0.000000000 378 1
403896.756781834 491 1
0.000000000 4096 38
0.000000000 2333 512
951321.975503628 1 1
0.000000000 1 512
756521.210264429 3005 45
86725.119473663 3058 17
618529.852158562 1 28
307404.116650489 1 512
192311.755651353 4096 1
0.000000000 1602 4
0.000000000 1 13
0.000000000 4096 1
928756.739841114 4096 4
0.000000000 1 512
65334.437784852 1 512
0.000000000 4096 512
0.000000000 4096 512
0.000000000 1 1
0.000000000 118 1
0.000000000 2552 64
853959.418150347 1 512
506517.383412929 1 14
674550.374885011 1 512
987373.347171442 1 40
516462.544514300 246 38
0.000000000 1 45
114558.409895881 486 512
835909.880772096 1 1
0.000000000 1 6
0.000000000 4096 512
0.000000000 3407 17
956806.939203051 4096 512
0.000000000 4096 62
16426.471008473 3162 5
0.000000000 1 1
0.000000000 3012 1
0.000000000 1688 42
950701.839914244 4096 32
0.000000000 1 1
0.000000000 1532 512
0.000000000 4096 64
381755.689665491 1 512
0.000000000 1 512
0.000000000 4096 1
