1 5.500000000 0.001000000 1.000000000 4096.000000000 1
1000.000000000 1000.000000000 1.000000000 0.000000000 0.000000000 0.500000000 0.500000000
4
4096 3.000000000 500.000000000 3.000000000 2.000000000 40.000000000 2.000000000
7 1.000000000 5.000000000 1.000000000 0.500000000 10.000000000 0.500000000
933 2.000000000 200.000000000 2.000000000 1.500000000 30.000000000 1.500000000
1 0.500000000 2.000000000 0.500000000 0.250000000 8.000000000 0.250000000
13
713914.424814204 2038 27
212665.128950952 1 27
79738.484333621 1 25
952318.333515041 943 512
0.000000000 1 1
0.000000000 1 1
0.000000000 4096 512
0.000000000 4096 53
738733.963522282 4096 1
0.000000000 4045 10
0.000000000 1 49
504827.108837484 3148 512
0.000000000 1 41
