8 1.000000000 50.000000000 0.001000000 1000000.000000000 1
1000.000000000 1000.000000000 1.000000000 0.000000000 0.000000000 0.500000000 0.500000000
2
1 1.000000000 1.000000000 1.000000000 1.000000000 1.000000000 1.000000000
4096 1.000000000 1.000000000 1.000000000 1.000000000 1.000000000 1.000000000
40
0.000000000 1 2
0.000000000 1 2
0.000000000 1 2
0.000000000 1 2
0.000000000 1 2
0.000000000 1 2
0.000000000 1 2
0.000000000 1 2
0.000000000 1 2
0.000000000 1 2
0.000000000 1 2
0.000000000 1 2
0.000000000 1 2
0.000000000 1 2
0.000000000 1 2
0.000000000 1 2
0.000000000 1 2
0.000000000 1 2
0.000000000 1 2
0.000000000 1 2
0.000000000 1 2
0.000000000 1 2
0.000000000 1 2
0.000000000 1 2
0.000000000 1 2
0.000000000 1 2
0.000000000 1 2
0.000000000 1 2
0.000000000 1 2
0.000000000 1 2
0.000000000 1 2
0.000000000 1 2
0.000000000 1 2
0.000000000 1 2
0.000000000 1 2
0.000000000 1 2
0.000000000 1 2
0.000000000 1 2
0.000000000 1 2
0.000000000 1 2
