3 4.000000000 5.000000000 1.000000000 1000.000000000 4
1000.000000000 1000.000000000 1.000000000 0.000000000 0.000000000 0.500000000 0.500000000
2
1 1.000000000 1.000000000 1.000000000 1.000000000 1.000000000 1.000000000
4096 1.000000000 1.000000000 1.000000000 1.000000000 1.000000000 1.000000000
20
0.000000000 1 1
50000000.000000000 38 2
100000000.000000000 75 3
150000000.000000000 112 4
200000000.000000000 149 5
250000000.000000000 186 6
300000000.000000000 223 7
350000000.000000000 260 8
400000000.000000000 297 9
450000000.000000000 334 1
500000000.000000000 371 2
550000000.000000000 408 3
600000000.000000000 445 4
650000000.000000000 482 5
700000000.000000000 519 6
750000000.000000000 556 7
800000000.000000000 593 8
850000000.000000000 630 9
900000000.000000000 667 1
950000000.000000000 704 2
