5 6.000000000 3.000000000 0.500000000 40000.000000000 12
1000.000000000 1000.000000000 1.000000000 0.000000000 0.000000000 0.500000000 0.500000000
4
4096 3.000000000 500.000000000 3.000000000 2.000000000 40.000000000 2.000000000
7 1.000000000 5.000000000 1.000000000 0.500000000 10.000000000 0.500000000
933 2.000000000 200.000000000 2.000000000 1.500000000 30.000000000 1.500000000
1 0.500000000 2.000000000 0.500000000 0.250000000 8.000000000 0.250000000
180
0.000000000 1 1
0.000000000 272 2
0.000000000 543 3
0.000000000 814 4
0.000000000 1085 5
0.000000000 1356 6
0.000000000 1627 7
0.000000000 1898 8
0.000000000 2169 9
0.000000000 2440 10
0.000000000 2711 11
0.000000000 2982 12
0.000000000 3253 13
0.000000000 3524 14
0.000000000 3795 15
0.000000000 4066 16
0.000000000 241 17
0.000000000 512 18
0.000000000 783 19
0.000000000 1054 20
0.000000000 1325 21
0.000000000 1596 22
0.000000000 1867 23
0.000000000 2138 24
0.000000000 2409 25
0.000000000 2680 1
0.000000000 2951 2
0.000000000 3222 3
0.000000000 3493 4
0.000000000 3764 5
0.000000000 4035 6
0.000000000 210 7
0.000000000 481 8
0.000000000 752 9
0.000000000 1023 10
0.000000000 1294 11
0.000000000 1565 12
0.000000000 1836 13
0.000000000 2107 14
0.000000000 2378 15
0.000000000 2649 16
0.000000000 2920 17
0.000000000 3191 18
0.000000000 3462 19
0.000000000 3733 20
0.000000000 4004 21
0.000000000 179 22
0.000000000 450 23
0.000000000 721 24
0.000000000 992 25
0.000000000 1263 1
0.000000000 1534 2
0.000000000 1805 3
0.000000000 2076 4
0.000000000 2347 5
0.000000000 2618 6
0.000000000 2889 7
0.000000000 3160 8
0.000000000 3431 9
0.000000000 3702 10
0.000000000 3973 11
0.000000000 148 12
0.000000000 419 13
0.000000000 690 14
0.000000000 961 15
0.000000000 1232 16
0.000000000 1503 17
0.000000000 1774 18
0.000000000 2045 19
0.000000000 2316 20
0.000000000 2587 21
0.000000000 2858 22
0.000000000 3129 23
0.000000000 3400 24
0.000000000 3671 25
0.000000000 3942 1
0.000000000 117 2
0.000000000 388 3
0.000000000 659 4
0.000000000 930 5
0.000000000 1201 6
0.000000000 1472 7
0.000000000 1743 8
0.000000000 2014 9
0.000000000 2285 10
0.000000000 2556 11
0.000000000 2827 12
0.000000000 3098 13
0.000000000 3369 14
0.000000000 3640 15
0.000000000 3911 16
0.000000000 86 17
0.000000000 357 18
0.000000000 628 19
0.000000000 899 20
0.000000000 1170 21
0.000000000 1441 22
0.000000000 1712 23
0.000000000 1983 24
0.000000000 2254 25
0.000000000 2525 1
0.000000000 2796 2
0.000000000 3067 3
0.000000000 3338 4
0.000000000 3609 5
0.000000000 3880 6
0.000000000 55 7
0.000000000 326 8
0.000000000 597 9
0.000000000 868 10
0.000000000 1139 11
0.000000000 1410 12
0.000000000 1681 13
0.000000000 1952 14
0.000000000 2223 15
0.000000000 2494 16
0.000000000 2765 17
0.000000000 3036 18
0.000000000 3307 19
0.000000000 3578 20
0.000000000 3849 21
0.000000000 24 22
0.000000000 295 23
0.000000000 566 24
0.000000000 837 25
0.000000000 1108 1
0.000000000 1379 2
0.000000000 1650 3
0.000000000 1921 4
0.000000000 2192 5
0.000000000 2463 6
0.000000000 2734 7
0.000000000 3005 8
0.000000000 3276 9
0.000000000 3547 10
0.000000000 3818 11
0.000000000 4089 12
0.000000000 264 13
0.000000000 535 14
0.000000000 806 15
0.000000000 1077 16
0.000000000 1348 17
0.000000000 1619 18
0.000000000 1890 19
0.000000000 2161 20
0.000000000 2432 21
0.000000000 2703 22
0.000000000 2974 23
0.000000000 3245 24
0.000000000 3516 25
0.000000000 3787 1
0.000000000 4058 2
0.000000000 233 3
0.000000000 504 4
0.000000000 775 5
0.000000000 1046 6
0.000000000 1317 7
0.000000000 1588 8
0.000000000 1859 9
0.000000000 2130 10
0.000000000 2401 11
0.000000000 2672 12
0.000000000 2943 13
0.000000000 3214 14
0.000000000 3485 15
0.000000000 3756 16
0.000000000 4027 17
0.000000000 202 18
0.000000000 473 19
0.000000000 744 20
0.000000000 1015 21
0.000000000 1286 22
0.000000000 1557 23
0.000000000 1828 24
0.000000000 2099 25
0.000000000 2370 1
0.000000000 2641 2
0.000000000 2912 3
0.000000000 3183 4
0.000000000 3454 5
