4 3.000000000 1.000000000 4.000000000 3000.000000000 8
1000.000000000 1000.000000000 1.000000000 0.000000000 0.000000000 0.000000000 1.000000000
2
1 1.000000000 1.000000000 1.000000000 1.000000000 1.000000000 1.000000000
4096 1.000000000 1.000000000 1.000000000 1.000000000 1.000000000 1.000000000
200
0.000000000 1 1
0.000000000 2 2
0.000000000 3 3
0.000000000 4 4
0.000000000 5 5
0.000000000 6 6
0.000000000 7 7
0.000000000 8 8
0.000000000 9 9
0.000000000 10 10
0.000000000 11 11
0.000000000 12 12
0.000000000 13 13
0.000000000 14 14
0.000000000 15 15
0.000000000 16 16
0.000000000 17 17
0.000000000 18 18
0.000000000 19 19
0.000000000 20 20
0.000000000 21 21
0.000000000 22 22
0.000000000 23 23
0.000000000 24 24
0.000000000 25 25
0.000000000 26 26
0.000000000 27 27
0.000000000 28 28
0.000000000 29 29
0.000000000 30 30
0.000000000 31 1
0.000000000 32 2
0.000000000 33 3
0.000000000 34 4
0.000000000 35 5
0.000000000 36 6
0.000000000 37 7
0.000000000 38 8
0.000000000 39 9
0.000000000 40 10
0.000000000 41 11
0.000000000 42 12
0.000000000 43 13
0.000000000 44 14
0.000000000 45 15
0.000000000 46 16
0.000000000 47 17
0.000000000 48 18
0.000000000 49 19
0.000000000 50 20
0.000000000 51 21
0.000000000 52 22
0.000000000 53 23
0.000000000 54 24
0.000000000 55 25
0.000000000 56 26
0.000000000 57 27
0.000000000 58 28
0.000000000 59 29
0.000000000 60 30
0.000000000 61 1
0.000000000 62 2
0.000000000 63 3
0.000000000 64 4
0.000000000 65 5
0.000000000 66 6
0.000000000 67 7
0.000000000 68 8
0.000000000 69 9
0.000000000 70 10
0.000000000 71 11
0.000000000 72 12
0.000000000 73 13
0.000000000 74 14
0.000000000 75 15
0.000000000 76 16
0.000000000 77 17
0.000000000 78 18
0.000000000 79 19
0.000000000 80 20
0.000000000 81 21
0.000000000 82 22
0.000000000 83 23
0.000000000 84 24
0.000000000 85 25
0.000000000 86 26
0.000000000 87 27
0.000000000 88 28
0.000000000 89 29
0.000000000 90 30
0.000000000 91 1
0.000000000 92 2
0.000000000 93 3
0.000000000 94 4
0.000000000 95 5
0.000000000 96 6
0.000000000 97 7
0.000000000 98 8
0.000000000 99 9
0.000000000 100 10
0.000000000 101 11
0.000000000 102 12
0.000000000 103 13
0.000000000 104 14
0.000000000 105 15
0.000000000 106 16
0.000000000 107 17
0.000000000 108 18
0.000000000 109 19
0.000000000 110 20
0.000000000 111 21
0.000000000 112 22
0.000000000 113 23
0.000000000 114 24
0.000000000 115 25
0.000000000 116 26
0.000000000 117 27
0.000000000 118 28
0.000000000 119 29
0.000000000 120 30
0.000000000 121 1
0.000000000 122 2
0.000000000 123 3
0.000000000 124 4
0.000000000 125 5
0.000000000 126 6
0.000000000 127 7
0.000000000 128 8
0.000000000 129 9
0.000000000 130 10
0.000000000 131 11
0.000000000 132 12
0.000000000 133 13
0.000000000 134 14
0.000000000 135 15
0.000000000 136 16
0.000000000 137 17
0.000000000 138 18
0.000000000 139 19
0.000000000 140 20
0.000000000 141 21
0.000000000 142 22
0.000000000 143 23
0.000000000 144 24
0.000000000 145 25
0.000000000 146 26
0.000000000 147 27
0.000000000 148 28
0.000000000 149 29
0.000000000 150 30
0.000000000 151 1
0.000000000 152 2
0.000000000 153 3
0.000000000 154 4
0.000000000 155 5
0.000000000 156 6
0.000000000 157 7
0.000000000 158 8
0.000000000 159 9
0.000000000 160 10
0.000000000 161 11
0.000000000 162 12
0.000000000 163 13
0.000000000 164 14
0.000000000 165 15
0.000000000 166 16
0.000000000 167 17
0.000000000 168 18
0.000000000 169 19
0.000000000 170 20
0.000000000 171 21
0.000000000 172 22
0.000000000 173 23
0.000000000 174 24
0.000000000 175 25
0.000000000 176 26
0.000000000 177 27
0.000000000 178 28
0.000000000 179 29
0.000000000 180 30
0.000000000 181 1
0.000000000 182 2
0.000000000 183 3
0.000000000 184 4
0.000000000 185 5
0.000000000 186 6
0.000000000 187 7
0.000000000 188 8
0.000000000 189 9
0.000000000 190 10
0.000000000 191 11
0.000000000 192 12
0.000000000 193 13
0.000000000 194 14
0.000000000 195 15
0.000000000 196 16
0.000000000 197 17
0.000000000 198 18
0.000000000 199 19
0.000000000 200 20
